SQ:USDSEK,2020-07-29T00:00:00+02:00,8.75774,8.77335,8.75774,8.76969,103
SQ:USDSEK,2020-07-29T00:01:00+02:00,8.76997,8.77183,8.76967,8.77174,31
SQ:USDSEK,2020-07-29T00:02:00+02:00,8.77165,8.77170,8.77117,8.77136,13
SQ:USDSEK,2020-07-29T00:03:00+02:00,8.77126,8.77210,8.77083,8.77111,18
SQ:USDSEK,2020-07-29T00:04:00+02:00,8.77119,8.77148,8.77085,8.77134,10
SQ:USDSEK,2020-07-29T00:05:00+02:00,8.77134,8.77164,8.77091,8.77095,14
SQ:USDSEK,2020-07-29T00:06:00+02:00,8.77087,8.77093,8.77042,8.77042,12
SQ:USDSEK,2020-07-29T00:07:00+02:00,8.77068,8.77078,8.77027,8.77077,17
SQ:USDSEK,2020-07-29T00:08:00+02:00,8.77069,8.77111,8.77041,8.77079,16
SQ:USDSEK,2020-07-29T00:09:00+02:00,8.77094,8.77105,8.77069,8.77075,11
SQ:USDSEK,2020-07-29T00:10:00+02:00,8.77075,8.77093,8.77013,8.77037,19
SQ:USDSEK,2020-07-29T00:11:00+02:00,8.77028,8.77058,8.77025,8.77058,7
SQ:USDSEK,2020-07-29T00:12:00+02:00,8.77054,8.77067,8.77031,8.77067,13
SQ:USDSEK,2020-07-29T00:13:00+02:00,8.77053,8.77062,8.77035,8.77050,9
SQ:USDSEK,2020-07-29T00:14:00+02:00,8.77042,8.77084,8.77042,8.77060,8
SQ:USDSEK,2020-07-29T00:15:00+02:00,8.77053,8.77116,8.77053,8.77059,13
SQ:USDSEK,2020-07-29T00:16:00+02:00,8.77059,8.77076,8.77052,8.77056,8
SQ:USDSEK,2020-07-29T00:17:00+02:00,8.77064,8.77157,8.77046,8.77067,12
SQ:USDSEK,2020-07-29T00:18:00+02:00,8.77071,8.77071,8.77040,8.77062,12
SQ:USDSEK,2020-07-29T00:19:00+02:00,8.77077,8.77077,8.77019,8.77031,14
SQ:USDSEK,2020-07-29T00:20:00+02:00,8.77038,8.77124,8.77031,8.77124,7
SQ:USDSEK,2020-07-29T00:21:00+02:00,8.77124,8.77128,8.77075,8.77128,3
SQ:USDSEK,2020-07-29T00:22:00+02:00,8.77128,8.77128,8.77128,8.77128,1
SQ:USDSEK,2020-07-29T00:23:00+02:00,8.77128,8.77128,8.77128,8.77128,1
SQ:USDSEK,2020-07-29T00:24:00+02:00,8.77128,8.77204,8.77094,8.77094,5
SQ:USDSEK,2020-07-29T00:25:00+02:00,8.77094,8.77112,8.77094,8.77112,2
SQ:USDSEK,2020-07-29T00:26:00+02:00,8.77112,8.77169,8.77112,8.77139,5
SQ:USDSEK,2020-07-29T00:27:00+02:00,8.77139,8.77195,8.77139,8.77195,5
SQ:USDSEK,2020-07-29T00:28:00+02:00,8.77196,8.77393,8.77196,8.77393,7
SQ:USDSEK,2020-07-29T00:29:00+02:00,8.77438,8.77480,8.77385,8.77469,5
SQ:USDSEK,2020-07-29T00:30:00+02:00,8.77413,8.77413,8.77413,8.77413,1
SQ:USDSEK,2020-07-29T00:31:00+02:00,8.77431,8.77491,8.77431,8.77491,2
SQ:USDSEK,2020-07-29T00:33:00+02:00,8.77326,8.77442,8.77326,8.77335,5
SQ:USDSEK,2020-07-29T00:34:00+02:00,8.77335,8.77344,8.77280,8.77280,5
SQ:USDSEK,2020-07-29T00:35:00+02:00,8.77280,8.77280,8.77280,8.77280,1
SQ:USDSEK,2020-07-29T00:36:00+02:00,8.77280,8.77280,8.77280,8.77280,1
SQ:USDSEK,2020-07-29T00:37:00+02:00,8.77280,8.77280,8.77248,8.77248,2
SQ:USDSEK,2020-07-29T00:38:00+02:00,8.77248,8.77456,8.77210,8.77210,7
SQ:USDSEK,2020-07-29T00:39:00+02:00,8.77250,8.77250,8.77250,8.77250,1
SQ:USDSEK,2020-07-29T00:40:00+02:00,8.77312,8.77392,8.77312,8.77392,3
SQ:USDSEK,2020-07-29T00:41:00+02:00,8.77444,8.77444,8.77402,8.77402,2
SQ:USDSEK,2020-07-29T00:42:00+02:00,8.77459,8.77480,8.77459,8.77480,2
SQ:USDSEK,2020-07-29T00:43:00+02:00,8.77444,8.77444,8.77444,8.77444,1
SQ:USDSEK,2020-07-29T00:45:00+02:00,8.77394,8.77394,8.77341,8.77341,2
SQ:USDSEK,2020-07-29T00:47:00+02:00,8.77387,8.77387,8.77387,8.77387,1
SQ:USDSEK,2020-07-29T00:48:00+02:00,8.77451,8.77506,8.77382,8.77472,7
SQ:USDSEK,2020-07-29T00:50:00+02:00,8.77514,8.77514,8.77478,8.77478,2
SQ:USDSEK,2020-07-29T00:51:00+02:00,8.77438,8.77477,8.77361,8.77398,4
SQ:USDSEK,2020-07-29T00:53:00+02:00,8.77434,8.77434,8.77434,8.77434,1
SQ:USDSEK,2020-07-29T00:54:00+02:00,8.77386,8.77436,8.77182,8.77185,45
SQ:USDSEK,2020-07-29T00:55:00+02:00,8.77182,8.77558,8.77140,8.77527,22
SQ:USDSEK,2020-07-29T00:56:00+02:00,8.77527,8.77546,8.76890,8.76890,25
SQ:USDSEK,2020-07-29T00:57:00+02:00,8.76930,8.77138,8.76930,8.77107,10
SQ:USDSEK,2020-07-29T00:58:00+02:00,8.77107,8.77350,8.77107,8.77350,9
SQ:USDSEK,2020-07-29T00:59:00+02:00,8.77350,8.77350,8.77350,8.77350,1
SQ:USDSEK,2020-07-29T01:00:00+02:00,8.77350,8.77350,8.77324,8.77324,2
SQ:USDSEK,2020-07-29T01:01:00+02:00,8.77324,8.77324,8.77311,8.77311,2
SQ:USDSEK,2020-07-29T01:02:00+02:00,8.77311,8.77349,8.77311,8.77349,2
SQ:USDSEK,2020-07-29T01:03:00+02:00,8.77349,8.77349,8.77349,8.77349,1
SQ:USDSEK,2020-07-29T01:04:00+02:00,8.77349,8.77349,8.77299,8.77345,3
SQ:USDSEK,2020-07-29T01:05:00+02:00,8.77345,8.77345,8.77345,8.77345,1
SQ:USDSEK,2020-07-29T01:06:00+02:00,8.77345,8.77382,8.77345,8.77382,2
SQ:USDSEK,2020-07-29T01:07:00+02:00,8.77382,8.77432,8.77382,8.77432,2
SQ:USDSEK,2020-07-29T01:08:00+02:00,8.77432,8.77432,8.77382,8.77382,2
SQ:USDSEK,2020-07-29T01:09:00+02:00,8.77382,8.77675,8.77382,8.77675,9
SQ:USDSEK,2020-07-29T01:10:00+02:00,8.77675,8.77675,8.77493,8.77493,15
SQ:USDSEK,2020-07-29T01:11:00+02:00,8.77493,8.77493,8.77493,8.77493,1
SQ:USDSEK,2020-07-29T01:12:00+02:00,8.77493,8.77493,8.77493,8.77493,1
SQ:USDSEK,2020-07-29T01:13:00+02:00,8.77493,8.77493,8.77493,8.77493,1
SQ:USDSEK,2020-07-29T01:14:00+02:00,8.77493,8.77501,8.77493,8.77501,2
SQ:USDSEK,2020-07-29T01:15:00+02:00,8.77501,8.77501,8.77457,8.77457,2
SQ:USDSEK,2020-07-29T01:16:00+02:00,8.77457,8.77457,8.77422,8.77422,2
SQ:USDSEK,2020-07-29T01:17:00+02:00,8.77422,8.77422,8.77422,8.77422,1
SQ:USDSEK,2020-07-29T01:18:00+02:00,8.77422,8.77422,8.77374,8.77420,3
SQ:USDSEK,2020-07-29T01:19:00+02:00,8.77420,8.77420,8.77420,8.77420,1
SQ:USDSEK,2020-07-29T01:20:00+02:00,8.77420,8.77528,8.77420,8.77528,3
SQ:USDSEK,2020-07-29T01:21:00+02:00,8.77528,8.77639,8.77528,8.77639,3
SQ:USDSEK,2020-07-29T01:22:00+02:00,8.77639,8.77639,8.77639,8.77639,1
SQ:USDSEK,2020-07-29T01:23:00+02:00,8.77639,8.77639,8.77582,8.77582,3
SQ:USDSEK,2020-07-29T01:24:00+02:00,8.77582,8.77582,8.77582,8.77582,1
SQ:USDSEK,2020-07-29T01:25:00+02:00,8.77582,8.77583,8.77582,8.77583,2
SQ:USDSEK,2020-07-29T01:26:00+02:00,8.77583,8.77599,8.77583,8.77599,2
SQ:USDSEK,2020-07-29T01:27:00+02:00,8.77599,8.77599,8.77559,8.77559,2
SQ:USDSEK,2020-07-29T01:28:00+02:00,8.77559,8.77559,8.77316,8.77336,9
SQ:USDSEK,2020-07-29T01:29:00+02:00,8.77336,8.77367,8.77326,8.77326,3
SQ:USDSEK,2020-07-29T01:30:00+02:00,8.77326,8.77357,8.77266,8.77266,4
SQ:USDSEK,2020-07-29T01:31:00+02:00,8.77266,8.77293,8.77266,8.77293,2
SQ:USDSEK,2020-07-29T01:32:00+02:00,8.77293,8.77293,8.77293,8.77293,1
SQ:USDSEK,2020-07-29T01:33:00+02:00,8.77293,8.77313,8.77252,8.77313,4
SQ:USDSEK,2020-07-29T01:34:00+02:00,8.77313,8.77334,8.77313,8.77334,2
SQ:USDSEK,2020-07-29T01:35:00+02:00,8.77334,8.77338,8.77333,8.77338,3
SQ:USDSEK,2020-07-29T01:36:00+02:00,8.77338,8.77338,8.77294,8.77294,2
SQ:USDSEK,2020-07-29T01:37:00+02:00,8.77294,8.77294,8.77294,8.77294,1
SQ:USDSEK,2020-07-29T01:38:00+02:00,8.77294,8.77332,8.77294,8.77313,3
SQ:USDSEK,2020-07-29T01:39:00+02:00,8.77313,8.77322,8.77313,8.77322,2
SQ:USDSEK,2020-07-29T01:40:00+02:00,8.77322,8.77322,8.77284,8.77284,2
SQ:USDSEK,2020-07-29T01:41:00+02:00,8.77284,8.77349,8.77284,8.77322,4
SQ:USDSEK,2020-07-29T01:42:00+02:00,8.77322,8.77343,8.77322,8.77343,2
SQ:USDSEK,2020-07-29T01:43:00+02:00,8.77343,8.77403,8.77343,8.77403,3
SQ:USDSEK,2020-07-29T01:44:00+02:00,8.77403,8.77403,8.77359,8.77359,2
SQ:USDSEK,2020-07-29T01:45:00+02:00,8.77359,8.77359,8.77303,8.77303,3
SQ:USDSEK,2020-07-29T01:46:00+02:00,8.77328,8.77328,8.77270,8.77322,4
SQ:USDSEK,2020-07-29T01:47:00+02:00,8.77322,8.77481,8.77322,8.77368,8
SQ:USDSEK,2020-07-29T01:48:00+02:00,8.77331,8.77331,8.77331,8.77331,1
SQ:USDSEK,2020-07-29T01:49:00+02:00,8.77331,8.77480,8.77331,8.77477,26
SQ:USDSEK,2020-07-29T01:50:00+02:00,8.77480,8.77573,8.77479,8.77573,11
SQ:USDSEK,2020-07-29T01:51:00+02:00,8.77589,8.77598,8.77483,8.77518,219
SQ:USDSEK,2020-07-29T01:52:00+02:00,8.77521,8.77576,8.77502,8.77560,65
SQ:USDSEK,2020-07-29T01:53:00+02:00,8.77563,8.77577,8.77529,8.77531,50
SQ:USDSEK,2020-07-29T01:54:00+02:00,8.77531,8.77797,8.77497,8.77528,59
SQ:USDSEK,2020-07-29T01:55:00+02:00,8.77528,8.77538,8.77486,8.77488,49
SQ:USDSEK,2020-07-29T01:56:00+02:00,8.77487,8.77498,8.77486,8.77486,71
SQ:USDSEK,2020-07-29T01:57:00+02:00,8.77486,8.77808,8.77486,8.77506,34
SQ:USDSEK,2020-07-29T01:58:00+02:00,8.77506,8.77551,8.77506,8.77530,19
SQ:USDSEK,2020-07-29T01:59:00+02:00,8.77529,8.77566,8.77502,8.77530,32
SQ:USDSEK,2020-07-29T02:00:00+02:00,8.77530,8.77578,8.77275,8.77275,123
SQ:USDSEK,2020-07-29T02:01:00+02:00,8.77275,8.77275,8.77078,8.77139,17
SQ:USDSEK,2020-07-29T02:02:00+02:00,8.77139,8.77214,8.77036,8.77075,14
SQ:USDSEK,2020-07-29T02:03:00+02:00,8.77075,8.77131,8.77029,8.77029,12
SQ:USDSEK,2020-07-29T02:04:00+02:00,8.77029,8.77083,8.76962,8.77021,21
SQ:USDSEK,2020-07-29T02:05:00+02:00,8.77021,8.77586,8.77021,8.77586,45
SQ:USDSEK,2020-07-29T02:06:00+02:00,8.77564,8.77849,8.77513,8.77548,63
SQ:USDSEK,2020-07-29T02:07:00+02:00,8.77548,8.77913,8.77410,8.77410,42
SQ:USDSEK,2020-07-29T02:08:00+02:00,8.77410,8.77553,8.77349,8.77477,117
SQ:USDSEK,2020-07-29T02:09:00+02:00,8.77477,8.77666,8.77338,8.77422,174
SQ:USDSEK,2020-07-29T02:10:00+02:00,8.77421,8.77604,8.77418,8.77600,82
SQ:USDSEK,2020-07-29T02:11:00+02:00,8.77600,8.77736,8.77526,8.77565,53
SQ:USDSEK,2020-07-29T02:12:00+02:00,8.77564,8.77836,8.77469,8.77686,153
SQ:USDSEK,2020-07-29T02:13:00+02:00,8.77693,8.77784,8.77611,8.77681,165
SQ:USDSEK,2020-07-29T02:14:00+02:00,8.77681,8.78020,8.77559,8.77561,36
SQ:USDSEK,2020-07-29T02:15:00+02:00,8.77561,8.77561,8.77362,8.77362,29
SQ:USDSEK,2020-07-29T02:16:00+02:00,8.77362,8.77575,8.77327,8.77434,41
SQ:USDSEK,2020-07-29T02:17:00+02:00,8.77434,8.77434,8.77360,8.77397,7
SQ:USDSEK,2020-07-29T02:18:00+02:00,8.77397,8.77397,8.77273,8.77273,14
SQ:USDSEK,2020-07-29T02:19:00+02:00,8.77273,8.77273,8.77215,8.77215,6
SQ:USDSEK,2020-07-29T02:20:00+02:00,8.77215,8.77215,8.77150,8.77166,84
SQ:USDSEK,2020-07-29T02:21:00+02:00,8.77169,8.77227,8.77147,8.77157,126
SQ:USDSEK,2020-07-29T02:22:00+02:00,8.77160,8.77180,8.77112,8.77112,86
SQ:USDSEK,2020-07-29T02:23:00+02:00,8.77104,8.77156,8.77078,8.77143,108
SQ:USDSEK,2020-07-29T02:24:00+02:00,8.77140,8.77164,8.77136,8.77140,42
SQ:USDSEK,2020-07-29T02:25:00+02:00,8.77139,8.77162,8.77115,8.77132,88
SQ:USDSEK,2020-07-29T02:26:00+02:00,8.77134,8.77210,8.77104,8.77210,136
SQ:USDSEK,2020-07-29T02:27:00+02:00,8.77210,8.77472,8.77195,8.77410,122
SQ:USDSEK,2020-07-29T02:28:00+02:00,8.77410,8.77410,8.77345,8.77345,22
SQ:USDSEK,2020-07-29T02:29:00+02:00,8.77345,8.77350,8.77303,8.77319,27
SQ:USDSEK,2020-07-29T02:30:00+02:00,8.77322,8.77437,8.77292,8.77343,44
SQ:USDSEK,2020-07-29T02:31:00+02:00,8.77321,8.77339,8.77260,8.77338,12
SQ:USDSEK,2020-07-29T02:32:00+02:00,8.77338,8.77394,8.77338,8.77394,7
SQ:USDSEK,2020-07-29T02:33:00+02:00,8.77394,8.77402,8.77349,8.77402,5
SQ:USDSEK,2020-07-29T02:34:00+02:00,8.77402,8.77402,8.77379,8.77379,2
SQ:USDSEK,2020-07-29T02:35:00+02:00,8.77379,8.77404,8.77292,8.77404,31
SQ:USDSEK,2020-07-29T02:36:00+02:00,8.77404,8.77489,8.77389,8.77477,66
SQ:USDSEK,2020-07-29T02:37:00+02:00,8.77480,8.77527,8.77480,8.77503,72
SQ:USDSEK,2020-07-29T02:38:00+02:00,8.77503,8.77529,8.77481,8.77481,6
SQ:USDSEK,2020-07-29T02:39:00+02:00,8.77502,8.77510,8.77485,8.77510,8
SQ:USDSEK,2020-07-29T02:40:00+02:00,8.77510,8.77566,8.77506,8.77519,102
SQ:USDSEK,2020-07-29T02:41:00+02:00,8.77519,8.77536,8.77501,8.77536,8
SQ:USDSEK,2020-07-29T02:42:00+02:00,8.77532,8.77661,8.77532,8.77639,32
SQ:USDSEK,2020-07-29T02:43:00+02:00,8.77639,8.77658,8.77617,8.77648,21
SQ:USDSEK,2020-07-29T02:44:00+02:00,8.77648,8.77792,8.77648,8.77787,9
SQ:USDSEK,2020-07-29T02:45:00+02:00,8.77787,8.77978,8.77787,8.77932,39
SQ:USDSEK,2020-07-29T02:46:00+02:00,8.77932,8.77932,8.77824,8.77864,31
SQ:USDSEK,2020-07-29T02:47:00+02:00,8.77856,8.77895,8.77694,8.77694,20
SQ:USDSEK,2020-07-29T02:48:00+02:00,8.77694,8.77719,8.77601,8.77626,70
SQ:USDSEK,2020-07-29T02:49:00+02:00,8.77626,8.77672,8.77601,8.77632,76
SQ:USDSEK,2020-07-29T02:50:00+02:00,8.77632,8.77678,8.77611,8.77619,44
SQ:USDSEK,2020-07-29T02:51:00+02:00,8.77619,8.77630,8.77602,8.77617,22
SQ:USDSEK,2020-07-29T02:52:00+02:00,8.77611,8.77630,8.77535,8.77607,138
SQ:USDSEK,2020-07-29T02:53:00+02:00,8.77606,8.77606,8.77430,8.77452,121
SQ:USDSEK,2020-07-29T02:54:00+02:00,8.77452,8.77585,8.77432,8.77540,98
SQ:USDSEK,2020-07-29T02:55:00+02:00,8.77540,8.77556,8.77467,8.77490,17
SQ:USDSEK,2020-07-29T02:56:00+02:00,8.77516,8.77562,8.77475,8.77535,17
SQ:USDSEK,2020-07-29T02:57:00+02:00,8.77535,8.77535,8.77483,8.77502,6
SQ:USDSEK,2020-07-29T02:58:00+02:00,8.77502,8.77527,8.77446,8.77456,33
SQ:USDSEK,2020-07-29T02:59:00+02:00,8.77456,8.77465,8.77434,8.77438,41
SQ:USDSEK,2020-07-29T03:00:00+02:00,8.77441,8.77457,8.77362,8.77370,124
SQ:USDSEK,2020-07-29T03:01:00+02:00,8.77368,8.77673,8.77337,8.77673,114
SQ:USDSEK,2020-07-29T03:02:00+02:00,8.77673,8.77695,8.77562,8.77598,99
SQ:USDSEK,2020-07-29T03:03:00+02:00,8.77598,8.77608,8.77535,8.77581,44
SQ:USDSEK,2020-07-29T03:04:00+02:00,8.77563,8.77631,8.77536,8.77536,101
SQ:USDSEK,2020-07-29T03:05:00+02:00,8.77546,8.77575,8.77454,8.77558,64
SQ:USDSEK,2020-07-29T03:06:00+02:00,8.77558,8.77565,8.77519,8.77526,61
SQ:USDSEK,2020-07-29T03:07:00+02:00,8.77525,8.77693,8.77523,8.77670,65
SQ:USDSEK,2020-07-29T03:08:00+02:00,8.77668,8.77690,8.77590,8.77617,37
SQ:USDSEK,2020-07-29T03:09:00+02:00,8.77617,8.77617,8.77453,8.77494,92
SQ:USDSEK,2020-07-29T03:10:00+02:00,8.77498,8.77652,8.77454,8.77565,114
SQ:USDSEK,2020-07-29T03:11:00+02:00,8.77561,8.77561,8.77463,8.77463,24
SQ:USDSEK,2020-07-29T03:12:00+02:00,8.77463,8.77483,8.77345,8.77466,61
SQ:USDSEK,2020-07-29T03:13:00+02:00,8.77466,8.77521,8.77451,8.77516,49
SQ:USDSEK,2020-07-29T03:14:00+02:00,8.77516,8.77516,8.77463,8.77480,28
SQ:USDSEK,2020-07-29T03:15:00+02:00,8.77480,8.77492,8.77380,8.77422,43
SQ:USDSEK,2020-07-29T03:16:00+02:00,8.77422,8.77535,8.77412,8.77535,9
SQ:USDSEK,2020-07-29T03:17:00+02:00,8.77535,8.77714,8.77535,8.77685,14
SQ:USDSEK,2020-07-29T03:18:00+02:00,8.77685,8.77685,8.77559,8.77611,29
SQ:USDSEK,2020-07-29T03:19:00+02:00,8.77611,8.77611,8.77463,8.77571,108
SQ:USDSEK,2020-07-29T03:20:00+02:00,8.77571,8.77747,8.77553,8.77585,102
SQ:USDSEK,2020-07-29T03:21:00+02:00,8.77579,8.77896,8.77452,8.77602,63
SQ:USDSEK,2020-07-29T03:22:00+02:00,8.77602,8.77621,8.77527,8.77563,54
SQ:USDSEK,2020-07-29T03:23:00+02:00,8.77563,8.77563,8.77414,8.77498,32
SQ:USDSEK,2020-07-29T03:24:00+02:00,8.77498,8.77498,8.77364,8.77481,60
SQ:USDSEK,2020-07-29T03:25:00+02:00,8.77481,8.77592,8.77481,8.77592,21
SQ:USDSEK,2020-07-29T03:26:00+02:00,8.77592,8.77735,8.77587,8.77624,34
SQ:USDSEK,2020-07-29T03:27:00+02:00,8.77624,8.77624,8.77446,8.77446,24
SQ:USDSEK,2020-07-29T03:28:00+02:00,8.77446,8.77508,8.77446,8.77478,18
SQ:USDSEK,2020-07-29T03:29:00+02:00,8.77478,8.77508,8.77406,8.77444,24
SQ:USDSEK,2020-07-29T03:30:00+02:00,8.77444,8.77542,8.77387,8.77525,20
SQ:USDSEK,2020-07-29T03:31:00+02:00,8.77525,8.77610,8.77525,8.77595,6
SQ:USDSEK,2020-07-29T03:32:00+02:00,8.77595,8.77979,8.77544,8.77914,27
SQ:USDSEK,2020-07-29T03:33:00+02:00,8.77914,8.78124,8.77908,8.78089,15
SQ:USDSEK,2020-07-29T03:34:00+02:00,8.78089,8.78186,8.78064,8.78186,6
SQ:USDSEK,2020-07-29T03:35:00+02:00,8.78186,8.78210,8.78123,8.78192,11
SQ:USDSEK,2020-07-29T03:36:00+02:00,8.78223,8.78241,8.78124,8.78150,52
SQ:USDSEK,2020-07-29T03:37:00+02:00,8.78144,8.78152,8.77997,8.78037,125
SQ:USDSEK,2020-07-29T03:38:00+02:00,8.78037,8.78075,8.77966,8.77966,18
SQ:USDSEK,2020-07-29T03:39:00+02:00,8.77966,8.78013,8.77937,8.77975,15
SQ:USDSEK,2020-07-29T03:40:00+02:00,8.77975,8.77975,8.77918,8.77945,10
SQ:USDSEK,2020-07-29T03:41:00+02:00,8.77945,8.78015,8.77927,8.77998,17
SQ:USDSEK,2020-07-29T03:42:00+02:00,8.77998,8.78054,8.77998,8.78050,16
SQ:USDSEK,2020-07-29T03:43:00+02:00,8.78050,8.78061,8.78004,8.78033,28
SQ:USDSEK,2020-07-29T03:44:00+02:00,8.78033,8.78033,8.77902,8.77902,29
SQ:USDSEK,2020-07-29T03:45:00+02:00,8.77902,8.77902,8.77754,8.77809,150
SQ:USDSEK,2020-07-29T03:46:00+02:00,8.77813,8.77832,8.77759,8.77778,93
SQ:USDSEK,2020-07-29T03:47:00+02:00,8.77778,8.77815,8.77613,8.77613,105
SQ:USDSEK,2020-07-29T03:48:00+02:00,8.77614,8.77674,8.77586,8.77597,79
SQ:USDSEK,2020-07-29T03:49:00+02:00,8.77608,8.77608,8.77547,8.77561,54
SQ:USDSEK,2020-07-29T03:50:00+02:00,8.77563,8.77589,8.77509,8.77556,132
SQ:USDSEK,2020-07-29T03:51:00+02:00,8.77556,8.77556,8.77508,8.77522,87
SQ:USDSEK,2020-07-29T03:52:00+02:00,8.77530,8.77571,8.77481,8.77485,146
SQ:USDSEK,2020-07-29T03:53:00+02:00,8.77483,8.77589,8.77474,8.77564,113
SQ:USDSEK,2020-07-29T03:54:00+02:00,8.77564,8.77598,8.77490,8.77576,13
SQ:USDSEK,2020-07-29T03:55:00+02:00,8.77554,8.77639,8.77549,8.77594,13
SQ:USDSEK,2020-07-29T03:56:00+02:00,8.77594,8.77594,8.77544,8.77544,5
SQ:USDSEK,2020-07-29T03:57:00+02:00,8.77544,8.77544,8.77502,8.77515,15
SQ:USDSEK,2020-07-29T03:58:00+02:00,8.77515,8.77527,8.77469,8.77518,24
SQ:USDSEK,2020-07-29T03:59:00+02:00,8.77505,8.77515,8.77444,8.77449,43
SQ:USDSEK,2020-07-29T04:00:00+02:00,8.77440,8.77578,8.77401,8.77541,230
SQ:USDSEK,2020-07-29T04:01:00+02:00,8.77541,8.77598,8.77430,8.77477,177
SQ:USDSEK,2020-07-29T04:02:00+02:00,8.77483,8.77509,8.77423,8.77491,189
SQ:USDSEK,2020-07-29T04:03:00+02:00,8.77491,8.77526,8.77474,8.77503,147
SQ:USDSEK,2020-07-29T04:04:00+02:00,8.77503,8.77587,8.77446,8.77580,132
SQ:USDSEK,2020-07-29T04:05:00+02:00,8.77579,8.77605,8.77539,8.77586,113
SQ:USDSEK,2020-07-29T04:06:00+02:00,8.77581,8.77601,8.77534,8.77597,85
SQ:USDSEK,2020-07-29T04:07:00+02:00,8.77594,8.77640,8.77554,8.77591,135
SQ:USDSEK,2020-07-29T04:08:00+02:00,8.77591,8.77733,8.77583,8.77668,123
SQ:USDSEK,2020-07-29T04:09:00+02:00,8.77671,8.77737,8.77671,8.77676,82
SQ:USDSEK,2020-07-29T04:10:00+02:00,8.77676,8.77700,8.77620,8.77634,11
SQ:USDSEK,2020-07-29T04:11:00+02:00,8.77634,8.77676,8.77630,8.77645,13
SQ:USDSEK,2020-07-29T04:12:00+02:00,8.77645,8.77645,8.77569,8.77606,16
SQ:USDSEK,2020-07-29T04:13:00+02:00,8.77606,8.77680,8.77571,8.77647,46
SQ:USDSEK,2020-07-29T04:14:00+02:00,8.77643,8.77665,8.77641,8.77656,14
SQ:USDSEK,2020-07-29T04:15:00+02:00,8.77656,8.77656,8.77599,8.77599,9
SQ:USDSEK,2020-07-29T04:16:00+02:00,8.77599,8.77633,8.77556,8.77556,19
SQ:USDSEK,2020-07-29T04:17:00+02:00,8.77556,8.77607,8.77556,8.77578,42
SQ:USDSEK,2020-07-29T04:18:00+02:00,8.77579,8.77678,8.77576,8.77675,41
SQ:USDSEK,2020-07-29T04:19:00+02:00,8.77675,8.77675,8.77562,8.77562,19
SQ:USDSEK,2020-07-29T04:20:00+02:00,8.77579,8.77602,8.77558,8.77602,8
SQ:USDSEK,2020-07-29T04:21:00+02:00,8.77602,8.77698,8.77494,8.77525,26
SQ:USDSEK,2020-07-29T04:22:00+02:00,8.77525,8.77561,8.77451,8.77517,61
SQ:USDSEK,2020-07-29T04:23:00+02:00,8.77519,8.77582,8.77496,8.77534,76
SQ:USDSEK,2020-07-29T04:24:00+02:00,8.77535,8.77581,8.77535,8.77565,46
SQ:USDSEK,2020-07-29T04:25:00+02:00,8.77565,8.77566,8.77533,8.77544,32
SQ:USDSEK,2020-07-29T04:26:00+02:00,8.77545,8.77620,8.77545,8.77574,62
SQ:USDSEK,2020-07-29T04:27:00+02:00,8.77573,8.77750,8.77560,8.77729,92
SQ:USDSEK,2020-07-29T04:28:00+02:00,8.77733,8.77737,8.77604,8.77605,75
SQ:USDSEK,2020-07-29T04:29:00+02:00,8.77603,8.77607,8.77534,8.77571,26
SQ:USDSEK,2020-07-29T04:30:00+02:00,8.77569,8.77570,8.77496,8.77497,61
SQ:USDSEK,2020-07-29T04:31:00+02:00,8.77498,8.77500,8.77391,8.77429,39
SQ:USDSEK,2020-07-29T04:32:00+02:00,8.77429,8.77478,8.77429,8.77445,67
SQ:USDSEK,2020-07-29T04:33:00+02:00,8.77442,8.77497,8.77434,8.77447,47
SQ:USDSEK,2020-07-29T04:34:00+02:00,8.77449,8.77472,8.77422,8.77423,48
SQ:USDSEK,2020-07-29T04:35:00+02:00,8.77446,8.77456,8.77281,8.77363,106
SQ:USDSEK,2020-07-29T04:36:00+02:00,8.77361,8.77388,8.77220,8.77279,68
SQ:USDSEK,2020-07-29T04:37:00+02:00,8.77255,8.77322,8.77255,8.77316,43
SQ:USDSEK,2020-07-29T04:38:00+02:00,8.77316,8.77403,8.77316,8.77352,23
SQ:USDSEK,2020-07-29T04:39:00+02:00,8.77352,8.77352,8.77264,8.77300,41
SQ:USDSEK,2020-07-29T04:40:00+02:00,8.77316,8.77363,8.77294,8.77310,56
SQ:USDSEK,2020-07-29T04:41:00+02:00,8.77310,8.77532,8.77304,8.77337,103
SQ:USDSEK,2020-07-29T04:42:00+02:00,8.77337,8.77337,8.77117,8.77193,69
SQ:USDSEK,2020-07-29T04:43:00+02:00,8.77192,8.77221,8.77192,8.77209,41
SQ:USDSEK,2020-07-29T04:44:00+02:00,8.77209,8.77244,8.77209,8.77226,19
SQ:USDSEK,2020-07-29T04:45:00+02:00,8.77226,8.77277,8.77142,8.77180,44
SQ:USDSEK,2020-07-29T04:46:00+02:00,8.77180,8.77196,8.77158,8.77174,21
SQ:USDSEK,2020-07-29T04:47:00+02:00,8.77176,8.77203,8.77047,8.77091,92
SQ:USDSEK,2020-07-29T04:48:00+02:00,8.77094,8.77212,8.77081,8.77178,80
SQ:USDSEK,2020-07-29T04:49:00+02:00,8.77172,8.77212,8.77146,8.77166,33
SQ:USDSEK,2020-07-29T04:50:00+02:00,8.77166,8.77235,8.77166,8.77175,13
SQ:USDSEK,2020-07-29T04:51:00+02:00,8.77184,8.77195,8.77175,8.77185,10
SQ:USDSEK,2020-07-29T04:52:00+02:00,8.77185,8.77359,8.77183,8.77359,30
SQ:USDSEK,2020-07-29T04:53:00+02:00,8.77359,8.77388,8.77337,8.77343,17
SQ:USDSEK,2020-07-29T04:54:00+02:00,8.77343,8.77343,8.77213,8.77225,19
SQ:USDSEK,2020-07-29T04:55:00+02:00,8.77225,8.77263,8.77160,8.77260,43
SQ:USDSEK,2020-07-29T04:56:00+02:00,8.77260,8.77415,8.77260,8.77353,34
SQ:USDSEK,2020-07-29T04:57:00+02:00,8.77353,8.77428,8.77350,8.77398,24
SQ:USDSEK,2020-07-29T04:58:00+02:00,8.77398,8.77553,8.77381,8.77465,36
SQ:USDSEK,2020-07-29T04:59:00+02:00,8.77465,8.77476,8.77427,8.77431,10
SQ:USDSEK,2020-07-29T05:00:00+02:00,8.77431,8.77431,8.77355,8.77400,17
SQ:USDSEK,2020-07-29T05:01:00+02:00,8.77400,8.77443,8.77378,8.77433,13
SQ:USDSEK,2020-07-29T05:02:00+02:00,8.77433,8.77501,8.77407,8.77408,34
SQ:USDSEK,2020-07-29T05:03:00+02:00,8.77407,8.77407,8.77286,8.77309,95
SQ:USDSEK,2020-07-29T05:04:00+02:00,8.77324,8.77324,8.77261,8.77261,29
SQ:USDSEK,2020-07-29T05:05:00+02:00,8.77257,8.77267,8.77177,8.77239,96
SQ:USDSEK,2020-07-29T05:06:00+02:00,8.77239,8.77329,8.77239,8.77315,89
SQ:USDSEK,2020-07-29T05:07:00+02:00,8.77308,8.77322,8.77263,8.77322,124
SQ:USDSEK,2020-07-29T05:08:00+02:00,8.77319,8.77374,8.77289,8.77343,81
SQ:USDSEK,2020-07-29T05:09:00+02:00,8.77332,8.77368,8.77326,8.77359,39
SQ:USDSEK,2020-07-29T05:10:00+02:00,8.77370,8.77390,8.77350,8.77361,52
SQ:USDSEK,2020-07-29T05:11:00+02:00,8.77367,8.77414,8.77351,8.77387,188
SQ:USDSEK,2020-07-29T05:12:00+02:00,8.77371,8.77414,8.77273,8.77280,161
SQ:USDSEK,2020-07-29T05:13:00+02:00,8.77283,8.77311,8.77217,8.77223,118
SQ:USDSEK,2020-07-29T05:14:00+02:00,8.77226,8.77268,8.77170,8.77178,119
SQ:USDSEK,2020-07-29T05:15:00+02:00,8.77179,8.77201,8.77068,8.77077,167
SQ:USDSEK,2020-07-29T05:16:00+02:00,8.77078,8.77134,8.77054,8.77072,137
SQ:USDSEK,2020-07-29T05:17:00+02:00,8.77080,8.77110,8.77034,8.77105,112
SQ:USDSEK,2020-07-29T05:18:00+02:00,8.77108,8.77174,8.77077,8.77088,128
SQ:USDSEK,2020-07-29T05:19:00+02:00,8.77087,8.77098,8.77009,8.77047,126
SQ:USDSEK,2020-07-29T05:20:00+02:00,8.77044,8.77071,8.76983,8.77014,106
SQ:USDSEK,2020-07-29T05:21:00+02:00,8.77011,8.77092,8.76994,8.77075,138
SQ:USDSEK,2020-07-29T05:22:00+02:00,8.77071,8.77095,8.77049,8.77059,96
SQ:USDSEK,2020-07-29T05:23:00+02:00,8.77053,8.77074,8.76980,8.77047,110
SQ:USDSEK,2020-07-29T05:24:00+02:00,8.77050,8.77077,8.76935,8.76974,121
SQ:USDSEK,2020-07-29T05:25:00+02:00,8.76976,8.77113,8.76961,8.77087,136
SQ:USDSEK,2020-07-29T05:26:00+02:00,8.77084,8.77132,8.77039,8.77044,168
SQ:USDSEK,2020-07-29T05:27:00+02:00,8.77050,8.77105,8.77029,8.77051,94
SQ:USDSEK,2020-07-29T05:28:00+02:00,8.77058,8.77107,8.76955,8.77016,145
SQ:USDSEK,2020-07-29T05:29:00+02:00,8.77017,8.77122,8.77014,8.77089,89
SQ:USDSEK,2020-07-29T05:30:00+02:00,8.77088,8.77103,8.76993,8.77037,135
SQ:USDSEK,2020-07-29T05:31:00+02:00,8.77029,8.77084,8.76987,8.77084,139
SQ:USDSEK,2020-07-29T05:32:00+02:00,8.77087,8.77106,8.77025,8.77081,98
SQ:USDSEK,2020-07-29T05:33:00+02:00,8.77079,8.77122,8.77079,8.77099,87
SQ:USDSEK,2020-07-29T05:34:00+02:00,8.77098,8.77147,8.77090,8.77092,85
SQ:USDSEK,2020-07-29T05:35:00+02:00,8.77091,8.77169,8.77081,8.77148,88
SQ:USDSEK,2020-07-29T05:36:00+02:00,8.77149,8.77173,8.77089,8.77151,156
SQ:USDSEK,2020-07-29T05:37:00+02:00,8.77154,8.77182,8.77134,8.77182,87
SQ:USDSEK,2020-07-29T05:38:00+02:00,8.77184,8.77196,8.77111,8.77182,87
SQ:USDSEK,2020-07-29T05:39:00+02:00,8.77180,8.77209,8.77157,8.77196,60
SQ:USDSEK,2020-07-29T05:40:00+02:00,8.77192,8.77192,8.77138,8.77165,40
SQ:USDSEK,2020-07-29T05:41:00+02:00,8.77164,8.77396,8.77164,8.77356,175
SQ:USDSEK,2020-07-29T05:42:00+02:00,8.77354,8.77360,8.77248,8.77260,154
SQ:USDSEK,2020-07-29T05:43:00+02:00,8.77257,8.77264,8.77108,8.77128,188
SQ:USDSEK,2020-07-29T05:44:00+02:00,8.77129,8.77207,8.77128,8.77191,201
SQ:USDSEK,2020-07-29T05:45:00+02:00,8.77190,8.77251,8.77149,8.77248,202
SQ:USDSEK,2020-07-29T05:46:00+02:00,8.77247,8.77248,8.77169,8.77200,198
SQ:USDSEK,2020-07-29T05:47:00+02:00,8.77206,8.77265,8.77169,8.77223,153
SQ:USDSEK,2020-07-29T05:48:00+02:00,8.77224,8.77224,8.77122,8.77140,148
SQ:USDSEK,2020-07-29T05:49:00+02:00,8.77141,8.77151,8.77093,8.77096,139
SQ:USDSEK,2020-07-29T05:50:00+02:00,8.77096,8.77112,8.77071,8.77106,146
SQ:USDSEK,2020-07-29T05:51:00+02:00,8.77106,8.77137,8.77008,8.77016,130
SQ:USDSEK,2020-07-29T05:52:00+02:00,8.77017,8.77057,8.76994,8.77032,167
SQ:USDSEK,2020-07-29T05:53:00+02:00,8.77028,8.77129,8.77017,8.77075,180
SQ:USDSEK,2020-07-29T05:54:00+02:00,8.77081,8.77123,8.77066,8.77117,64
SQ:USDSEK,2020-07-29T05:55:00+02:00,8.77116,8.77120,8.77023,8.77101,125
SQ:USDSEK,2020-07-29T05:56:00+02:00,8.77102,8.77228,8.77101,8.77165,161
SQ:USDSEK,2020-07-29T05:57:00+02:00,8.77161,8.77406,8.77161,8.77335,220
SQ:USDSEK,2020-07-29T05:58:00+02:00,8.77339,8.77342,8.77191,8.77238,127
SQ:USDSEK,2020-07-29T05:59:00+02:00,8.77234,8.77234,8.77116,8.77122,226
SQ:USDSEK,2020-07-29T06:00:00+02:00,8.77127,8.77154,8.77026,8.77070,103
SQ:USDSEK,2020-07-29T06:01:00+02:00,8.77069,8.77146,8.77069,8.77130,91
SQ:USDSEK,2020-07-29T06:02:00+02:00,8.77128,8.77183,8.77127,8.77159,54
SQ:USDSEK,2020-07-29T06:03:00+02:00,8.77129,8.77182,8.77115,8.77176,69
SQ:USDSEK,2020-07-29T06:04:00+02:00,8.77178,8.77199,8.77084,8.77106,148
SQ:USDSEK,2020-07-29T06:05:00+02:00,8.77101,8.77124,8.77016,8.77073,153
SQ:USDSEK,2020-07-29T06:06:00+02:00,8.77076,8.77117,8.77057,8.77098,180
SQ:USDSEK,2020-07-29T06:07:00+02:00,8.77096,8.77096,8.76930,8.76944,81
SQ:USDSEK,2020-07-29T06:08:00+02:00,8.76935,8.76987,8.76935,8.76987,47
SQ:USDSEK,2020-07-29T06:09:00+02:00,8.76987,8.76987,8.76909,8.76928,16
SQ:USDSEK,2020-07-29T06:10:00+02:00,8.76928,8.76996,8.76867,8.76996,35
SQ:USDSEK,2020-07-29T06:11:00+02:00,8.76996,8.76996,8.76943,8.76949,10
SQ:USDSEK,2020-07-29T06:12:00+02:00,8.76949,8.76958,8.76930,8.76936,61
SQ:USDSEK,2020-07-29T06:13:00+02:00,8.76935,8.76969,8.76921,8.76966,80
SQ:USDSEK,2020-07-29T06:14:00+02:00,8.76976,8.76976,8.76935,8.76947,29
SQ:USDSEK,2020-07-29T06:15:00+02:00,8.76948,8.76983,8.76918,8.76950,33
SQ:USDSEK,2020-07-29T06:16:00+02:00,8.76952,8.76970,8.76937,8.76970,20
SQ:USDSEK,2020-07-29T06:17:00+02:00,8.76970,8.76997,8.76947,8.76975,23
SQ:USDSEK,2020-07-29T06:18:00+02:00,8.76975,8.77009,8.76975,8.77009,15
SQ:USDSEK,2020-07-29T06:19:00+02:00,8.77009,8.77009,8.76954,8.76958,69
SQ:USDSEK,2020-07-29T06:20:00+02:00,8.76956,8.76987,8.76952,8.76979,88
SQ:USDSEK,2020-07-29T06:21:00+02:00,8.76978,8.76986,8.76965,8.76986,8
SQ:USDSEK,2020-07-29T06:22:00+02:00,8.76986,8.76986,8.76960,8.76960,19
SQ:USDSEK,2020-07-29T06:23:00+02:00,8.76960,8.76990,8.76960,8.76977,39
SQ:USDSEK,2020-07-29T06:24:00+02:00,8.76977,8.76977,8.76977,8.76977,1
SQ:USDSEK,2020-07-29T06:25:00+02:00,8.76977,8.77011,8.76977,8.77001,48
SQ:USDSEK,2020-07-29T06:26:00+02:00,8.77001,8.77041,8.77001,8.77027,62
SQ:USDSEK,2020-07-29T06:27:00+02:00,8.77027,8.77027,8.76919,8.76959,356
SQ:USDSEK,2020-07-29T06:28:00+02:00,8.76951,8.76963,8.76897,8.76915,83
SQ:USDSEK,2020-07-29T06:29:00+02:00,8.76931,8.76943,8.76886,8.76896,88
SQ:USDSEK,2020-07-29T06:30:00+02:00,8.76896,8.76997,8.76896,8.76933,41
SQ:USDSEK,2020-07-29T06:31:00+02:00,8.76935,8.76939,8.76923,8.76923,11
SQ:USDSEK,2020-07-29T06:32:00+02:00,8.76923,8.77048,8.76923,8.77048,45
SQ:USDSEK,2020-07-29T06:33:00+02:00,8.77046,8.77086,8.77045,8.77086,17
SQ:USDSEK,2020-07-29T06:34:00+02:00,8.77086,8.77150,8.77053,8.77053,53
SQ:USDSEK,2020-07-29T06:35:00+02:00,8.77053,8.77063,8.76987,8.77060,71
SQ:USDSEK,2020-07-29T06:36:00+02:00,8.77039,8.77047,8.76955,8.76977,29
SQ:USDSEK,2020-07-29T06:37:00+02:00,8.76977,8.77106,8.76963,8.77106,27
SQ:USDSEK,2020-07-29T06:38:00+02:00,8.77103,8.77137,8.77061,8.77106,64
SQ:USDSEK,2020-07-29T06:39:00+02:00,8.77107,8.77107,8.76917,8.76963,86
SQ:USDSEK,2020-07-29T06:40:00+02:00,8.76963,8.77049,8.76963,8.77033,9
SQ:USDSEK,2020-07-29T06:41:00+02:00,8.77033,8.77110,8.77033,8.77110,5
SQ:USDSEK,2020-07-29T06:42:00+02:00,8.77110,8.77110,8.77081,8.77081,3
SQ:USDSEK,2020-07-29T06:43:00+02:00,8.77081,8.77152,8.77081,8.77145,22
SQ:USDSEK,2020-07-29T06:44:00+02:00,8.77145,8.77184,8.77094,8.77106,22
SQ:USDSEK,2020-07-29T06:45:00+02:00,8.77105,8.77133,8.77087,8.77096,67
SQ:USDSEK,2020-07-29T06:46:00+02:00,8.77096,8.77130,8.77072,8.77130,17
SQ:USDSEK,2020-07-29T06:47:00+02:00,8.77137,8.77240,8.77113,8.77232,51
SQ:USDSEK,2020-07-29T06:48:00+02:00,8.77231,8.77350,8.77217,8.77338,69
SQ:USDSEK,2020-07-29T06:49:00+02:00,8.77330,8.77382,8.77330,8.77373,64
SQ:USDSEK,2020-07-29T06:50:00+02:00,8.77358,8.77378,8.77350,8.77352,30
SQ:USDSEK,2020-07-29T06:51:00+02:00,8.77355,8.77407,8.77345,8.77378,90
SQ:USDSEK,2020-07-29T06:52:00+02:00,8.77379,8.77389,8.77366,8.77368,30
SQ:USDSEK,2020-07-29T06:53:00+02:00,8.77367,8.77459,8.77363,8.77429,33
SQ:USDSEK,2020-07-29T06:54:00+02:00,8.77443,8.77443,8.77370,8.77425,41
SQ:USDSEK,2020-07-29T06:55:00+02:00,8.77425,8.77892,8.77414,8.77677,203
SQ:USDSEK,2020-07-29T06:56:00+02:00,8.77659,8.77848,8.77506,8.77840,125
SQ:USDSEK,2020-07-29T06:57:00+02:00,8.77820,8.77820,8.77672,8.77672,43
SQ:USDSEK,2020-07-29T06:58:00+02:00,8.77668,8.77690,8.77485,8.77688,223
SQ:USDSEK,2020-07-29T06:59:00+02:00,8.77687,8.77795,8.77542,8.77552,55
SQ:USDSEK,2020-07-29T07:00:00+02:00,8.77555,8.77793,8.77555,8.77736,38
SQ:USDSEK,2020-07-29T07:01:00+02:00,8.77736,8.77824,8.77676,8.77770,41
SQ:USDSEK,2020-07-29T07:02:00+02:00,8.77770,8.77888,8.77754,8.77888,20
SQ:USDSEK,2020-07-29T07:03:00+02:00,8.77888,8.77913,8.77846,8.77864,15
SQ:USDSEK,2020-07-29T07:04:00+02:00,8.77864,8.77864,8.77801,8.77815,9
SQ:USDSEK,2020-07-29T07:05:00+02:00,8.77815,8.77858,8.77815,8.77855,15
SQ:USDSEK,2020-07-29T07:06:00+02:00,8.77855,8.77911,8.77811,8.77885,19
SQ:USDSEK,2020-07-29T07:07:00+02:00,8.77885,8.77947,8.77869,8.77941,17
SQ:USDSEK,2020-07-29T07:08:00+02:00,8.77941,8.77992,8.77897,8.77903,19
SQ:USDSEK,2020-07-29T07:09:00+02:00,8.77903,8.77982,8.77876,8.77957,14
SQ:USDSEK,2020-07-29T07:10:00+02:00,8.77957,8.78046,8.77889,8.77904,25
SQ:USDSEK,2020-07-29T07:11:00+02:00,8.77863,8.77937,8.77822,8.77905,30
SQ:USDSEK,2020-07-29T07:12:00+02:00,8.77905,8.77912,8.77850,8.77889,14
SQ:USDSEK,2020-07-29T07:13:00+02:00,8.77874,8.77883,8.77820,8.77883,19
SQ:USDSEK,2020-07-29T07:14:00+02:00,8.77883,8.77903,8.77849,8.77849,16
SQ:USDSEK,2020-07-29T07:15:00+02:00,8.77849,8.77898,8.77849,8.77853,17
SQ:USDSEK,2020-07-29T07:16:00+02:00,8.77859,8.77869,8.77837,8.77866,12
SQ:USDSEK,2020-07-29T07:17:00+02:00,8.77866,8.77866,8.77826,8.77826,3
SQ:USDSEK,2020-07-29T07:18:00+02:00,8.77826,8.77925,8.77826,8.77925,18
SQ:USDSEK,2020-07-29T07:19:00+02:00,8.77925,8.77925,8.77732,8.77754,16
SQ:USDSEK,2020-07-29T07:20:00+02:00,8.77754,8.77780,8.77634,8.77634,14
SQ:USDSEK,2020-07-29T07:21:00+02:00,8.77634,8.77678,8.77609,8.77609,21
SQ:USDSEK,2020-07-29T07:22:00+02:00,8.77609,8.77615,8.77503,8.77503,32
SQ:USDSEK,2020-07-29T07:23:00+02:00,8.77503,8.77560,8.77459,8.77467,38
SQ:USDSEK,2020-07-29T07:24:00+02:00,8.77467,8.77467,8.77390,8.77403,39
SQ:USDSEK,2020-07-29T07:25:00+02:00,8.77394,8.77452,8.77377,8.77452,32
SQ:USDSEK,2020-07-29T07:26:00+02:00,8.77447,8.77525,8.77392,8.77525,30
SQ:USDSEK,2020-07-29T07:27:00+02:00,8.77539,8.77569,8.77519,8.77568,32
SQ:USDSEK,2020-07-29T07:28:00+02:00,8.77568,8.77606,8.77555,8.77577,29
SQ:USDSEK,2020-07-29T07:29:00+02:00,8.77585,8.77593,8.77531,8.77553,40
SQ:USDSEK,2020-07-29T07:30:00+02:00,8.77553,8.77590,8.77530,8.77589,34
SQ:USDSEK,2020-07-29T07:31:00+02:00,8.77589,8.77659,8.77589,8.77656,33
SQ:USDSEK,2020-07-29T07:32:00+02:00,8.77658,8.77679,8.77644,8.77661,27
SQ:USDSEK,2020-07-29T07:33:00+02:00,8.77661,8.77712,8.77651,8.77678,32
SQ:USDSEK,2020-07-29T07:34:00+02:00,8.77678,8.77695,8.77623,8.77655,29
SQ:USDSEK,2020-07-29T07:35:00+02:00,8.77655,8.77675,8.77641,8.77655,30
SQ:USDSEK,2020-07-29T07:36:00+02:00,8.77655,8.77728,8.77652,8.77689,23
SQ:USDSEK,2020-07-29T07:37:00+02:00,8.77689,8.77689,8.77633,8.77633,13
SQ:USDSEK,2020-07-29T07:38:00+02:00,8.77633,8.77633,8.77496,8.77507,26
SQ:USDSEK,2020-07-29T07:39:00+02:00,8.77507,8.77547,8.77500,8.77547,17
SQ:USDSEK,2020-07-29T07:40:00+02:00,8.77547,8.77563,8.77499,8.77510,12
SQ:USDSEK,2020-07-29T07:41:00+02:00,8.77510,8.77562,8.77510,8.77562,9
SQ:USDSEK,2020-07-29T07:42:00+02:00,8.77562,8.77702,8.77559,8.77675,25
SQ:USDSEK,2020-07-29T07:43:00+02:00,8.77675,8.77726,8.77617,8.77688,22
SQ:USDSEK,2020-07-29T07:44:00+02:00,8.77688,8.77689,8.77594,8.77606,18
SQ:USDSEK,2020-07-29T07:45:00+02:00,8.77606,8.77629,8.77541,8.77590,33
SQ:USDSEK,2020-07-29T07:46:00+02:00,8.77590,8.77854,8.77584,8.77810,28
SQ:USDSEK,2020-07-29T07:47:00+02:00,8.77810,8.77840,8.77792,8.77840,11
SQ:USDSEK,2020-07-29T07:48:00+02:00,8.77840,8.77890,8.77833,8.77873,20
SQ:USDSEK,2020-07-29T07:49:00+02:00,8.77873,8.77914,8.77873,8.77903,10
SQ:USDSEK,2020-07-29T07:50:00+02:00,8.77903,8.77918,8.77720,8.77720,30
SQ:USDSEK,2020-07-29T07:51:00+02:00,8.77720,8.77808,8.77609,8.77631,60
SQ:USDSEK,2020-07-29T07:52:00+02:00,8.77627,8.77663,8.77554,8.77554,30
SQ:USDSEK,2020-07-29T07:53:00+02:00,8.77554,8.77627,8.77526,8.77528,23
SQ:USDSEK,2020-07-29T07:54:00+02:00,8.77526,8.77547,8.77356,8.77419,41
SQ:USDSEK,2020-07-29T07:55:00+02:00,8.77419,8.77441,8.77224,8.77224,40
SQ:USDSEK,2020-07-29T07:56:00+02:00,8.77224,8.77349,8.77224,8.77308,50
SQ:USDSEK,2020-07-29T07:57:00+02:00,8.77308,8.77318,8.77253,8.77315,14
SQ:USDSEK,2020-07-29T07:58:00+02:00,8.77315,8.77320,8.77111,8.77111,35
SQ:USDSEK,2020-07-29T07:59:00+02:00,8.77131,8.77131,8.76846,8.76864,56
SQ:USDSEK,2020-07-29T08:00:00+02:00,8.76864,8.76892,8.76605,8.76892,82
SQ:USDSEK,2020-07-29T08:01:00+02:00,8.76891,8.77102,8.76882,8.77054,49
SQ:USDSEK,2020-07-29T08:02:00+02:00,8.77045,8.77097,8.76788,8.76844,158
SQ:USDSEK,2020-07-29T08:03:00+02:00,8.76843,8.76978,8.76772,8.76772,234
SQ:USDSEK,2020-07-29T08:04:00+02:00,8.76773,8.76973,8.76764,8.76953,61
SQ:USDSEK,2020-07-29T08:05:00+02:00,8.76953,8.77008,8.76896,8.76964,52
SQ:USDSEK,2020-07-29T08:06:00+02:00,8.76964,8.76970,8.76728,8.76736,51
SQ:USDSEK,2020-07-29T08:07:00+02:00,8.76736,8.76744,8.76426,8.76558,83
SQ:USDSEK,2020-07-29T08:08:00+02:00,8.76558,8.76600,8.76454,8.76498,56
SQ:USDSEK,2020-07-29T08:09:00+02:00,8.76498,8.76551,8.76467,8.76506,45
SQ:USDSEK,2020-07-29T08:10:00+02:00,8.76506,8.76624,8.76479,8.76559,52
SQ:USDSEK,2020-07-29T08:11:00+02:00,8.76564,8.76638,8.76355,8.76433,65
SQ:USDSEK,2020-07-29T08:12:00+02:00,8.76433,8.76536,8.76344,8.76473,99
SQ:USDSEK,2020-07-29T08:13:00+02:00,8.76473,8.76473,8.76335,8.76445,37
SQ:USDSEK,2020-07-29T08:14:00+02:00,8.76445,8.76445,8.76173,8.76269,90
SQ:USDSEK,2020-07-29T08:15:00+02:00,8.76287,8.76287,8.76166,8.76166,68
SQ:USDSEK,2020-07-29T08:16:00+02:00,8.76166,8.76281,8.76023,8.76028,58
SQ:USDSEK,2020-07-29T08:17:00+02:00,8.76028,8.76055,8.75936,8.75968,59
SQ:USDSEK,2020-07-29T08:18:00+02:00,8.75955,8.76155,8.75911,8.76141,60
SQ:USDSEK,2020-07-29T08:19:00+02:00,8.76147,8.76195,8.75978,8.76053,91
SQ:USDSEK,2020-07-29T08:20:00+02:00,8.76053,8.76105,8.75983,8.76058,39
SQ:USDSEK,2020-07-29T08:21:00+02:00,8.76065,8.76156,8.76065,8.76098,35
SQ:USDSEK,2020-07-29T08:22:00+02:00,8.76104,8.76110,8.75996,8.76095,44
SQ:USDSEK,2020-07-29T08:23:00+02:00,8.76095,8.76363,8.76095,8.76307,84
SQ:USDSEK,2020-07-29T08:24:00+02:00,8.76307,8.76444,8.76271,8.76418,67
SQ:USDSEK,2020-07-29T08:25:00+02:00,8.76418,8.76470,8.76280,8.76290,106
SQ:USDSEK,2020-07-29T08:26:00+02:00,8.76300,8.76352,8.76189,8.76231,95
SQ:USDSEK,2020-07-29T08:27:00+02:00,8.76231,8.76300,8.76206,8.76283,92
SQ:USDSEK,2020-07-29T08:28:00+02:00,8.76283,8.76344,8.76243,8.76324,49
SQ:USDSEK,2020-07-29T08:29:00+02:00,8.76316,8.76424,8.76316,8.76394,47
SQ:USDSEK,2020-07-29T08:30:00+02:00,8.76380,8.76394,8.76324,8.76340,40
SQ:USDSEK,2020-07-29T08:31:00+02:00,8.76350,8.76370,8.76129,8.76129,60
SQ:USDSEK,2020-07-29T08:32:00+02:00,8.76137,8.76137,8.75782,8.75782,114
SQ:USDSEK,2020-07-29T08:33:00+02:00,8.75783,8.75856,8.75718,8.75760,109
SQ:USDSEK,2020-07-29T08:34:00+02:00,8.75761,8.75873,8.75740,8.75765,62
SQ:USDSEK,2020-07-29T08:35:00+02:00,8.75765,8.75789,8.75587,8.75643,101
SQ:USDSEK,2020-07-29T08:36:00+02:00,8.75648,8.75816,8.75623,8.75780,91
SQ:USDSEK,2020-07-29T08:37:00+02:00,8.75773,8.75801,8.75541,8.75570,212
SQ:USDSEK,2020-07-29T08:38:00+02:00,8.75585,8.75640,8.75487,8.75565,108
SQ:USDSEK,2020-07-29T08:39:00+02:00,8.75552,8.75790,8.75514,8.75753,137
SQ:USDSEK,2020-07-29T08:40:00+02:00,8.75752,8.75800,8.75705,8.75706,62
SQ:USDSEK,2020-07-29T08:41:00+02:00,8.75710,8.75752,8.75573,8.75640,81
SQ:USDSEK,2020-07-29T08:42:00+02:00,8.75640,8.75641,8.75440,8.75485,71
SQ:USDSEK,2020-07-29T08:43:00+02:00,8.75506,8.75518,8.75400,8.75414,81
SQ:USDSEK,2020-07-29T08:44:00+02:00,8.75414,8.75440,8.75362,8.75412,64
SQ:USDSEK,2020-07-29T08:45:00+02:00,8.75413,8.75562,8.75391,8.75531,97
SQ:USDSEK,2020-07-29T08:46:00+02:00,8.75531,8.75557,8.75442,8.75490,57
SQ:USDSEK,2020-07-29T08:47:00+02:00,8.75481,8.75561,8.75412,8.75438,99
SQ:USDSEK,2020-07-29T08:48:00+02:00,8.75468,8.75510,8.75439,8.75486,46
SQ:USDSEK,2020-07-29T08:49:00+02:00,8.75486,8.75535,8.75445,8.75453,72
SQ:USDSEK,2020-07-29T08:50:00+02:00,8.75453,8.75565,8.75453,8.75561,28
SQ:USDSEK,2020-07-29T08:51:00+02:00,8.75561,8.75631,8.75544,8.75568,44
SQ:USDSEK,2020-07-29T08:52:00+02:00,8.75568,8.75653,8.75565,8.75609,38
SQ:USDSEK,2020-07-29T08:53:00+02:00,8.75609,8.75687,8.75591,8.75591,38
SQ:USDSEK,2020-07-29T08:54:00+02:00,8.75591,8.76028,8.75591,8.75883,99
SQ:USDSEK,2020-07-29T08:55:00+02:00,8.75883,8.75914,8.75717,8.75718,56
SQ:USDSEK,2020-07-29T08:56:00+02:00,8.75718,8.75788,8.75718,8.75753,42
SQ:USDSEK,2020-07-29T08:57:00+02:00,8.75753,8.75776,8.75650,8.75652,56
SQ:USDSEK,2020-07-29T08:58:00+02:00,8.75660,8.75700,8.75135,8.75168,130
SQ:USDSEK,2020-07-29T08:59:00+02:00,8.75168,8.75185,8.74609,8.74678,115
SQ:USDSEK,2020-07-29T09:00:00+02:00,8.74676,8.74810,8.73744,8.73751,261
SQ:USDSEK,2020-07-29T09:01:00+02:00,8.73748,8.73763,8.73346,8.73666,230
SQ:USDSEK,2020-07-29T09:02:00+02:00,8.73700,8.74050,8.73700,8.74043,121
SQ:USDSEK,2020-07-29T09:03:00+02:00,8.74046,8.74420,8.74046,8.74130,149
SQ:USDSEK,2020-07-29T09:04:00+02:00,8.74128,8.74152,8.73952,8.74056,103
SQ:USDSEK,2020-07-29T09:05:00+02:00,8.74056,8.74276,8.74044,8.74101,65
SQ:USDSEK,2020-07-29T09:06:00+02:00,8.74091,8.74091,8.73921,8.74049,137
SQ:USDSEK,2020-07-29T09:07:00+02:00,8.74049,8.74180,8.74005,8.74052,128
SQ:USDSEK,2020-07-29T09:08:00+02:00,8.74061,8.74082,8.73902,8.74061,127
SQ:USDSEK,2020-07-29T09:09:00+02:00,8.74062,8.74120,8.74030,8.74066,79
SQ:USDSEK,2020-07-29T09:10:00+02:00,8.74066,8.74235,8.74012,8.74153,103
SQ:USDSEK,2020-07-29T09:11:00+02:00,8.74153,8.74260,8.74140,8.74239,56
SQ:USDSEK,2020-07-29T09:12:00+02:00,8.74260,8.74260,8.73722,8.73937,189
SQ:USDSEK,2020-07-29T09:13:00+02:00,8.73972,8.74200,8.73859,8.74121,165
SQ:USDSEK,2020-07-29T09:14:00+02:00,8.74119,8.74246,8.74119,8.74184,84
SQ:USDSEK,2020-07-29T09:15:00+02:00,8.74184,8.74242,8.74117,8.74211,75
SQ:USDSEK,2020-07-29T09:16:00+02:00,8.74219,8.74886,8.74219,8.74769,156
SQ:USDSEK,2020-07-29T09:17:00+02:00,8.74769,8.75067,8.74733,8.75059,141
SQ:USDSEK,2020-07-29T09:18:00+02:00,8.75059,8.75257,8.75022,8.75022,151
SQ:USDSEK,2020-07-29T09:19:00+02:00,8.75022,8.75038,8.74747,8.74811,71
SQ:USDSEK,2020-07-29T09:20:00+02:00,8.74811,8.74823,8.74623,8.74679,58
SQ:USDSEK,2020-07-29T09:21:00+02:00,8.74679,8.74937,8.74636,8.74888,105
SQ:USDSEK,2020-07-29T09:22:00+02:00,8.74897,8.74982,8.74758,8.74758,62
SQ:USDSEK,2020-07-29T09:23:00+02:00,8.74758,8.74811,8.74561,8.74563,91
SQ:USDSEK,2020-07-29T09:24:00+02:00,8.74563,8.74790,8.74558,8.74688,110
SQ:USDSEK,2020-07-29T09:25:00+02:00,8.74688,8.74790,8.74318,8.74323,126
SQ:USDSEK,2020-07-29T09:26:00+02:00,8.74309,8.74452,8.74259,8.74354,58
SQ:USDSEK,2020-07-29T09:27:00+02:00,8.74354,8.74376,8.74272,8.74302,42
SQ:USDSEK,2020-07-29T09:28:00+02:00,8.74315,8.74381,8.74007,8.74043,85
SQ:USDSEK,2020-07-29T09:29:00+02:00,8.74045,8.74160,8.74018,8.74129,139
SQ:USDSEK,2020-07-29T09:30:00+02:00,8.74132,8.74225,8.74055,8.74095,119
SQ:USDSEK,2020-07-29T09:31:00+02:00,8.74095,8.74184,8.74042,8.74096,118
SQ:USDSEK,2020-07-29T09:32:00+02:00,8.74089,8.74102,8.73854,8.73980,96
SQ:USDSEK,2020-07-29T09:33:00+02:00,8.73993,8.74040,8.73946,8.73983,60
SQ:USDSEK,2020-07-29T09:34:00+02:00,8.73983,8.74095,8.73922,8.74039,64
SQ:USDSEK,2020-07-29T09:35:00+02:00,8.74031,8.74060,8.73758,8.73790,106
SQ:USDSEK,2020-07-29T09:36:00+02:00,8.73796,8.73818,8.73553,8.73553,123
SQ:USDSEK,2020-07-29T09:37:00+02:00,8.73545,8.73670,8.73488,8.73648,103
SQ:USDSEK,2020-07-29T09:38:00+02:00,8.73660,8.73670,8.73471,8.73503,107
SQ:USDSEK,2020-07-29T09:39:00+02:00,8.73498,8.73498,8.73386,8.73430,87
SQ:USDSEK,2020-07-29T09:40:00+02:00,8.73430,8.73494,8.73332,8.73345,66
SQ:USDSEK,2020-07-29T09:41:00+02:00,8.73345,8.73410,8.72655,8.72656,161
SQ:USDSEK,2020-07-29T09:42:00+02:00,8.72664,8.72784,8.72202,8.72272,278
SQ:USDSEK,2020-07-29T09:43:00+02:00,8.72264,8.72413,8.72095,8.72394,199
SQ:USDSEK,2020-07-29T09:44:00+02:00,8.72394,8.72600,8.71960,8.72120,209
SQ:USDSEK,2020-07-29T09:45:00+02:00,8.72105,8.72215,8.72037,8.72160,167
SQ:USDSEK,2020-07-29T09:46:00+02:00,8.72173,8.72691,8.72173,8.72647,154
SQ:USDSEK,2020-07-29T09:47:00+02:00,8.72654,8.72853,8.72495,8.72551,155
SQ:USDSEK,2020-07-29T09:48:00+02:00,8.72551,8.72621,8.72061,8.72085,103
SQ:USDSEK,2020-07-29T09:49:00+02:00,8.72094,8.72753,8.72067,8.72724,155
SQ:USDSEK,2020-07-29T09:50:00+02:00,8.72706,8.72921,8.72699,8.72741,153
SQ:USDSEK,2020-07-29T09:51:00+02:00,8.72739,8.72810,8.72642,8.72680,145
SQ:USDSEK,2020-07-29T09:52:00+02:00,8.72672,8.72684,8.72252,8.72384,186
SQ:USDSEK,2020-07-29T09:53:00+02:00,8.72371,8.72498,8.72195,8.72498,173
SQ:USDSEK,2020-07-29T09:54:00+02:00,8.72501,8.72866,8.72501,8.72796,135
SQ:USDSEK,2020-07-29T09:55:00+02:00,8.72796,8.72812,8.72704,8.72707,44
SQ:USDSEK,2020-07-29T09:56:00+02:00,8.72706,8.72769,8.72543,8.72543,60
SQ:USDSEK,2020-07-29T09:57:00+02:00,8.72543,8.72865,8.72542,8.72745,77
SQ:USDSEK,2020-07-29T09:58:00+02:00,8.72745,8.73022,8.72693,8.72983,77
SQ:USDSEK,2020-07-29T09:59:00+02:00,8.72983,8.73312,8.72846,8.73159,110
SQ:USDSEK,2020-07-29T10:00:00+02:00,8.73159,8.73206,8.72932,8.73155,137
SQ:USDSEK,2020-07-29T10:01:00+02:00,8.73155,8.73187,8.73047,8.73120,81
SQ:USDSEK,2020-07-29T10:02:00+02:00,8.73120,8.73230,8.73030,8.73214,85
SQ:USDSEK,2020-07-29T10:03:00+02:00,8.73214,8.73649,8.73203,8.73561,154
SQ:USDSEK,2020-07-29T10:04:00+02:00,8.73561,8.73732,8.73496,8.73640,124
SQ:USDSEK,2020-07-29T10:05:00+02:00,8.73648,8.73753,8.73624,8.73686,80
SQ:USDSEK,2020-07-29T10:06:00+02:00,8.73686,8.73687,8.73567,8.73642,67
SQ:USDSEK,2020-07-29T10:07:00+02:00,8.73646,8.73758,8.73560,8.73574,67
SQ:USDSEK,2020-07-29T10:08:00+02:00,8.73574,8.73659,8.73370,8.73498,93
SQ:USDSEK,2020-07-29T10:09:00+02:00,8.73498,8.73784,8.73498,8.73715,90
SQ:USDSEK,2020-07-29T10:10:00+02:00,8.73715,8.73753,8.73519,8.73526,38
SQ:USDSEK,2020-07-29T10:11:00+02:00,8.73526,8.73559,8.73507,8.73520,79
SQ:USDSEK,2020-07-29T10:12:00+02:00,8.73514,8.73514,8.73239,8.73320,90
SQ:USDSEK,2020-07-29T10:13:00+02:00,8.73312,8.73454,8.73288,8.73438,103
SQ:USDSEK,2020-07-29T10:14:00+02:00,8.73436,8.73501,8.73314,8.73368,100
SQ:USDSEK,2020-07-29T10:15:00+02:00,8.73376,8.73399,8.73276,8.73279,96
SQ:USDSEK,2020-07-29T10:16:00+02:00,8.73279,8.73279,8.72785,8.72930,158
SQ:USDSEK,2020-07-29T10:17:00+02:00,8.72930,8.73158,8.72789,8.73111,119
SQ:USDSEK,2020-07-29T10:18:00+02:00,8.73120,8.73136,8.73024,8.73039,111
SQ:USDSEK,2020-07-29T10:19:00+02:00,8.73038,8.73277,8.73038,8.73262,79
SQ:USDSEK,2020-07-29T10:20:00+02:00,8.73256,8.73302,8.73141,8.73148,72
SQ:USDSEK,2020-07-29T10:21:00+02:00,8.73150,8.74015,8.73142,8.73974,104
SQ:USDSEK,2020-07-29T10:22:00+02:00,8.73960,8.74188,8.73922,8.74109,95
SQ:USDSEK,2020-07-29T10:23:00+02:00,8.74109,8.74590,8.74109,8.74383,114
SQ:USDSEK,2020-07-29T10:24:00+02:00,8.74363,8.74371,8.74174,8.74371,129
SQ:USDSEK,2020-07-29T10:25:00+02:00,8.74393,8.74472,8.74292,8.74472,87
SQ:USDSEK,2020-07-29T10:26:00+02:00,8.74481,8.74532,8.74320,8.74393,85
SQ:USDSEK,2020-07-29T10:27:00+02:00,8.74391,8.74395,8.74269,8.74390,50
SQ:USDSEK,2020-07-29T10:28:00+02:00,8.74383,8.74416,8.74253,8.74253,42
SQ:USDSEK,2020-07-29T10:29:00+02:00,8.74253,8.74253,8.74117,8.74233,46
SQ:USDSEK,2020-07-29T10:30:00+02:00,8.74226,8.74322,8.74180,8.74322,39
SQ:USDSEK,2020-07-29T10:31:00+02:00,8.74322,8.74432,8.74322,8.74382,39
SQ:USDSEK,2020-07-29T10:32:00+02:00,8.74383,8.74541,8.74366,8.74394,63
SQ:USDSEK,2020-07-29T10:33:00+02:00,8.74394,8.74616,8.74384,8.74593,45
SQ:USDSEK,2020-07-29T10:34:00+02:00,8.74593,8.74654,8.74572,8.74580,39
SQ:USDSEK,2020-07-29T10:35:00+02:00,8.74588,8.74588,8.74282,8.74349,54
SQ:USDSEK,2020-07-29T10:36:00+02:00,8.74349,8.74367,8.74265,8.74310,43
SQ:USDSEK,2020-07-29T10:37:00+02:00,8.74310,8.74408,8.74310,8.74354,36
SQ:USDSEK,2020-07-29T10:38:00+02:00,8.74354,8.74354,8.74033,8.74046,60
SQ:USDSEK,2020-07-29T10:39:00+02:00,8.74046,8.74046,8.73912,8.73980,76
SQ:USDSEK,2020-07-29T10:40:00+02:00,8.73980,8.74022,8.73902,8.74000,56
SQ:USDSEK,2020-07-29T10:41:00+02:00,8.73991,8.74068,8.73982,8.74033,50
SQ:USDSEK,2020-07-29T10:42:00+02:00,8.74033,8.74061,8.73938,8.74053,41
SQ:USDSEK,2020-07-29T10:43:00+02:00,8.74053,8.74102,8.74029,8.74029,44
SQ:USDSEK,2020-07-29T10:44:00+02:00,8.74047,8.74136,8.74046,8.74062,27
SQ:USDSEK,2020-07-29T10:45:00+02:00,8.74062,8.74340,8.74062,8.74304,105
SQ:USDSEK,2020-07-29T10:46:00+02:00,8.74304,8.74330,8.74209,8.74280,69
SQ:USDSEK,2020-07-29T10:47:00+02:00,8.74320,8.74408,8.74290,8.74342,44
SQ:USDSEK,2020-07-29T10:48:00+02:00,8.74342,8.74594,8.74342,8.74470,73
SQ:USDSEK,2020-07-29T10:49:00+02:00,8.74470,8.74557,8.74452,8.74491,49
SQ:USDSEK,2020-07-29T10:50:00+02:00,8.74477,8.74506,8.74276,8.74481,79
SQ:USDSEK,2020-07-29T10:51:00+02:00,8.74459,8.74480,8.74415,8.74434,48
SQ:USDSEK,2020-07-29T10:52:00+02:00,8.74431,8.74634,8.74431,8.74574,63
SQ:USDSEK,2020-07-29T10:53:00+02:00,8.74574,8.74574,8.74303,8.74303,58
SQ:USDSEK,2020-07-29T10:54:00+02:00,8.74303,8.74329,8.74212,8.74275,91
SQ:USDSEK,2020-07-29T10:55:00+02:00,8.74275,8.74317,8.74150,8.74236,73
SQ:USDSEK,2020-07-29T10:56:00+02:00,8.74243,8.74405,8.74212,8.74327,72
SQ:USDSEK,2020-07-29T10:57:00+02:00,8.74349,8.74667,8.74337,8.74467,97
SQ:USDSEK,2020-07-29T10:58:00+02:00,8.74467,8.74467,8.74149,8.74205,90
SQ:USDSEK,2020-07-29T10:59:00+02:00,8.74205,8.74260,8.74162,8.74229,90
SQ:USDSEK,2020-07-29T11:00:00+02:00,8.74229,8.74287,8.74197,8.74269,34
SQ:USDSEK,2020-07-29T11:01:00+02:00,8.74273,8.74325,8.74251,8.74303,48
SQ:USDSEK,2020-07-29T11:02:00+02:00,8.74295,8.74641,8.74249,8.74607,77
SQ:USDSEK,2020-07-29T11:03:00+02:00,8.74592,8.74620,8.74416,8.74592,63
SQ:USDSEK,2020-07-29T11:04:00+02:00,8.74570,8.74614,8.74450,8.74523,72
SQ:USDSEK,2020-07-29T11:05:00+02:00,8.74523,8.74716,8.74523,8.74609,77
SQ:USDSEK,2020-07-29T11:06:00+02:00,8.74593,8.74602,8.74419,8.74433,96
SQ:USDSEK,2020-07-29T11:07:00+02:00,8.74433,8.74487,8.74277,8.74321,62
SQ:USDSEK,2020-07-29T11:08:00+02:00,8.74321,8.74540,8.74259,8.74511,73
SQ:USDSEK,2020-07-29T11:09:00+02:00,8.74519,8.74714,8.74402,8.74696,78
SQ:USDSEK,2020-07-29T11:10:00+02:00,8.74695,8.74714,8.74517,8.74663,112
SQ:USDSEK,2020-07-29T11:11:00+02:00,8.74663,8.74663,8.74457,8.74457,47
SQ:USDSEK,2020-07-29T11:12:00+02:00,8.74455,8.74595,8.74399,8.74577,63
SQ:USDSEK,2020-07-29T11:13:00+02:00,8.74578,8.74578,8.74118,8.74230,91
SQ:USDSEK,2020-07-29T11:14:00+02:00,8.74230,8.74230,8.74094,8.74114,35
SQ:USDSEK,2020-07-29T11:15:00+02:00,8.74105,8.74124,8.73957,8.73957,67
SQ:USDSEK,2020-07-29T11:16:00+02:00,8.73959,8.73982,8.73582,8.73646,78
SQ:USDSEK,2020-07-29T11:17:00+02:00,8.73631,8.73658,8.73603,8.73603,65
SQ:USDSEK,2020-07-29T11:18:00+02:00,8.73603,8.73730,8.73603,8.73727,66
SQ:USDSEK,2020-07-29T11:19:00+02:00,8.73727,8.73780,8.73651,8.73674,59
SQ:USDSEK,2020-07-29T11:20:00+02:00,8.73671,8.73929,8.73625,8.73868,116
SQ:USDSEK,2020-07-29T11:21:00+02:00,8.73868,8.73880,8.73751,8.73826,97
SQ:USDSEK,2020-07-29T11:22:00+02:00,8.73804,8.73804,8.73701,8.73797,83
SQ:USDSEK,2020-07-29T11:23:00+02:00,8.73804,8.73834,8.73760,8.73769,53
SQ:USDSEK,2020-07-29T11:24:00+02:00,8.73769,8.73792,8.73525,8.73555,84
SQ:USDSEK,2020-07-29T11:25:00+02:00,8.73551,8.73604,8.73407,8.73464,62
SQ:USDSEK,2020-07-29T11:26:00+02:00,8.73464,8.73480,8.73288,8.73301,51
SQ:USDSEK,2020-07-29T11:27:00+02:00,8.73301,8.73353,8.73245,8.73334,48
SQ:USDSEK,2020-07-29T11:28:00+02:00,8.73373,8.73765,8.73342,8.73751,78
SQ:USDSEK,2020-07-29T11:29:00+02:00,8.73759,8.73856,8.73710,8.73726,80
SQ:USDSEK,2020-07-29T11:30:00+02:00,8.73727,8.73884,8.73725,8.73734,96
SQ:USDSEK,2020-07-29T11:31:00+02:00,8.73734,8.73979,8.73730,8.73939,87
SQ:USDSEK,2020-07-29T11:32:00+02:00,8.73939,8.74000,8.73911,8.74000,53
SQ:USDSEK,2020-07-29T11:33:00+02:00,8.74002,8.74510,8.73975,8.74460,113
SQ:USDSEK,2020-07-29T11:34:00+02:00,8.74460,8.74754,8.74460,8.74670,121
SQ:USDSEK,2020-07-29T11:35:00+02:00,8.74670,8.74774,8.74629,8.74671,86
SQ:USDSEK,2020-07-29T11:36:00+02:00,8.74672,8.74673,8.74449,8.74522,128
SQ:USDSEK,2020-07-29T11:37:00+02:00,8.74522,8.74578,8.74426,8.74426,96
SQ:USDSEK,2020-07-29T11:38:00+02:00,8.74424,8.74533,8.74342,8.74496,81
SQ:USDSEK,2020-07-29T11:39:00+02:00,8.74498,8.74528,8.74429,8.74495,63
SQ:USDSEK,2020-07-29T11:40:00+02:00,8.74496,8.74496,8.73725,8.73767,101
SQ:USDSEK,2020-07-29T11:41:00+02:00,8.73751,8.74143,8.73749,8.74087,112
SQ:USDSEK,2020-07-29T11:42:00+02:00,8.74086,8.74166,8.74086,8.74150,70
SQ:USDSEK,2020-07-29T11:43:00+02:00,8.74152,8.74436,8.74152,8.74413,65
SQ:USDSEK,2020-07-29T11:44:00+02:00,8.74413,8.74463,8.74385,8.74460,57
SQ:USDSEK,2020-07-29T11:45:00+02:00,8.74471,8.74602,8.74295,8.74327,102
SQ:USDSEK,2020-07-29T11:46:00+02:00,8.74327,8.74453,8.74314,8.74399,42
SQ:USDSEK,2020-07-29T11:47:00+02:00,8.74392,8.74534,8.74381,8.74534,67
SQ:USDSEK,2020-07-29T11:48:00+02:00,8.74534,8.74760,8.74534,8.74704,45
SQ:USDSEK,2020-07-29T11:49:00+02:00,8.74708,8.74760,8.74701,8.74708,24
SQ:USDSEK,2020-07-29T11:50:00+02:00,8.74708,8.74900,8.74662,8.74890,47
SQ:USDSEK,2020-07-29T11:51:00+02:00,8.74887,8.75149,8.74786,8.75135,95
SQ:USDSEK,2020-07-29T11:52:00+02:00,8.75142,8.75241,8.75125,8.75236,25
SQ:USDSEK,2020-07-29T11:53:00+02:00,8.75254,8.75416,8.75166,8.75184,70
SQ:USDSEK,2020-07-29T11:54:00+02:00,8.75184,8.75370,8.75117,8.75326,76
SQ:USDSEK,2020-07-29T11:55:00+02:00,8.75326,8.75413,8.75260,8.75343,60
SQ:USDSEK,2020-07-29T11:56:00+02:00,8.75366,8.75389,8.75190,8.75346,99
SQ:USDSEK,2020-07-29T11:57:00+02:00,8.75345,8.75345,8.75075,8.75109,71
SQ:USDSEK,2020-07-29T11:58:00+02:00,8.75109,8.75166,8.75068,8.75132,37
SQ:USDSEK,2020-07-29T11:59:00+02:00,8.75132,8.75200,8.75130,8.75130,23
SQ:USDSEK,2020-07-29T12:00:00+02:00,8.75130,8.75205,8.74932,8.74932,74
SQ:USDSEK,2020-07-29T12:01:00+02:00,8.74954,8.75040,8.74852,8.74979,97
SQ:USDSEK,2020-07-29T12:02:00+02:00,8.74972,8.75019,8.74903,8.74939,67
SQ:USDSEK,2020-07-29T12:03:00+02:00,8.74939,8.75159,8.74929,8.75150,58
SQ:USDSEK,2020-07-29T12:04:00+02:00,8.75150,8.75445,8.75150,8.75258,64
SQ:USDSEK,2020-07-29T12:05:00+02:00,8.75258,8.75315,8.75225,8.75246,61
SQ:USDSEK,2020-07-29T12:06:00+02:00,8.75246,8.75246,8.75076,8.75084,48
SQ:USDSEK,2020-07-29T12:07:00+02:00,8.75084,8.75159,8.75002,8.75120,58
SQ:USDSEK,2020-07-29T12:08:00+02:00,8.75120,8.75120,8.74972,8.74978,49
SQ:USDSEK,2020-07-29T12:09:00+02:00,8.74978,8.75070,8.74950,8.75031,47
SQ:USDSEK,2020-07-29T12:10:00+02:00,8.75031,8.75102,8.75013,8.75013,44
SQ:USDSEK,2020-07-29T12:11:00+02:00,8.75022,8.75038,8.74898,8.75006,42
SQ:USDSEK,2020-07-29T12:12:00+02:00,8.75006,8.75280,8.74985,8.75280,73
SQ:USDSEK,2020-07-29T12:13:00+02:00,8.75286,8.75484,8.75132,8.75133,101
SQ:USDSEK,2020-07-29T12:14:00+02:00,8.75133,8.75230,8.75116,8.75153,53
SQ:USDSEK,2020-07-29T12:15:00+02:00,8.75155,8.75184,8.75064,8.75077,57
SQ:USDSEK,2020-07-29T12:16:00+02:00,8.75077,8.75388,8.75062,8.75365,61
SQ:USDSEK,2020-07-29T12:17:00+02:00,8.75359,8.75369,8.75251,8.75324,67
SQ:USDSEK,2020-07-29T12:18:00+02:00,8.75338,8.75362,8.75268,8.75354,50
SQ:USDSEK,2020-07-29T12:19:00+02:00,8.75354,8.75495,8.75354,8.75400,64
SQ:USDSEK,2020-07-29T12:20:00+02:00,8.75403,8.75403,8.75185,8.75223,49
SQ:USDSEK,2020-07-29T12:21:00+02:00,8.75228,8.75232,8.74976,8.75105,68
SQ:USDSEK,2020-07-29T12:22:00+02:00,8.75103,8.75230,8.75015,8.75040,55
SQ:USDSEK,2020-07-29T12:23:00+02:00,8.75027,8.75092,8.75007,8.75047,32
SQ:USDSEK,2020-07-29T12:24:00+02:00,8.75038,8.75110,8.74993,8.75006,55
SQ:USDSEK,2020-07-29T12:25:00+02:00,8.75008,8.75053,8.74929,8.75038,38
SQ:USDSEK,2020-07-29T12:26:00+02:00,8.75038,8.75095,8.75021,8.75072,26
SQ:USDSEK,2020-07-29T12:27:00+02:00,8.75080,8.75095,8.75065,8.75065,7
SQ:USDSEK,2020-07-29T12:28:00+02:00,8.75067,8.75197,8.75064,8.75146,44
SQ:USDSEK,2020-07-29T12:29:00+02:00,8.75160,8.75169,8.75025,8.75083,62
SQ:USDSEK,2020-07-29T12:30:00+02:00,8.75083,8.75514,8.75024,8.75514,84
SQ:USDSEK,2020-07-29T12:31:00+02:00,8.75514,8.75574,8.75313,8.75318,63
SQ:USDSEK,2020-07-29T12:32:00+02:00,8.75309,8.75346,8.75175,8.75258,29
SQ:USDSEK,2020-07-29T12:33:00+02:00,8.75273,8.75311,8.75127,8.75152,61
SQ:USDSEK,2020-07-29T12:34:00+02:00,8.75152,8.75180,8.74995,8.75098,67
SQ:USDSEK,2020-07-29T12:35:00+02:00,8.75110,8.75110,8.74888,8.74927,47
SQ:USDSEK,2020-07-29T12:36:00+02:00,8.74927,8.75063,8.74911,8.75039,37
SQ:USDSEK,2020-07-29T12:37:00+02:00,8.75039,8.75091,8.74974,8.75091,35
SQ:USDSEK,2020-07-29T12:38:00+02:00,8.75105,8.75105,8.74970,8.75037,38
SQ:USDSEK,2020-07-29T12:39:00+02:00,8.75022,8.75160,8.75006,8.75146,34
SQ:USDSEK,2020-07-29T12:40:00+02:00,8.75146,8.75260,8.75129,8.75150,58
SQ:USDSEK,2020-07-29T12:41:00+02:00,8.75148,8.75248,8.75148,8.75212,31
SQ:USDSEK,2020-07-29T12:42:00+02:00,8.75212,8.75273,8.75159,8.75257,51
SQ:USDSEK,2020-07-29T12:43:00+02:00,8.75257,8.75359,8.75237,8.75280,33
SQ:USDSEK,2020-07-29T12:44:00+02:00,8.75280,8.75429,8.75259,8.75429,35
SQ:USDSEK,2020-07-29T12:45:00+02:00,8.75429,8.75645,8.75424,8.75580,68
SQ:USDSEK,2020-07-29T12:46:00+02:00,8.75580,8.75580,8.74865,8.74969,130
SQ:USDSEK,2020-07-29T12:47:00+02:00,8.74969,8.75040,8.74901,8.74977,88
SQ:USDSEK,2020-07-29T12:48:00+02:00,8.74977,8.75142,8.74951,8.75031,81
SQ:USDSEK,2020-07-29T12:49:00+02:00,8.75031,8.75143,8.74980,8.75125,64
SQ:USDSEK,2020-07-29T12:50:00+02:00,8.75131,8.75172,8.75077,8.75091,32
SQ:USDSEK,2020-07-29T12:51:00+02:00,8.75091,8.75537,8.75091,8.75537,87
SQ:USDSEK,2020-07-29T12:52:00+02:00,8.75529,8.75529,8.75260,8.75286,110
SQ:USDSEK,2020-07-29T12:53:00+02:00,8.75290,8.75360,8.75165,8.75190,65
SQ:USDSEK,2020-07-29T12:54:00+02:00,8.75192,8.75543,8.75169,8.75489,75
SQ:USDSEK,2020-07-29T12:55:00+02:00,8.75489,8.75720,8.75481,8.75647,67
SQ:USDSEK,2020-07-29T12:56:00+02:00,8.75644,8.75772,8.75603,8.75603,42
SQ:USDSEK,2020-07-29T12:57:00+02:00,8.75610,8.75772,8.75604,8.75762,41
SQ:USDSEK,2020-07-29T12:58:00+02:00,8.75762,8.75947,8.75693,8.75928,64
SQ:USDSEK,2020-07-29T12:59:00+02:00,8.75928,8.75928,8.75763,8.75805,47
SQ:USDSEK,2020-07-29T13:00:00+02:00,8.75806,8.76026,8.75694,8.76026,68
SQ:USDSEK,2020-07-29T13:01:00+02:00,8.76026,8.76097,8.75991,8.76036,66
SQ:USDSEK,2020-07-29T13:02:00+02:00,8.76036,8.76036,8.75780,8.75947,73
SQ:USDSEK,2020-07-29T13:03:00+02:00,8.75934,8.76185,8.75906,8.76006,90
SQ:USDSEK,2020-07-29T13:04:00+02:00,8.75998,8.76158,8.75980,8.76158,53
SQ:USDSEK,2020-07-29T13:05:00+02:00,8.76128,8.76478,8.76110,8.76411,106
SQ:USDSEK,2020-07-29T13:06:00+02:00,8.76404,8.76414,8.76121,8.76201,110
SQ:USDSEK,2020-07-29T13:07:00+02:00,8.76230,8.76310,8.76185,8.76260,77
SQ:USDSEK,2020-07-29T13:08:00+02:00,8.76240,8.76302,8.76170,8.76302,87
SQ:USDSEK,2020-07-29T13:09:00+02:00,8.76297,8.76345,8.76215,8.76258,75
SQ:USDSEK,2020-07-29T13:10:00+02:00,8.76249,8.76406,8.76221,8.76358,80
SQ:USDSEK,2020-07-29T13:11:00+02:00,8.76358,8.76582,8.76343,8.76523,83
SQ:USDSEK,2020-07-29T13:12:00+02:00,8.76523,8.76684,8.76472,8.76684,92
SQ:USDSEK,2020-07-29T13:13:00+02:00,8.76684,8.76911,8.76635,8.76840,106
SQ:USDSEK,2020-07-29T13:14:00+02:00,8.76840,8.76963,8.76784,8.76963,57
SQ:USDSEK,2020-07-29T13:15:00+02:00,8.76977,8.77119,8.76873,8.77104,78
SQ:USDSEK,2020-07-29T13:16:00+02:00,8.77104,8.77277,8.76959,8.77207,92
SQ:USDSEK,2020-07-29T13:17:00+02:00,8.77207,8.77416,8.77039,8.77332,87
SQ:USDSEK,2020-07-29T13:18:00+02:00,8.77322,8.77402,8.77243,8.77346,56
SQ:USDSEK,2020-07-29T13:19:00+02:00,8.77339,8.77396,8.77166,8.77225,84
SQ:USDSEK,2020-07-29T13:20:00+02:00,8.77228,8.77306,8.76940,8.77160,139
SQ:USDSEK,2020-07-29T13:21:00+02:00,8.77150,8.77414,8.77060,8.77396,82
SQ:USDSEK,2020-07-29T13:22:00+02:00,8.77377,8.77380,8.77026,8.77129,89
SQ:USDSEK,2020-07-29T13:23:00+02:00,8.77130,8.77205,8.77022,8.77164,74
SQ:USDSEK,2020-07-29T13:24:00+02:00,8.77164,8.77186,8.77048,8.77070,47
SQ:USDSEK,2020-07-29T13:25:00+02:00,8.77079,8.77088,8.76875,8.76875,41
SQ:USDSEK,2020-07-29T13:26:00+02:00,8.76867,8.77080,8.76759,8.76965,74
SQ:USDSEK,2020-07-29T13:27:00+02:00,8.76965,8.77057,8.76918,8.77051,51
SQ:USDSEK,2020-07-29T13:28:00+02:00,8.77048,8.77208,8.77021,8.77166,46
SQ:USDSEK,2020-07-29T13:29:00+02:00,8.77155,8.77306,8.77137,8.77257,70
SQ:USDSEK,2020-07-29T13:30:00+02:00,8.77257,8.77427,8.77233,8.77407,68
SQ:USDSEK,2020-07-29T13:31:00+02:00,8.77407,8.77413,8.77054,8.77081,65
SQ:USDSEK,2020-07-29T13:32:00+02:00,8.77081,8.77239,8.77002,8.77202,40
SQ:USDSEK,2020-07-29T13:33:00+02:00,8.77202,8.77295,8.77181,8.77209,42
SQ:USDSEK,2020-07-29T13:34:00+02:00,8.77209,8.77251,8.77165,8.77239,41
SQ:USDSEK,2020-07-29T13:35:00+02:00,8.77234,8.77234,8.76941,8.77108,114
SQ:USDSEK,2020-07-29T13:36:00+02:00,8.77137,8.77145,8.77018,8.77053,93
SQ:USDSEK,2020-07-29T13:37:00+02:00,8.77053,8.77372,8.77053,8.77167,115
SQ:USDSEK,2020-07-29T13:38:00+02:00,8.77174,8.77187,8.76927,8.76930,104
SQ:USDSEK,2020-07-29T13:39:00+02:00,8.76940,8.76990,8.76912,8.76980,72
SQ:USDSEK,2020-07-29T13:40:00+02:00,8.76980,8.76980,8.76720,8.76740,89
SQ:USDSEK,2020-07-29T13:41:00+02:00,8.76746,8.77074,8.76742,8.77022,114
SQ:USDSEK,2020-07-29T13:42:00+02:00,8.77017,8.77309,8.76992,8.77273,85
SQ:USDSEK,2020-07-29T13:43:00+02:00,8.77271,8.77308,8.77056,8.77060,96
SQ:USDSEK,2020-07-29T13:44:00+02:00,8.77060,8.77145,8.77000,8.77040,105
SQ:USDSEK,2020-07-29T13:45:00+02:00,8.77040,8.77048,8.76700,8.76933,106
SQ:USDSEK,2020-07-29T13:46:00+02:00,8.76924,8.76951,8.76855,8.76907,36
SQ:USDSEK,2020-07-29T13:47:00+02:00,8.76907,8.76907,8.76829,8.76875,46
SQ:USDSEK,2020-07-29T13:48:00+02:00,8.76875,8.77010,8.76872,8.76978,46
SQ:USDSEK,2020-07-29T13:49:00+02:00,8.76978,8.77096,8.76978,8.77042,75
SQ:USDSEK,2020-07-29T13:50:00+02:00,8.77042,8.77262,8.77042,8.77239,61
SQ:USDSEK,2020-07-29T13:51:00+02:00,8.77239,8.77239,8.77166,8.77229,40
SQ:USDSEK,2020-07-29T13:52:00+02:00,8.77229,8.77331,8.77195,8.77277,63
SQ:USDSEK,2020-07-29T13:53:00+02:00,8.77276,8.77276,8.77140,8.77190,89
SQ:USDSEK,2020-07-29T13:54:00+02:00,8.77170,8.77173,8.77020,8.77050,76
SQ:USDSEK,2020-07-29T13:55:00+02:00,8.77060,8.77130,8.77021,8.77120,45
SQ:USDSEK,2020-07-29T13:56:00+02:00,8.77120,8.77154,8.76941,8.76979,95
SQ:USDSEK,2020-07-29T13:57:00+02:00,8.76980,8.77260,8.76980,8.77254,103
SQ:USDSEK,2020-07-29T13:58:00+02:00,8.77265,8.77661,8.77250,8.77552,195
SQ:USDSEK,2020-07-29T13:59:00+02:00,8.77552,8.77948,8.77527,8.77786,127
SQ:USDSEK,2020-07-29T14:00:00+02:00,8.77786,8.77891,8.77616,8.77802,144
SQ:USDSEK,2020-07-29T14:01:00+02:00,8.77810,8.78020,8.77742,8.78000,134
SQ:USDSEK,2020-07-29T14:02:00+02:00,8.78020,8.78256,8.77883,8.77911,149
SQ:USDSEK,2020-07-29T14:03:00+02:00,8.77924,8.78192,8.77924,8.78054,103
SQ:USDSEK,2020-07-29T14:04:00+02:00,8.78039,8.78116,8.77886,8.77987,113
SQ:USDSEK,2020-07-29T14:05:00+02:00,8.77987,8.78120,8.77972,8.77983,85
SQ:USDSEK,2020-07-29T14:06:00+02:00,8.77976,8.78330,8.77946,8.78089,91
SQ:USDSEK,2020-07-29T14:07:00+02:00,8.78083,8.78083,8.77764,8.77962,97
SQ:USDSEK,2020-07-29T14:08:00+02:00,8.77962,8.77965,8.77608,8.77754,74
SQ:USDSEK,2020-07-29T14:09:00+02:00,8.77766,8.77811,8.77590,8.77610,76
SQ:USDSEK,2020-07-29T14:10:00+02:00,8.77612,8.77705,8.77446,8.77449,74
SQ:USDSEK,2020-07-29T14:11:00+02:00,8.77449,8.77549,8.77296,8.77364,90
SQ:USDSEK,2020-07-29T14:12:00+02:00,8.77364,8.77596,8.77364,8.77554,100
SQ:USDSEK,2020-07-29T14:13:00+02:00,8.77543,8.77610,8.77470,8.77593,127
SQ:USDSEK,2020-07-29T14:14:00+02:00,8.77593,8.77593,8.77156,8.77156,87
SQ:USDSEK,2020-07-29T14:15:00+02:00,8.77156,8.77515,8.77138,8.77408,134
SQ:USDSEK,2020-07-29T14:16:00+02:00,8.77408,8.77750,8.77408,8.77612,154
SQ:USDSEK,2020-07-29T14:17:00+02:00,8.77600,8.77628,8.77343,8.77546,178
SQ:USDSEK,2020-07-29T14:18:00+02:00,8.77561,8.77603,8.77383,8.77400,114
SQ:USDSEK,2020-07-29T14:19:00+02:00,8.77390,8.77713,8.77331,8.77459,156
SQ:USDSEK,2020-07-29T14:20:00+02:00,8.77489,8.77581,8.77274,8.77282,85
SQ:USDSEK,2020-07-29T14:21:00+02:00,8.77295,8.77325,8.77199,8.77227,66
SQ:USDSEK,2020-07-29T14:22:00+02:00,8.77227,8.77544,8.77202,8.77474,98
SQ:USDSEK,2020-07-29T14:23:00+02:00,8.77474,8.77889,8.77474,8.77733,103
SQ:USDSEK,2020-07-29T14:24:00+02:00,8.77733,8.77825,8.77578,8.77771,103
SQ:USDSEK,2020-07-29T14:25:00+02:00,8.77771,8.77847,8.77398,8.77426,87
SQ:USDSEK,2020-07-29T14:26:00+02:00,8.77413,8.77544,8.77351,8.77540,76
SQ:USDSEK,2020-07-29T14:27:00+02:00,8.77542,8.77764,8.77542,8.77668,90
SQ:USDSEK,2020-07-29T14:28:00+02:00,8.77670,8.77812,8.77613,8.77812,63
SQ:USDSEK,2020-07-29T14:29:00+02:00,8.77812,8.77851,8.77686,8.77762,56
SQ:USDSEK,2020-07-29T14:30:00+02:00,8.77762,8.77821,8.77674,8.77789,58
SQ:USDSEK,2020-07-29T14:31:00+02:00,8.77800,8.77800,8.77531,8.77660,113
SQ:USDSEK,2020-07-29T14:32:00+02:00,8.77660,8.77810,8.77609,8.77791,49
SQ:USDSEK,2020-07-29T14:33:00+02:00,8.77791,8.77805,8.77625,8.77673,61
SQ:USDSEK,2020-07-29T14:34:00+02:00,8.77673,8.77888,8.77603,8.77603,102
SQ:USDSEK,2020-07-29T14:35:00+02:00,8.77613,8.77780,8.77500,8.77680,116
SQ:USDSEK,2020-07-29T14:36:00+02:00,8.77695,8.77837,8.77632,8.77730,84
SQ:USDSEK,2020-07-29T14:37:00+02:00,8.77760,8.78010,8.77699,8.77699,117
SQ:USDSEK,2020-07-29T14:38:00+02:00,8.77703,8.77868,8.77703,8.77781,99
SQ:USDSEK,2020-07-29T14:39:00+02:00,8.77786,8.77975,8.77759,8.77823,116
SQ:USDSEK,2020-07-29T14:40:00+02:00,8.77815,8.78020,8.77592,8.77900,146
SQ:USDSEK,2020-07-29T14:41:00+02:00,8.77900,8.78074,8.77854,8.77914,106
SQ:USDSEK,2020-07-29T14:42:00+02:00,8.77911,8.77912,8.77760,8.77798,66
SQ:USDSEK,2020-07-29T14:43:00+02:00,8.77805,8.77825,8.77614,8.77683,67
SQ:USDSEK,2020-07-29T14:44:00+02:00,8.77683,8.77714,8.77492,8.77550,84
SQ:USDSEK,2020-07-29T14:45:00+02:00,8.77550,8.77550,8.77293,8.77302,102
SQ:USDSEK,2020-07-29T14:46:00+02:00,8.77298,8.77398,8.77199,8.77221,72
SQ:USDSEK,2020-07-29T14:47:00+02:00,8.77213,8.77213,8.77039,8.77054,121
SQ:USDSEK,2020-07-29T14:48:00+02:00,8.77047,8.77247,8.77047,8.77096,81
SQ:USDSEK,2020-07-29T14:49:00+02:00,8.77095,8.77314,8.77009,8.77267,110
SQ:USDSEK,2020-07-29T14:50:00+02:00,8.77267,8.77292,8.77060,8.77082,68
SQ:USDSEK,2020-07-29T14:51:00+02:00,8.77082,8.77112,8.76968,8.77067,94
SQ:USDSEK,2020-07-29T14:52:00+02:00,8.77074,8.77165,8.77074,8.77153,40
SQ:USDSEK,2020-07-29T14:53:00+02:00,8.77153,8.77173,8.76904,8.76993,60
SQ:USDSEK,2020-07-29T14:54:00+02:00,8.76993,8.77130,8.76866,8.76901,81
SQ:USDSEK,2020-07-29T14:55:00+02:00,8.76901,8.76955,8.76652,8.76735,110
SQ:USDSEK,2020-07-29T14:56:00+02:00,8.76727,8.77293,8.76726,8.77147,111
SQ:USDSEK,2020-07-29T14:57:00+02:00,8.77147,8.77201,8.76987,8.77041,91
SQ:USDSEK,2020-07-29T14:58:00+02:00,8.77045,8.77045,8.76734,8.76885,110
SQ:USDSEK,2020-07-29T14:59:00+02:00,8.76885,8.76969,8.76737,8.76790,114
SQ:USDSEK,2020-07-29T15:00:00+02:00,8.76790,8.76920,8.76621,8.76628,100
SQ:USDSEK,2020-07-29T15:01:00+02:00,8.76622,8.76700,8.76489,8.76582,101
SQ:USDSEK,2020-07-29T15:02:00+02:00,8.76582,8.76614,8.76421,8.76547,85
SQ:USDSEK,2020-07-29T15:03:00+02:00,8.76532,8.76590,8.76350,8.76350,105
SQ:USDSEK,2020-07-29T15:04:00+02:00,8.76358,8.76383,8.76236,8.76282,82
SQ:USDSEK,2020-07-29T15:05:00+02:00,8.76282,8.76309,8.76020,8.76035,113
SQ:USDSEK,2020-07-29T15:06:00+02:00,8.76045,8.76214,8.76029,8.76199,71
SQ:USDSEK,2020-07-29T15:07:00+02:00,8.76201,8.76592,8.76201,8.76552,111
SQ:USDSEK,2020-07-29T15:08:00+02:00,8.76560,8.76583,8.76194,8.76195,65
SQ:USDSEK,2020-07-29T15:09:00+02:00,8.76195,8.76278,8.76117,8.76131,75
SQ:USDSEK,2020-07-29T15:10:00+02:00,8.76148,8.76281,8.76057,8.76057,70
SQ:USDSEK,2020-07-29T15:11:00+02:00,8.76057,8.76067,8.75928,8.75969,71
SQ:USDSEK,2020-07-29T15:12:00+02:00,8.75969,8.76118,8.75907,8.76071,66
SQ:USDSEK,2020-07-29T15:13:00+02:00,8.76071,8.76119,8.75718,8.75732,64
SQ:USDSEK,2020-07-29T15:14:00+02:00,8.75703,8.75809,8.75643,8.75731,57
SQ:USDSEK,2020-07-29T15:15:00+02:00,8.75731,8.76000,8.75731,8.75987,90
SQ:USDSEK,2020-07-29T15:16:00+02:00,8.75987,8.76051,8.75945,8.75974,59
SQ:USDSEK,2020-07-29T15:17:00+02:00,8.75991,8.76074,8.75891,8.76074,54
SQ:USDSEK,2020-07-29T15:18:00+02:00,8.76074,8.76394,8.76074,8.76336,138
SQ:USDSEK,2020-07-29T15:19:00+02:00,8.76327,8.76327,8.76052,8.76156,83
SQ:USDSEK,2020-07-29T15:20:00+02:00,8.76143,8.76143,8.75939,8.75955,66
SQ:USDSEK,2020-07-29T15:21:00+02:00,8.75955,8.75973,8.75845,8.75894,49
SQ:USDSEK,2020-07-29T15:22:00+02:00,8.75888,8.75930,8.75708,8.75792,105
SQ:USDSEK,2020-07-29T15:23:00+02:00,8.75804,8.75981,8.75798,8.75835,87
SQ:USDSEK,2020-07-29T15:24:00+02:00,8.75835,8.75964,8.75800,8.75891,83
SQ:USDSEK,2020-07-29T15:25:00+02:00,8.75898,8.75982,8.75889,8.75978,140
SQ:USDSEK,2020-07-29T15:26:00+02:00,8.75978,8.76083,8.75929,8.75930,91
SQ:USDSEK,2020-07-29T15:27:00+02:00,8.75948,8.76033,8.75933,8.75986,187
SQ:USDSEK,2020-07-29T15:28:00+02:00,8.75983,8.76101,8.75913,8.76045,99
SQ:USDSEK,2020-07-29T15:29:00+02:00,8.76045,8.76137,8.75945,8.76066,68
SQ:USDSEK,2020-07-29T15:30:00+02:00,8.76085,8.76113,8.75927,8.76030,152
SQ:USDSEK,2020-07-29T15:31:00+02:00,8.76050,8.76120,8.75829,8.75846,135
SQ:USDSEK,2020-07-29T15:32:00+02:00,8.75845,8.75932,8.75566,8.75588,110
SQ:USDSEK,2020-07-29T15:33:00+02:00,8.75624,8.75645,8.74831,8.74831,306
SQ:USDSEK,2020-07-29T15:34:00+02:00,8.74828,8.75227,8.74709,8.75205,249
SQ:USDSEK,2020-07-29T15:35:00+02:00,8.75203,8.75520,8.75158,8.75212,265
SQ:USDSEK,2020-07-29T15:36:00+02:00,8.75212,8.75720,8.75114,8.75415,177
SQ:USDSEK,2020-07-29T15:37:00+02:00,8.75415,8.75480,8.75104,8.75158,137
SQ:USDSEK,2020-07-29T15:38:00+02:00,8.75158,8.75250,8.75000,8.75102,94
SQ:USDSEK,2020-07-29T15:39:00+02:00,8.75089,8.75648,8.74941,8.75555,155
SQ:USDSEK,2020-07-29T15:40:00+02:00,8.75557,8.75955,8.75447,8.75921,178
SQ:USDSEK,2020-07-29T15:41:00+02:00,8.75912,8.76322,8.75583,8.76314,175
SQ:USDSEK,2020-07-29T15:42:00+02:00,8.76305,8.76353,8.75913,8.75913,156
SQ:USDSEK,2020-07-29T15:43:00+02:00,8.75903,8.75933,8.75657,8.75657,173
SQ:USDSEK,2020-07-29T15:44:00+02:00,8.75657,8.76031,8.75657,8.75953,205
SQ:USDSEK,2020-07-29T15:45:00+02:00,8.75960,8.76393,8.75870,8.76130,192
SQ:USDSEK,2020-07-29T15:46:00+02:00,8.76130,8.76140,8.75614,8.75841,156
SQ:USDSEK,2020-07-29T15:47:00+02:00,8.75854,8.76020,8.75825,8.75940,108
SQ:USDSEK,2020-07-29T15:48:00+02:00,8.75930,8.76241,8.75910,8.76241,132
SQ:USDSEK,2020-07-29T15:49:00+02:00,8.76241,8.76300,8.76092,8.76244,141
SQ:USDSEK,2020-07-29T15:50:00+02:00,8.76259,8.76281,8.76057,8.76215,141
SQ:USDSEK,2020-07-29T15:51:00+02:00,8.76201,8.76350,8.76050,8.76243,149
SQ:USDSEK,2020-07-29T15:52:00+02:00,8.76237,8.76521,8.76150,8.76404,140
SQ:USDSEK,2020-07-29T15:53:00+02:00,8.76404,8.76437,8.76219,8.76326,96
SQ:USDSEK,2020-07-29T15:54:00+02:00,8.76311,8.76449,8.76187,8.76210,119
SQ:USDSEK,2020-07-29T15:55:00+02:00,8.76207,8.76207,8.75920,8.75980,126
SQ:USDSEK,2020-07-29T15:56:00+02:00,8.75987,8.76179,8.75764,8.75827,120
SQ:USDSEK,2020-07-29T15:57:00+02:00,8.75827,8.76091,8.75827,8.75999,77
SQ:USDSEK,2020-07-29T15:58:00+02:00,8.76013,8.76031,8.75685,8.75692,96
SQ:USDSEK,2020-07-29T15:59:00+02:00,8.75679,8.75696,8.75573,8.75667,85
SQ:USDSEK,2020-07-29T16:00:00+02:00,8.75676,8.75682,8.75340,8.75408,150
SQ:USDSEK,2020-07-29T16:01:00+02:00,8.75408,8.75408,8.75115,8.75190,142
SQ:USDSEK,2020-07-29T16:02:00+02:00,8.75187,8.75226,8.75097,8.75149,93
SQ:USDSEK,2020-07-29T16:03:00+02:00,8.75163,8.75274,8.75143,8.75252,46
SQ:USDSEK,2020-07-29T16:04:00+02:00,8.75256,8.75407,8.75083,8.75090,98
SQ:USDSEK,2020-07-29T16:05:00+02:00,8.75090,8.75106,8.74740,8.75027,129
SQ:USDSEK,2020-07-29T16:06:00+02:00,8.75033,8.75219,8.74944,8.75168,111
SQ:USDSEK,2020-07-29T16:07:00+02:00,8.75168,8.75301,8.75098,8.75098,110
SQ:USDSEK,2020-07-29T16:08:00+02:00,8.75098,8.75344,8.74837,8.75153,129
SQ:USDSEK,2020-07-29T16:09:00+02:00,8.75153,8.75213,8.75055,8.75213,254
SQ:USDSEK,2020-07-29T16:10:00+02:00,8.75213,8.75213,8.74997,8.75121,71
SQ:USDSEK,2020-07-29T16:11:00+02:00,8.75145,8.75245,8.75036,8.75044,124
SQ:USDSEK,2020-07-29T16:12:00+02:00,8.75053,8.75104,8.74827,8.74834,127
SQ:USDSEK,2020-07-29T16:13:00+02:00,8.74841,8.75074,8.74722,8.75074,139
SQ:USDSEK,2020-07-29T16:14:00+02:00,8.75074,8.75895,8.75044,8.75895,260
SQ:USDSEK,2020-07-29T16:15:00+02:00,8.75900,8.75940,8.75327,8.75421,225
SQ:USDSEK,2020-07-29T16:16:00+02:00,8.75435,8.75502,8.75007,8.75048,127
SQ:USDSEK,2020-07-29T16:17:00+02:00,8.75078,8.75288,8.74979,8.75038,132
SQ:USDSEK,2020-07-29T16:18:00+02:00,8.75032,8.75032,8.74714,8.74950,128
SQ:USDSEK,2020-07-29T16:19:00+02:00,8.74946,8.75486,8.74916,8.75302,273
SQ:USDSEK,2020-07-29T16:20:00+02:00,8.75301,8.75415,8.75086,8.75180,189
SQ:USDSEK,2020-07-29T16:21:00+02:00,8.75181,8.75341,8.75170,8.75294,136
SQ:USDSEK,2020-07-29T16:22:00+02:00,8.75295,8.75469,8.75197,8.75422,109
SQ:USDSEK,2020-07-29T16:23:00+02:00,8.75421,8.75853,8.75385,8.75675,90
SQ:USDSEK,2020-07-29T16:24:00+02:00,8.75675,8.75746,8.75603,8.75639,85
SQ:USDSEK,2020-07-29T16:25:00+02:00,8.75631,8.75811,8.75454,8.75471,139
SQ:USDSEK,2020-07-29T16:26:00+02:00,8.75471,8.75474,8.75244,8.75261,84
SQ:USDSEK,2020-07-29T16:27:00+02:00,8.75260,8.75712,8.75207,8.75584,159
SQ:USDSEK,2020-07-29T16:28:00+02:00,8.75588,8.75668,8.75351,8.75457,83
SQ:USDSEK,2020-07-29T16:29:00+02:00,8.75457,8.75688,8.75361,8.75670,143
SQ:USDSEK,2020-07-29T16:30:00+02:00,8.75682,8.75682,8.75319,8.75474,176
SQ:USDSEK,2020-07-29T16:31:00+02:00,8.75455,8.75798,8.75331,8.75798,148
SQ:USDSEK,2020-07-29T16:32:00+02:00,8.75785,8.76150,8.75752,8.76040,157
SQ:USDSEK,2020-07-29T16:33:00+02:00,8.76048,8.76188,8.75790,8.75845,128
SQ:USDSEK,2020-07-29T16:34:00+02:00,8.75833,8.75952,8.75602,8.75952,125
SQ:USDSEK,2020-07-29T16:35:00+02:00,8.75952,8.76092,8.75780,8.76016,81
SQ:USDSEK,2020-07-29T16:36:00+02:00,8.76042,8.76099,8.75838,8.75911,97
SQ:USDSEK,2020-07-29T16:37:00+02:00,8.75919,8.75919,8.75646,8.75737,106
SQ:USDSEK,2020-07-29T16:38:00+02:00,8.75730,8.75816,8.75351,8.75440,86
SQ:USDSEK,2020-07-29T16:39:00+02:00,8.75425,8.75460,8.75250,8.75270,136
SQ:USDSEK,2020-07-29T16:40:00+02:00,8.75270,8.75470,8.75219,8.75319,116
SQ:USDSEK,2020-07-29T16:41:00+02:00,8.75318,8.75318,8.74671,8.74700,149
SQ:USDSEK,2020-07-29T16:42:00+02:00,8.74730,8.75027,8.74390,8.74923,189
SQ:USDSEK,2020-07-29T16:43:00+02:00,8.74923,8.74923,8.74393,8.74393,133
SQ:USDSEK,2020-07-29T16:44:00+02:00,8.74382,8.74906,8.74200,8.74706,253
SQ:USDSEK,2020-07-29T16:45:00+02:00,8.74706,8.75208,8.74565,8.75196,180
SQ:USDSEK,2020-07-29T16:46:00+02:00,8.75183,8.75183,8.74258,8.74400,246
SQ:USDSEK,2020-07-29T16:47:00+02:00,8.74410,8.74414,8.74076,8.74115,207
SQ:USDSEK,2020-07-29T16:48:00+02:00,8.74130,8.74340,8.73860,8.73920,232
SQ:USDSEK,2020-07-29T16:49:00+02:00,8.73920,8.74060,8.73711,8.74053,137
SQ:USDSEK,2020-07-29T16:50:00+02:00,8.74065,8.74228,8.74029,8.74228,116
SQ:USDSEK,2020-07-29T16:51:00+02:00,8.74228,8.74280,8.73761,8.74140,188
SQ:USDSEK,2020-07-29T16:52:00+02:00,8.74140,8.74610,8.74140,8.74480,132
SQ:USDSEK,2020-07-29T16:53:00+02:00,8.74455,8.74705,8.74450,8.74662,142
SQ:USDSEK,2020-07-29T16:54:00+02:00,8.74660,8.74826,8.74429,8.74537,164
SQ:USDSEK,2020-07-29T16:55:00+02:00,8.74538,8.75355,8.74509,8.75209,254
SQ:USDSEK,2020-07-29T16:56:00+02:00,8.75209,8.75231,8.74667,8.75012,261
SQ:USDSEK,2020-07-29T16:57:00+02:00,8.75006,8.75465,8.74910,8.75297,206
SQ:USDSEK,2020-07-29T16:58:00+02:00,8.75289,8.75509,8.74960,8.75323,201
SQ:USDSEK,2020-07-29T16:59:00+02:00,8.75323,8.75380,8.75043,8.75244,188
SQ:USDSEK,2020-07-29T17:00:00+02:00,8.75264,8.75660,8.75213,8.75634,207
SQ:USDSEK,2020-07-29T17:01:00+02:00,8.75627,8.75817,8.75599,8.75744,166
SQ:USDSEK,2020-07-29T17:02:00+02:00,8.75778,8.75925,8.75340,8.75340,230
SQ:USDSEK,2020-07-29T17:03:00+02:00,8.75344,8.75788,8.75229,8.75669,128
SQ:USDSEK,2020-07-29T17:04:00+02:00,8.75649,8.75682,8.75542,8.75592,88
SQ:USDSEK,2020-07-29T17:05:00+02:00,8.75592,8.75822,8.75561,8.75814,67
SQ:USDSEK,2020-07-29T17:06:00+02:00,8.75823,8.76015,8.75813,8.75923,123
SQ:USDSEK,2020-07-29T17:07:00+02:00,8.75923,8.75930,8.75491,8.75521,73
SQ:USDSEK,2020-07-29T17:08:00+02:00,8.75521,8.75557,8.75169,8.75234,97
SQ:USDSEK,2020-07-29T17:09:00+02:00,8.75247,8.75425,8.75247,8.75379,73
SQ:USDSEK,2020-07-29T17:10:00+02:00,8.75379,8.75587,8.75379,8.75578,61
SQ:USDSEK,2020-07-29T17:11:00+02:00,8.75578,8.75699,8.75461,8.75515,88
SQ:USDSEK,2020-07-29T17:12:00+02:00,8.75515,8.75528,8.75389,8.75447,41
SQ:USDSEK,2020-07-29T17:13:00+02:00,8.75447,8.75558,8.75422,8.75446,62
SQ:USDSEK,2020-07-29T17:14:00+02:00,8.75443,8.75796,8.75443,8.75796,49
SQ:USDSEK,2020-07-29T17:15:00+02:00,8.75789,8.75821,8.75577,8.75615,83
SQ:USDSEK,2020-07-29T17:16:00+02:00,8.75627,8.75670,8.75298,8.75333,64
SQ:USDSEK,2020-07-29T17:17:00+02:00,8.75334,8.75390,8.75231,8.75285,47
SQ:USDSEK,2020-07-29T17:18:00+02:00,8.75288,8.75308,8.75161,8.75235,88
SQ:USDSEK,2020-07-29T17:19:00+02:00,8.75269,8.75679,8.75269,8.75633,110
SQ:USDSEK,2020-07-29T17:20:00+02:00,8.75633,8.75633,8.75356,8.75520,91
SQ:USDSEK,2020-07-29T17:21:00+02:00,8.75523,8.75982,8.75523,8.75837,110
SQ:USDSEK,2020-07-29T17:22:00+02:00,8.75840,8.75890,8.75632,8.75686,109
SQ:USDSEK,2020-07-29T17:23:00+02:00,8.75683,8.75725,8.75583,8.75613,53
SQ:USDSEK,2020-07-29T17:24:00+02:00,8.75626,8.75870,8.75626,8.75727,76
SQ:USDSEK,2020-07-29T17:25:00+02:00,8.75727,8.75833,8.75605,8.75700,83
SQ:USDSEK,2020-07-29T17:26:00+02:00,8.75700,8.75704,8.75278,8.75403,74
SQ:USDSEK,2020-07-29T17:27:00+02:00,8.75401,8.75473,8.75160,8.75182,58
SQ:USDSEK,2020-07-29T17:28:00+02:00,8.75182,8.75225,8.74997,8.75037,68
SQ:USDSEK,2020-07-29T17:29:00+02:00,8.75037,8.75037,8.74619,8.74646,107
SQ:USDSEK,2020-07-29T17:30:00+02:00,8.74644,8.74980,8.74629,8.74967,77
SQ:USDSEK,2020-07-29T17:31:00+02:00,8.74967,8.75130,8.74967,8.75000,101
SQ:USDSEK,2020-07-29T17:32:00+02:00,8.74981,8.75029,8.74882,8.74971,64
SQ:USDSEK,2020-07-29T17:33:00+02:00,8.74971,8.74990,8.74887,8.74940,89
SQ:USDSEK,2020-07-29T17:34:00+02:00,8.74940,8.75115,8.74900,8.75091,51
SQ:USDSEK,2020-07-29T17:35:00+02:00,8.75108,8.75180,8.75023,8.75155,86
SQ:USDSEK,2020-07-29T17:36:00+02:00,8.75160,8.75290,8.75084,8.75176,85
SQ:USDSEK,2020-07-29T17:37:00+02:00,8.75176,8.75217,8.75104,8.75133,52
SQ:USDSEK,2020-07-29T17:38:00+02:00,8.75130,8.75170,8.75064,8.75073,70
SQ:USDSEK,2020-07-29T17:39:00+02:00,8.75070,8.75070,8.74939,8.74941,70
SQ:USDSEK,2020-07-29T17:40:00+02:00,8.74950,8.74960,8.74818,8.74867,142
SQ:USDSEK,2020-07-29T17:41:00+02:00,8.74860,8.74904,8.74827,8.74827,47
SQ:USDSEK,2020-07-29T17:42:00+02:00,8.74819,8.74830,8.74751,8.74799,79
SQ:USDSEK,2020-07-29T17:43:00+02:00,8.74794,8.74844,8.74737,8.74801,161
SQ:USDSEK,2020-07-29T17:44:00+02:00,8.74801,8.74827,8.74633,8.74710,221
SQ:USDSEK,2020-07-29T17:45:00+02:00,8.74709,8.74761,8.74671,8.74736,125
SQ:USDSEK,2020-07-29T17:46:00+02:00,8.74757,8.74853,8.74707,8.74740,94
SQ:USDSEK,2020-07-29T17:47:00+02:00,8.74748,8.74882,8.74748,8.74847,50
SQ:USDSEK,2020-07-29T17:48:00+02:00,8.74847,8.74922,8.74771,8.74845,144
SQ:USDSEK,2020-07-29T17:49:00+02:00,8.74845,8.74857,8.74714,8.74810,161
SQ:USDSEK,2020-07-29T17:50:00+02:00,8.74800,8.74820,8.74613,8.74613,98
SQ:USDSEK,2020-07-29T17:51:00+02:00,8.74621,8.74652,8.74603,8.74610,41
SQ:USDSEK,2020-07-29T17:52:00+02:00,8.74610,8.74640,8.74541,8.74622,66
SQ:USDSEK,2020-07-29T17:53:00+02:00,8.74622,8.74660,8.74570,8.74586,66
SQ:USDSEK,2020-07-29T17:54:00+02:00,8.74586,8.74733,8.74527,8.74733,70
SQ:USDSEK,2020-07-29T17:55:00+02:00,8.74733,8.74972,8.74710,8.74972,74
SQ:USDSEK,2020-07-29T17:56:00+02:00,8.74974,8.75133,8.74952,8.75127,52
SQ:USDSEK,2020-07-29T17:57:00+02:00,8.75127,8.75307,8.75107,8.75296,56
SQ:USDSEK,2020-07-29T17:58:00+02:00,8.75296,8.75366,8.75183,8.75365,61
SQ:USDSEK,2020-07-29T17:59:00+02:00,8.75367,8.75503,8.75298,8.75397,81
SQ:USDSEK,2020-07-29T18:00:00+02:00,8.75397,8.75674,8.75347,8.75651,85
SQ:USDSEK,2020-07-29T18:01:00+02:00,8.75649,8.75677,8.75518,8.75577,101
SQ:USDSEK,2020-07-29T18:02:00+02:00,8.75589,8.75589,8.75500,8.75512,70
SQ:USDSEK,2020-07-29T18:03:00+02:00,8.75510,8.75532,8.75317,8.75358,58
SQ:USDSEK,2020-07-29T18:04:00+02:00,8.75358,8.75400,8.75327,8.75400,42
SQ:USDSEK,2020-07-29T18:05:00+02:00,8.75400,8.75409,8.75197,8.75197,65
SQ:USDSEK,2020-07-29T18:06:00+02:00,8.75197,8.75227,8.75053,8.75205,64
SQ:USDSEK,2020-07-29T18:07:00+02:00,8.75205,8.75254,8.75186,8.75235,22
SQ:USDSEK,2020-07-29T18:08:00+02:00,8.75235,8.75238,8.75024,8.75137,58
SQ:USDSEK,2020-07-29T18:09:00+02:00,8.75137,8.75137,8.75057,8.75065,50
SQ:USDSEK,2020-07-29T18:10:00+02:00,8.75065,8.75099,8.74977,8.74997,55
SQ:USDSEK,2020-07-29T18:11:00+02:00,8.74997,8.75005,8.74960,8.74960,37
SQ:USDSEK,2020-07-29T18:12:00+02:00,8.74961,8.75006,8.74815,8.74815,40
SQ:USDSEK,2020-07-29T18:13:00+02:00,8.74815,8.74955,8.74815,8.74955,64
SQ:USDSEK,2020-07-29T18:14:00+02:00,8.74955,8.75165,8.74924,8.75165,50
SQ:USDSEK,2020-07-29T18:15:00+02:00,8.75173,8.75367,8.75173,8.75335,49
SQ:USDSEK,2020-07-29T18:16:00+02:00,8.75335,8.75335,8.75259,8.75282,23
SQ:USDSEK,2020-07-29T18:17:00+02:00,8.75282,8.75373,8.75223,8.75326,67
SQ:USDSEK,2020-07-29T18:18:00+02:00,8.75326,8.75409,8.75282,8.75402,51
SQ:USDSEK,2020-07-29T18:19:00+02:00,8.75402,8.75431,8.75347,8.75384,43
SQ:USDSEK,2020-07-29T18:20:00+02:00,8.75377,8.75386,8.75294,8.75332,44
SQ:USDSEK,2020-07-29T18:21:00+02:00,8.75332,8.75337,8.75087,8.75089,70
SQ:USDSEK,2020-07-29T18:22:00+02:00,8.75089,8.75234,8.75020,8.75145,98
SQ:USDSEK,2020-07-29T18:23:00+02:00,8.75145,8.75202,8.75088,8.75199,38
SQ:USDSEK,2020-07-29T18:24:00+02:00,8.75199,8.75290,8.75199,8.75280,39
SQ:USDSEK,2020-07-29T18:25:00+02:00,8.75280,8.75280,8.75128,8.75156,35
SQ:USDSEK,2020-07-29T18:26:00+02:00,8.75161,8.75226,8.75161,8.75180,14
SQ:USDSEK,2020-07-29T18:27:00+02:00,8.75180,8.75180,8.75028,8.75102,56
SQ:USDSEK,2020-07-29T18:28:00+02:00,8.75095,8.75253,8.75067,8.75221,41
SQ:USDSEK,2020-07-29T18:29:00+02:00,8.75221,8.75248,8.75170,8.75174,21
SQ:USDSEK,2020-07-29T18:30:00+02:00,8.75171,8.75253,8.75152,8.75210,26
SQ:USDSEK,2020-07-29T18:31:00+02:00,8.75209,8.75209,8.75120,8.75161,21
SQ:USDSEK,2020-07-29T18:32:00+02:00,8.75161,8.75161,8.75079,8.75098,31
SQ:USDSEK,2020-07-29T18:33:00+02:00,8.75098,8.75143,8.75032,8.75041,35
SQ:USDSEK,2020-07-29T18:34:00+02:00,8.75041,8.75083,8.75023,8.75038,24
SQ:USDSEK,2020-07-29T18:35:00+02:00,8.75038,8.75099,8.75038,8.75047,42
SQ:USDSEK,2020-07-29T18:36:00+02:00,8.75050,8.75057,8.74926,8.74960,38
SQ:USDSEK,2020-07-29T18:37:00+02:00,8.74949,8.74983,8.74937,8.74976,38
SQ:USDSEK,2020-07-29T18:38:00+02:00,8.74982,8.74986,8.74910,8.74966,32
SQ:USDSEK,2020-07-29T18:39:00+02:00,8.74974,8.75042,8.74951,8.75001,29
SQ:USDSEK,2020-07-29T18:40:00+02:00,8.74984,8.74984,8.74902,8.74977,39
SQ:USDSEK,2020-07-29T18:41:00+02:00,8.74976,8.75151,8.74932,8.75105,35
SQ:USDSEK,2020-07-29T18:42:00+02:00,8.75094,8.75108,8.74973,8.74987,28
SQ:USDSEK,2020-07-29T18:43:00+02:00,8.74983,8.75010,8.74959,8.75003,26
SQ:USDSEK,2020-07-29T18:44:00+02:00,8.74995,8.75048,8.74952,8.74965,21
SQ:USDSEK,2020-07-29T18:45:00+02:00,8.74965,8.75010,8.74902,8.74908,33
SQ:USDSEK,2020-07-29T18:46:00+02:00,8.74908,8.75021,8.74890,8.75012,55
SQ:USDSEK,2020-07-29T18:47:00+02:00,8.75012,8.75073,8.75008,8.75019,35
SQ:USDSEK,2020-07-29T18:48:00+02:00,8.75019,8.75029,8.74949,8.75017,44
SQ:USDSEK,2020-07-29T18:49:00+02:00,8.75010,8.75035,8.74957,8.75032,22
SQ:USDSEK,2020-07-29T18:50:00+02:00,8.75032,8.75032,8.74943,8.75010,17
SQ:USDSEK,2020-07-29T18:51:00+02:00,8.75012,8.75053,8.75012,8.75023,21
SQ:USDSEK,2020-07-29T18:52:00+02:00,8.75038,8.75199,8.75037,8.75168,22
SQ:USDSEK,2020-07-29T18:53:00+02:00,8.75160,8.75182,8.75115,8.75138,15
SQ:USDSEK,2020-07-29T18:54:00+02:00,8.75144,8.75144,8.75013,8.75029,21
SQ:USDSEK,2020-07-29T18:55:00+02:00,8.75029,8.75068,8.74986,8.75008,35
SQ:USDSEK,2020-07-29T18:56:00+02:00,8.75000,8.75008,8.74930,8.74933,29
SQ:USDSEK,2020-07-29T18:57:00+02:00,8.74933,8.74990,8.74930,8.74990,40
SQ:USDSEK,2020-07-29T18:58:00+02:00,8.74990,8.75001,8.74901,8.74930,126
SQ:USDSEK,2020-07-29T18:59:00+02:00,8.74930,8.75025,8.74891,8.75001,45
SQ:USDSEK,2020-07-29T19:00:00+02:00,8.75008,8.75010,8.74866,8.74898,49
SQ:USDSEK,2020-07-29T19:01:00+02:00,8.74898,8.75063,8.74898,8.75016,34
SQ:USDSEK,2020-07-29T19:02:00+02:00,8.75008,8.75050,8.74837,8.74871,50
SQ:USDSEK,2020-07-29T19:03:00+02:00,8.74943,8.74957,8.74851,8.74864,37
SQ:USDSEK,2020-07-29T19:04:00+02:00,8.74864,8.74951,8.74846,8.74906,22
SQ:USDSEK,2020-07-29T19:05:00+02:00,8.74906,8.74910,8.74828,8.74869,49
SQ:USDSEK,2020-07-29T19:06:00+02:00,8.74869,8.74942,8.74863,8.74932,20
SQ:USDSEK,2020-07-29T19:07:00+02:00,8.74932,8.74988,8.74918,8.74950,18
SQ:USDSEK,2020-07-29T19:08:00+02:00,8.74950,8.75065,8.74950,8.75024,38
SQ:USDSEK,2020-07-29T19:09:00+02:00,8.75024,8.75090,8.74916,8.75037,58
SQ:USDSEK,2020-07-29T19:10:00+02:00,8.75037,8.75037,8.74884,8.74959,50
SQ:USDSEK,2020-07-29T19:11:00+02:00,8.74959,8.75051,8.74956,8.75051,43
SQ:USDSEK,2020-07-29T19:12:00+02:00,8.75051,8.75100,8.74963,8.74996,47
SQ:USDSEK,2020-07-29T19:13:00+02:00,8.74996,8.75049,8.74901,8.75049,27
SQ:USDSEK,2020-07-29T19:14:00+02:00,8.75049,8.75140,8.75028,8.75114,52
SQ:USDSEK,2020-07-29T19:15:00+02:00,8.75114,8.75190,8.75098,8.75170,64
SQ:USDSEK,2020-07-29T19:16:00+02:00,8.75162,8.75292,8.75123,8.75247,41
SQ:USDSEK,2020-07-29T19:17:00+02:00,8.75247,8.75249,8.75132,8.75162,65
SQ:USDSEK,2020-07-29T19:18:00+02:00,8.75161,8.75163,8.74938,8.74966,72
SQ:USDSEK,2020-07-29T19:19:00+02:00,8.74980,8.75015,8.74793,8.74844,65
SQ:USDSEK,2020-07-29T19:20:00+02:00,8.74839,8.74856,8.74789,8.74814,52
SQ:USDSEK,2020-07-29T19:21:00+02:00,8.74814,8.74855,8.74600,8.74626,82
SQ:USDSEK,2020-07-29T19:22:00+02:00,8.74626,8.74655,8.74598,8.74652,37
SQ:USDSEK,2020-07-29T19:23:00+02:00,8.74661,8.74869,8.74661,8.74848,60
SQ:USDSEK,2020-07-29T19:24:00+02:00,8.74848,8.74990,8.74833,8.74920,49
SQ:USDSEK,2020-07-29T19:25:00+02:00,8.74928,8.74978,8.74725,8.74766,82
SQ:USDSEK,2020-07-29T19:26:00+02:00,8.74759,8.74759,8.74469,8.74678,74
SQ:USDSEK,2020-07-29T19:27:00+02:00,8.74678,8.74704,8.74577,8.74698,42
SQ:USDSEK,2020-07-29T19:28:00+02:00,8.74691,8.74799,8.74691,8.74743,52
SQ:USDSEK,2020-07-29T19:29:00+02:00,8.74759,8.74759,8.74577,8.74667,37
SQ:USDSEK,2020-07-29T19:30:00+02:00,8.74667,8.74673,8.74558,8.74609,53
SQ:USDSEK,2020-07-29T19:31:00+02:00,8.74609,8.74808,8.74609,8.74771,36
SQ:USDSEK,2020-07-29T19:32:00+02:00,8.74770,8.74830,8.74703,8.74809,23
SQ:USDSEK,2020-07-29T19:33:00+02:00,8.74816,8.74921,8.74816,8.74921,36
SQ:USDSEK,2020-07-29T19:34:00+02:00,8.74921,8.74936,8.74844,8.74891,28
SQ:USDSEK,2020-07-29T19:35:00+02:00,8.74906,8.74920,8.74803,8.74843,41
SQ:USDSEK,2020-07-29T19:36:00+02:00,8.74843,8.74870,8.74785,8.74822,48
SQ:USDSEK,2020-07-29T19:37:00+02:00,8.74822,8.74830,8.74793,8.74829,21
SQ:USDSEK,2020-07-29T19:38:00+02:00,8.74829,8.74851,8.74758,8.74773,34
SQ:USDSEK,2020-07-29T19:39:00+02:00,8.74773,8.74796,8.74729,8.74729,22
SQ:USDSEK,2020-07-29T19:40:00+02:00,8.74721,8.74766,8.74468,8.74482,62
SQ:USDSEK,2020-07-29T19:41:00+02:00,8.74483,8.74540,8.73894,8.74039,113
SQ:USDSEK,2020-07-29T19:42:00+02:00,8.74039,8.74209,8.73933,8.73978,113
SQ:USDSEK,2020-07-29T19:43:00+02:00,8.73978,8.74079,8.73933,8.73987,68
SQ:USDSEK,2020-07-29T19:44:00+02:00,8.73987,8.74074,8.73905,8.73979,75
SQ:USDSEK,2020-07-29T19:45:00+02:00,8.73990,8.74189,8.73952,8.74152,74
SQ:USDSEK,2020-07-29T19:46:00+02:00,8.74152,8.74230,8.74065,8.74214,44
SQ:USDSEK,2020-07-29T19:47:00+02:00,8.74214,8.74249,8.74184,8.74191,31
SQ:USDSEK,2020-07-29T19:48:00+02:00,8.74191,8.74277,8.74173,8.74173,40
SQ:USDSEK,2020-07-29T19:49:00+02:00,8.74173,8.74274,8.73991,8.73991,65
SQ:USDSEK,2020-07-29T19:50:00+02:00,8.73966,8.73991,8.73767,8.73807,100
SQ:USDSEK,2020-07-29T19:51:00+02:00,8.73820,8.74176,8.73813,8.74149,74
SQ:USDSEK,2020-07-29T19:52:00+02:00,8.74157,8.74282,8.74156,8.74230,53
SQ:USDSEK,2020-07-29T19:53:00+02:00,8.74230,8.74253,8.74150,8.74150,28
SQ:USDSEK,2020-07-29T19:54:00+02:00,8.74143,8.74256,8.74098,8.74249,69
SQ:USDSEK,2020-07-29T19:55:00+02:00,8.74227,8.74344,8.74105,8.74188,62
SQ:USDSEK,2020-07-29T19:56:00+02:00,8.74179,8.74256,8.74081,8.74108,51
SQ:USDSEK,2020-07-29T19:57:00+02:00,8.74118,8.74168,8.73995,8.74168,64
SQ:USDSEK,2020-07-29T19:58:00+02:00,8.74174,8.74174,8.73999,8.73999,57
SQ:USDSEK,2020-07-29T19:59:00+02:00,8.73980,8.74036,8.73594,8.73731,197
SQ:USDSEK,2020-07-29T20:00:00+02:00,8.73731,8.73820,8.73040,8.73404,274
SQ:USDSEK,2020-07-29T20:01:00+02:00,8.73397,8.74765,8.73380,8.74571,342
SQ:USDSEK,2020-07-29T20:02:00+02:00,8.74553,8.74805,8.74000,8.74110,278
SQ:USDSEK,2020-07-29T20:03:00+02:00,8.74110,8.74243,8.73909,8.74097,249
SQ:USDSEK,2020-07-29T20:04:00+02:00,8.74093,8.74100,8.73780,8.73882,210
SQ:USDSEK,2020-07-29T20:05:00+02:00,8.73882,8.73882,8.73108,8.73390,363
SQ:USDSEK,2020-07-29T20:06:00+02:00,8.73372,8.73504,8.73141,8.73178,245
SQ:USDSEK,2020-07-29T20:07:00+02:00,8.73164,8.73592,8.73149,8.73494,259
SQ:USDSEK,2020-07-29T20:08:00+02:00,8.73502,8.73645,8.73185,8.73185,200
SQ:USDSEK,2020-07-29T20:09:00+02:00,8.73185,8.73347,8.73129,8.73179,145
SQ:USDSEK,2020-07-29T20:10:00+02:00,8.73179,8.73280,8.73050,8.73052,131
SQ:USDSEK,2020-07-29T20:11:00+02:00,8.73050,8.73079,8.72845,8.72861,52
SQ:USDSEK,2020-07-29T20:12:00+02:00,8.72845,8.72940,8.72792,8.72835,73
SQ:USDSEK,2020-07-29T20:13:00+02:00,8.72835,8.72860,8.72724,8.72839,169
SQ:USDSEK,2020-07-29T20:14:00+02:00,8.72831,8.72958,8.72791,8.72900,98
SQ:USDSEK,2020-07-29T20:15:00+02:00,8.72908,8.73010,8.72829,8.72829,116
SQ:USDSEK,2020-07-29T20:16:00+02:00,8.72844,8.73305,8.72827,8.73302,108
SQ:USDSEK,2020-07-29T20:17:00+02:00,8.73296,8.73774,8.73216,8.73760,180
SQ:USDSEK,2020-07-29T20:18:00+02:00,8.73762,8.73762,8.73449,8.73542,108
SQ:USDSEK,2020-07-29T20:19:00+02:00,8.73540,8.73843,8.73493,8.73726,146
SQ:USDSEK,2020-07-29T20:20:00+02:00,8.73726,8.73755,8.73548,8.73639,110
SQ:USDSEK,2020-07-29T20:21:00+02:00,8.73639,8.73789,8.73601,8.73739,74
SQ:USDSEK,2020-07-29T20:22:00+02:00,8.73739,8.73739,8.73392,8.73412,139
SQ:USDSEK,2020-07-29T20:23:00+02:00,8.73419,8.73501,8.73376,8.73409,90
SQ:USDSEK,2020-07-29T20:24:00+02:00,8.73433,8.73470,8.73025,8.73130,218
SQ:USDSEK,2020-07-29T20:25:00+02:00,8.73144,8.73490,8.73144,8.73352,119
SQ:USDSEK,2020-07-29T20:26:00+02:00,8.73365,8.73597,8.73224,8.73460,170
SQ:USDSEK,2020-07-29T20:27:00+02:00,8.73457,8.73657,8.73430,8.73571,83
SQ:USDSEK,2020-07-29T20:28:00+02:00,8.73571,8.73612,8.73449,8.73538,77
SQ:USDSEK,2020-07-29T20:29:00+02:00,8.73536,8.73536,8.73384,8.73466,91
SQ:USDSEK,2020-07-29T20:30:00+02:00,8.73439,8.73476,8.73184,8.73234,149
SQ:USDSEK,2020-07-29T20:31:00+02:00,8.73221,8.73249,8.72801,8.72824,228
SQ:USDSEK,2020-07-29T20:32:00+02:00,8.72816,8.72818,8.72598,8.72711,180
SQ:USDSEK,2020-07-29T20:33:00+02:00,8.72693,8.72931,8.72394,8.72413,122
SQ:USDSEK,2020-07-29T20:34:00+02:00,8.72413,8.72415,8.72137,8.72269,138
SQ:USDSEK,2020-07-29T20:35:00+02:00,8.72269,8.72370,8.72141,8.72178,160
SQ:USDSEK,2020-07-29T20:36:00+02:00,8.72178,8.72307,8.72086,8.72167,90
SQ:USDSEK,2020-07-29T20:37:00+02:00,8.72149,8.72526,8.72000,8.72090,216
SQ:USDSEK,2020-07-29T20:38:00+02:00,8.72080,8.72220,8.71770,8.72070,183
SQ:USDSEK,2020-07-29T20:39:00+02:00,8.72070,8.72350,8.71919,8.72050,175
SQ:USDSEK,2020-07-29T20:40:00+02:00,8.72060,8.72160,8.71974,8.72081,110
SQ:USDSEK,2020-07-29T20:41:00+02:00,8.72081,8.72199,8.72051,8.72108,129
SQ:USDSEK,2020-07-29T20:42:00+02:00,8.72108,8.72142,8.71263,8.71511,280
SQ:USDSEK,2020-07-29T20:43:00+02:00,8.71511,8.71757,8.71491,8.71616,93
SQ:USDSEK,2020-07-29T20:44:00+02:00,8.71621,8.72299,8.71621,8.71707,327
SQ:USDSEK,2020-07-29T20:45:00+02:00,8.71707,8.72223,8.71605,8.72102,262
SQ:USDSEK,2020-07-29T20:46:00+02:00,8.72102,8.72129,8.71626,8.71640,152
SQ:USDSEK,2020-07-29T20:47:00+02:00,8.71646,8.71751,8.71470,8.71701,176
SQ:USDSEK,2020-07-29T20:48:00+02:00,8.71684,8.71881,8.71601,8.71641,141
SQ:USDSEK,2020-07-29T20:49:00+02:00,8.71641,8.71667,8.71397,8.71584,158
SQ:USDSEK,2020-07-29T20:50:00+02:00,8.71584,8.71822,8.71582,8.71759,137
SQ:USDSEK,2020-07-29T20:51:00+02:00,8.71759,8.71803,8.71644,8.71779,56
SQ:USDSEK,2020-07-29T20:52:00+02:00,8.71779,8.71805,8.71605,8.71791,61
SQ:USDSEK,2020-07-29T20:53:00+02:00,8.71791,8.72314,8.71733,8.72233,123
SQ:USDSEK,2020-07-29T20:54:00+02:00,8.72233,8.72768,8.72161,8.72630,237
SQ:USDSEK,2020-07-29T20:55:00+02:00,8.72604,8.72777,8.72557,8.72765,332
SQ:USDSEK,2020-07-29T20:56:00+02:00,8.72760,8.72952,8.72711,8.72922,289
SQ:USDSEK,2020-07-29T20:57:00+02:00,8.72917,8.74130,8.72840,8.74130,311
SQ:USDSEK,2020-07-29T20:58:00+02:00,8.74130,8.75262,8.74021,8.74946,537
SQ:USDSEK,2020-07-29T20:59:00+02:00,8.74932,8.75220,8.74556,8.74600,400
SQ:USDSEK,2020-07-29T21:00:00+02:00,8.74598,8.75491,8.74598,8.75294,403
SQ:USDSEK,2020-07-29T21:01:00+02:00,8.75273,8.75462,8.74865,8.75462,340
SQ:USDSEK,2020-07-29T21:02:00+02:00,8.75480,8.75791,8.75235,8.75383,497
SQ:USDSEK,2020-07-29T21:03:00+02:00,8.75380,8.75388,8.74912,8.74912,303
SQ:USDSEK,2020-07-29T21:04:00+02:00,8.74912,8.75346,8.74886,8.75111,145
SQ:USDSEK,2020-07-29T21:05:00+02:00,8.75111,8.75161,8.74516,8.74516,99
SQ:USDSEK,2020-07-29T21:06:00+02:00,8.74516,8.74516,8.74072,8.74230,186
SQ:USDSEK,2020-07-29T21:07:00+02:00,8.74230,8.74320,8.74060,8.74126,246
SQ:USDSEK,2020-07-29T21:08:00+02:00,8.74108,8.74200,8.73916,8.73916,164
SQ:USDSEK,2020-07-29T21:09:00+02:00,8.73916,8.74154,8.73846,8.74087,91
SQ:USDSEK,2020-07-29T21:10:00+02:00,8.74087,8.74823,8.74069,8.74568,103
SQ:USDSEK,2020-07-29T21:11:00+02:00,8.74568,8.74806,8.74335,8.74362,133
SQ:USDSEK,2020-07-29T21:12:00+02:00,8.74374,8.74374,8.74023,8.74023,109
SQ:USDSEK,2020-07-29T21:13:00+02:00,8.74006,8.74006,8.73554,8.73730,143
SQ:USDSEK,2020-07-29T21:14:00+02:00,8.73722,8.73965,8.73665,8.73927,150
SQ:USDSEK,2020-07-29T21:15:00+02:00,8.73912,8.74143,8.73899,8.73989,127
SQ:USDSEK,2020-07-29T21:16:00+02:00,8.73989,8.73989,8.73542,8.73565,120
SQ:USDSEK,2020-07-29T21:17:00+02:00,8.73565,8.73588,8.73343,8.73521,162
SQ:USDSEK,2020-07-29T21:18:00+02:00,8.73521,8.73530,8.73336,8.73470,132
SQ:USDSEK,2020-07-29T21:19:00+02:00,8.73456,8.73732,8.73172,8.73215,165
SQ:USDSEK,2020-07-29T21:20:00+02:00,8.73220,8.73319,8.73134,8.73223,142
SQ:USDSEK,2020-07-29T21:21:00+02:00,8.73256,8.73270,8.72929,8.72929,113
SQ:USDSEK,2020-07-29T21:22:00+02:00,8.72942,8.72980,8.72520,8.72569,172
SQ:USDSEK,2020-07-29T21:23:00+02:00,8.72569,8.72591,8.71924,8.71950,174
SQ:USDSEK,2020-07-29T21:24:00+02:00,8.71979,8.72433,8.71979,8.72234,187
SQ:USDSEK,2020-07-29T21:25:00+02:00,8.72234,8.72440,8.72127,8.72403,105
SQ:USDSEK,2020-07-29T21:26:00+02:00,8.72428,8.72770,8.72336,8.72658,71
SQ:USDSEK,2020-07-29T21:27:00+02:00,8.72686,8.73086,8.72549,8.73045,154
SQ:USDSEK,2020-07-29T21:28:00+02:00,8.73045,8.73364,8.72904,8.73252,82
SQ:USDSEK,2020-07-29T21:29:00+02:00,8.73261,8.73279,8.72760,8.72760,120
SQ:USDSEK,2020-07-29T21:30:00+02:00,8.72784,8.73010,8.72646,8.72971,266
SQ:USDSEK,2020-07-29T21:31:00+02:00,8.72971,8.73005,8.72711,8.72711,187
SQ:USDSEK,2020-07-29T21:32:00+02:00,8.72711,8.72888,8.72140,8.72149,150
SQ:USDSEK,2020-07-29T21:33:00+02:00,8.72149,8.72319,8.72063,8.72125,211
SQ:USDSEK,2020-07-29T21:34:00+02:00,8.72123,8.72223,8.72057,8.72200,177
SQ:USDSEK,2020-07-29T21:35:00+02:00,8.72200,8.72244,8.72030,8.72146,128
SQ:USDSEK,2020-07-29T21:36:00+02:00,8.72146,8.72218,8.72047,8.72090,152
SQ:USDSEK,2020-07-29T21:37:00+02:00,8.72079,8.72215,8.71850,8.71970,155
SQ:USDSEK,2020-07-29T21:38:00+02:00,8.71960,8.71970,8.71800,8.71870,209
SQ:USDSEK,2020-07-29T21:39:00+02:00,8.71839,8.71920,8.71812,8.71874,180
SQ:USDSEK,2020-07-29T21:40:00+02:00,8.71894,8.72318,8.71844,8.72274,100
SQ:USDSEK,2020-07-29T21:41:00+02:00,8.72274,8.72274,8.72147,8.72172,26
SQ:USDSEK,2020-07-29T21:42:00+02:00,8.72172,8.72300,8.72083,8.72260,91
SQ:USDSEK,2020-07-29T21:43:00+02:00,8.72248,8.72534,8.72245,8.72509,143
SQ:USDSEK,2020-07-29T21:44:00+02:00,8.72509,8.72704,8.72405,8.72649,184
SQ:USDSEK,2020-07-29T21:45:00+02:00,8.72607,8.72720,8.72531,8.72670,166
SQ:USDSEK,2020-07-29T21:46:00+02:00,8.72670,8.72880,8.72580,8.72800,159
SQ:USDSEK,2020-07-29T21:47:00+02:00,8.72780,8.73080,8.72703,8.73000,103
SQ:USDSEK,2020-07-29T21:48:00+02:00,8.73010,8.73040,8.72770,8.72915,137
SQ:USDSEK,2020-07-29T21:49:00+02:00,8.72915,8.73040,8.72763,8.72800,183
SQ:USDSEK,2020-07-29T21:50:00+02:00,8.72848,8.73497,8.72809,8.73497,189
SQ:USDSEK,2020-07-29T21:51:00+02:00,8.73497,8.73700,8.73340,8.73700,169
SQ:USDSEK,2020-07-29T21:52:00+02:00,8.73690,8.73748,8.73589,8.73630,107
SQ:USDSEK,2020-07-29T21:53:00+02:00,8.73629,8.73629,8.73404,8.73547,75
SQ:USDSEK,2020-07-29T21:54:00+02:00,8.73568,8.73680,8.73418,8.73422,143
SQ:USDSEK,2020-07-29T21:55:00+02:00,8.73470,8.73511,8.72901,8.73474,203
SQ:USDSEK,2020-07-29T21:56:00+02:00,8.73460,8.73887,8.73440,8.73712,289
SQ:USDSEK,2020-07-29T21:57:00+02:00,8.73737,8.73836,8.73692,8.73755,41
SQ:USDSEK,2020-07-29T21:58:00+02:00,8.73750,8.73797,8.73418,8.73527,169
SQ:USDSEK,2020-07-29T21:59:00+02:00,8.73540,8.73605,8.73116,8.73160,160
SQ:USDSEK,2020-07-29T22:00:00+02:00,8.73150,8.73214,8.72887,8.72973,216
SQ:USDSEK,2020-07-29T22:01:00+02:00,8.72973,8.73153,8.72859,8.73151,95
SQ:USDSEK,2020-07-29T22:02:00+02:00,8.73139,8.73139,8.72915,8.72926,54
SQ:USDSEK,2020-07-29T22:03:00+02:00,8.72926,8.73169,8.72926,8.73169,44
SQ:USDSEK,2020-07-29T22:04:00+02:00,8.73192,8.73255,8.73104,8.73108,62
SQ:USDSEK,2020-07-29T22:05:00+02:00,8.73105,8.73129,8.73091,8.73129,10
SQ:USDSEK,2020-07-29T22:06:00+02:00,8.73113,8.73158,8.73070,8.73148,11
SQ:USDSEK,2020-07-29T22:07:00+02:00,8.73139,8.73143,8.73040,8.73050,33
SQ:USDSEK,2020-07-29T22:08:00+02:00,8.73030,8.73038,8.72992,8.72992,10
SQ:USDSEK,2020-07-29T22:09:00+02:00,8.72979,8.73069,8.72944,8.73025,25
SQ:USDSEK,2020-07-29T22:10:00+02:00,8.73033,8.73085,8.72984,8.73029,20
SQ:USDSEK,2020-07-29T22:11:00+02:00,8.73014,8.73014,8.72946,8.72958,17
SQ:USDSEK,2020-07-29T22:12:00+02:00,8.72942,8.72961,8.72849,8.72853,21
SQ:USDSEK,2020-07-29T22:13:00+02:00,8.72853,8.72853,8.72688,8.72703,18
SQ:USDSEK,2020-07-29T22:14:00+02:00,8.72730,8.72843,8.72728,8.72751,26
SQ:USDSEK,2020-07-29T22:15:00+02:00,8.72745,8.72745,8.72622,8.72646,21
SQ:USDSEK,2020-07-29T22:16:00+02:00,8.72662,8.72672,8.72589,8.72625,25
SQ:USDSEK,2020-07-29T22:17:00+02:00,8.72622,8.72731,8.72622,8.72672,10
SQ:USDSEK,2020-07-29T22:19:00+02:00,8.72686,8.72751,8.72686,8.72746,9
SQ:USDSEK,2020-07-29T22:20:00+02:00,8.72756,8.72817,8.72701,8.72817,34
SQ:USDSEK,2020-07-29T22:21:00+02:00,8.72831,8.72831,8.72717,8.72785,22
SQ:USDSEK,2020-07-29T22:22:00+02:00,8.72770,8.72785,8.72671,8.72785,33
SQ:USDSEK,2020-07-29T22:23:00+02:00,8.72782,8.72786,8.72732,8.72732,8
SQ:USDSEK,2020-07-29T22:24:00+02:00,8.72695,8.72724,8.72557,8.72624,29
SQ:USDSEK,2020-07-29T22:25:00+02:00,8.72629,8.72667,8.72622,8.72626,12
SQ:USDSEK,2020-07-29T22:26:00+02:00,8.72625,8.72640,8.72587,8.72613,16
SQ:USDSEK,2020-07-29T22:27:00+02:00,8.72590,8.72590,8.72452,8.72501,31
SQ:USDSEK,2020-07-29T22:28:00+02:00,8.72511,8.72556,8.72470,8.72517,26
SQ:USDSEK,2020-07-29T22:29:00+02:00,8.72517,8.72748,8.72462,8.72677,52
SQ:USDSEK,2020-07-29T22:30:00+02:00,8.72677,8.72819,8.72677,8.72783,17
SQ:USDSEK,2020-07-29T22:31:00+02:00,8.72783,8.72784,8.72705,8.72743,14
SQ:USDSEK,2020-07-29T22:32:00+02:00,8.72743,8.72830,8.72732,8.72805,12
SQ:USDSEK,2020-07-29T22:33:00+02:00,8.72789,8.72840,8.72789,8.72813,11
SQ:USDSEK,2020-07-29T22:34:00+02:00,8.72813,8.72813,8.72771,8.72793,4
SQ:USDSEK,2020-07-29T22:35:00+02:00,8.72793,8.72793,8.72610,8.72610,15
SQ:USDSEK,2020-07-29T22:36:00+02:00,8.72610,8.72610,8.72518,8.72585,11
SQ:USDSEK,2020-07-29T22:37:00+02:00,8.72585,8.72643,8.72585,8.72598,15
SQ:USDSEK,2020-07-29T22:38:00+02:00,8.72598,8.72602,8.72541,8.72541,9
SQ:USDSEK,2020-07-29T22:39:00+02:00,8.72541,8.72541,8.72459,8.72500,13
SQ:USDSEK,2020-07-29T22:40:00+02:00,8.72500,8.72519,8.72482,8.72493,4
SQ:USDSEK,2020-07-29T22:41:00+02:00,8.72493,8.72493,8.72264,8.72302,18
SQ:USDSEK,2020-07-29T22:42:00+02:00,8.72302,8.72317,8.72239,8.72239,9
SQ:USDSEK,2020-07-29T22:43:00+02:00,8.72239,8.72306,8.72169,8.72274,54
SQ:USDSEK,2020-07-29T22:44:00+02:00,8.72274,8.72274,8.72137,8.72137,19
SQ:USDSEK,2020-07-29T22:45:00+02:00,8.72160,8.72186,8.71945,8.71945,15
SQ:USDSEK,2020-07-29T22:46:00+02:00,8.71945,8.71989,8.71866,8.71888,12
SQ:USDSEK,2020-07-29T22:47:00+02:00,8.71905,8.71955,8.71873,8.71873,16
SQ:USDSEK,2020-07-29T22:48:00+02:00,8.71873,8.71948,8.71873,8.71911,4
SQ:USDSEK,2020-07-29T22:49:00+02:00,8.71911,8.71926,8.71776,8.71877,61
SQ:USDSEK,2020-07-29T22:50:00+02:00,8.71877,8.72006,8.71877,8.72006,8
SQ:USDSEK,2020-07-29T22:51:00+02:00,8.72006,8.72120,8.72006,8.72120,14
SQ:USDSEK,2020-07-29T22:52:00+02:00,8.72120,8.72150,8.72063,8.72150,13
SQ:USDSEK,2020-07-29T22:53:00+02:00,8.72150,8.72178,8.72115,8.72122,9
SQ:USDSEK,2020-07-29T22:54:00+02:00,8.72122,8.72156,8.72092,8.72141,5
SQ:USDSEK,2020-07-29T23:30:00+02:00,8.71403,8.71450,8.71133,8.71133,8
SQ:USDSEK,2020-07-29T23:31:00+02:00,8.71133,8.71198,8.71133,8.71198,2
SQ:USDSEK,2020-07-29T23:32:00+02:00,8.71198,8.71198,8.71155,8.71155,2
SQ:USDSEK,2020-07-29T23:33:00+02:00,8.71155,8.71155,8.71155,8.71155,1
SQ:USDSEK,2020-07-29T23:34:00+02:00,8.71155,8.71155,8.71155,8.71155,1
SQ:USDSEK,2020-07-29T23:35:00+02:00,8.71155,8.71218,8.71155,8.71155,3
SQ:USDSEK,2020-07-29T23:36:00+02:00,8.71155,8.71155,8.71155,8.71155,1
SQ:USDSEK,2020-07-29T23:37:00+02:00,8.71155,8.71307,8.71155,8.71155,5
SQ:USDSEK,2020-07-29T23:38:00+02:00,8.71155,8.71155,8.71155,8.71155,1
SQ:USDSEK,2020-07-29T23:39:00+02:00,8.71155,8.71155,8.71155,8.71155,1
SQ:USDSEK,2020-07-29T23:40:00+02:00,8.71155,8.71234,8.71155,8.71155,9
SQ:USDSEK,2020-07-29T23:41:00+02:00,8.71155,8.71450,8.71155,8.71270,9
SQ:USDSEK,2020-07-29T23:42:00+02:00,8.71270,8.71270,8.71270,8.71270,1
SQ:USDSEK,2020-07-29T23:43:00+02:00,8.71270,8.71270,8.71270,8.71270,1
SQ:USDSEK,2020-07-29T23:44:00+02:00,8.71270,8.71270,8.71270,8.71270,1
SQ:USDSEK,2020-07-29T23:45:00+02:00,8.71603,8.72333,8.71124,8.71280,215
SQ:USDSEK,2020-07-29T23:46:00+02:00,8.71501,8.72301,8.71175,8.71430,93
SQ:USDSEK,2020-07-29T23:47:00+02:00,8.71674,8.72267,8.71106,8.71830,794
SQ:USDSEK,2020-07-29T23:48:00+02:00,8.71607,8.72718,8.71119,8.71322,855
SQ:USDSEK,2020-07-29T23:49:00+02:00,8.71487,8.72625,8.71215,8.71698,295
SQ:USDSEK,2020-07-29T23:50:00+02:00,8.71698,8.72910,8.71337,8.71837,597
SQ:USDSEK,2020-07-29T23:51:00+02:00,8.71752,8.72060,8.71258,8.71637,150
SQ:USDSEK,2020-07-29T23:52:00+02:00,8.71637,8.72832,8.71228,8.71806,789
SQ:USDSEK,2020-07-29T23:53:00+02:00,8.71806,8.72948,8.71331,8.72476,297
SQ:USDSEK,2020-07-29T23:54:00+02:00,8.72113,8.73044,8.71182,8.71470,597
SQ:USDSEK,2020-07-29T23:55:00+02:00,8.71470,8.72488,8.71230,8.71449,468
SQ:USDSEK,2020-07-29T23:56:00+02:00,8.71417,8.72643,8.71255,8.71459,916
SQ:USDSEK,2020-07-29T23:57:00+02:00,8.71501,8.72690,8.71205,8.71633,875
SQ:USDSEK,2020-07-29T23:58:00+02:00,8.71924,8.72924,8.70943,8.71305,644
SQ:USDSEK,2020-07-29T23:59:00+02:00,8.71392,8.72428,8.70945,8.71519,927
