SQ:US500,2024-04-15T00:01:00+02:00,5128.57,5135.07,5126.82,5134.32,228
SQ:US500,2024-04-15T00:02:00+02:00,5134.07,5135.32,5129.57,5130.82,167
SQ:US500,2024-04-15T00:03:00+02:00,5131.07,5131.32,5126.32,5129.07,130
SQ:US500,2024-04-15T00:04:00+02:00,5129.07,5131.57,5125.32,5126.07,119
SQ:US500,2024-04-15T00:05:00+02:00,5126.07,5128.82,5124.57,5127.57,105
SQ:US500,2024-04-15T00:06:00+02:00,5128.07,5128.07,5125.57,5126.57,74
SQ:US500,2024-04-15T00:07:00+02:00,5126.32,5126.82,5123.82,5126.57,64
SQ:US500,2024-04-15T00:08:00+02:00,5126.57,5129.57,5126.32,5129.57,49
SQ:US500,2024-04-15T00:09:00+02:00,5129.57,5130.82,5128.32,5130.57,58
SQ:US500,2024-04-15T00:10:00+02:00,5130.57,5133.82,5130.57,5132.82,92
SQ:US500,2024-04-15T00:11:00+02:00,5133.07,5134.07,5131.82,5133.82,48
SQ:US500,2024-04-15T00:12:00+02:00,5133.82,5134.82,5133.32,5133.57,47
SQ:US500,2024-04-15T00:13:00+02:00,5133.57,5133.82,5132.82,5133.57,42
SQ:US500,2024-04-15T00:14:00+02:00,5133.57,5133.82,5132.32,5132.57,32
SQ:US500,2024-04-15T00:15:00+02:00,5132.57,5132.57,5130.57,5131.07,38
SQ:US500,2024-04-15T00:16:00+02:00,5131.07,5131.82,5130.82,5131.32,33
SQ:US500,2024-04-15T00:17:00+02:00,5131.32,5133.07,5131.32,5132.57,22
SQ:US500,2024-04-15T00:18:00+02:00,5132.57,5132.82,5131.32,5131.57,30
SQ:US500,2024-04-15T00:19:00+02:00,5131.57,5132.32,5131.32,5131.32,20
SQ:US500,2024-04-15T00:20:00+02:00,5131.57,5134.32,5131.57,5134.32,46
SQ:US500,2024-04-15T00:21:00+02:00,5134.32,5135.82,5132.57,5134.82,43
SQ:US500,2024-04-15T00:22:00+02:00,5134.82,5135.07,5133.82,5135.07,22
SQ:US500,2024-04-15T00:23:00+02:00,5134.82,5135.82,5134.82,5134.82,30
SQ:US500,2024-04-15T00:24:00+02:00,5135.32,5137.07,5135.32,5136.07,28
SQ:US500,2024-04-15T00:25:00+02:00,5136.07,5137.32,5136.07,5136.32,24
SQ:US500,2024-04-15T00:26:00+02:00,5136.32,5137.32,5136.07,5137.07,14
SQ:US500,2024-04-15T00:27:00+02:00,5137.07,5138.07,5136.82,5137.32,32
SQ:US500,2024-04-15T00:28:00+02:00,5137.07,5138.07,5137.07,5137.82,24
SQ:US500,2024-04-15T00:29:00+02:00,5137.82,5138.07,5137.07,5137.32,13
SQ:US500,2024-04-15T00:30:00+02:00,5137.32,5139.07,5135.82,5138.32,49
SQ:US500,2024-04-15T00:31:00+02:00,5138.07,5138.57,5136.57,5138.32,53
SQ:US500,2024-04-15T00:32:00+02:00,5138.32,5138.57,5137.32,5137.32,23
SQ:US500,2024-04-15T00:33:00+02:00,5137.32,5137.82,5137.07,5137.32,25
SQ:US500,2024-04-15T00:34:00+02:00,5137.57,5138.82,5137.32,5138.57,25
SQ:US500,2024-04-15T00:35:00+02:00,5138.57,5138.57,5137.57,5137.82,17
SQ:US500,2024-04-15T00:36:00+02:00,5137.82,5138.32,5137.57,5137.82,13
SQ:US500,2024-04-15T00:37:00+02:00,5137.82,5139.32,5137.82,5138.82,23
SQ:US500,2024-04-15T00:38:00+02:00,5138.82,5140.07,5138.57,5139.82,34
SQ:US500,2024-04-15T00:39:00+02:00,5139.82,5139.82,5138.57,5139.32,16
SQ:US500,2024-04-15T00:40:00+02:00,5139.32,5140.82,5139.07,5139.32,24
SQ:US500,2024-04-15T00:41:00+02:00,5139.07,5139.82,5138.57,5139.57,17
SQ:US500,2024-04-15T00:42:00+02:00,5139.57,5139.82,5139.07,5139.82,12
SQ:US500,2024-04-15T00:43:00+02:00,5139.82,5141.32,5139.82,5141.07,16
SQ:US500,2024-04-15T00:44:00+02:00,5141.07,5142.32,5141.07,5141.57,31
SQ:US500,2024-04-15T00:45:00+02:00,5141.57,5143.82,5141.57,5142.82,48
SQ:US500,2024-04-15T00:46:00+02:00,5142.82,5143.07,5142.07,5142.07,18
SQ:US500,2024-04-15T00:47:00+02:00,5142.07,5142.32,5141.57,5141.82,12
SQ:US500,2024-04-15T00:48:00+02:00,5141.82,5141.82,5141.32,5141.32,17
SQ:US500,2024-04-15T00:49:00+02:00,5141.32,5141.57,5140.32,5141.32,15
SQ:US500,2024-04-15T00:50:00+02:00,5141.07,5141.57,5140.82,5141.32,25
SQ:US500,2024-04-15T00:51:00+02:00,5141.07,5141.32,5139.82,5140.32,19
SQ:US500,2024-04-15T00:52:00+02:00,5140.32,5140.32,5138.57,5138.82,24
SQ:US500,2024-04-15T00:53:00+02:00,5138.82,5138.82,5138.07,5138.57,16
SQ:US500,2024-04-15T00:54:00+02:00,5138.57,5139.07,5138.32,5138.57,11
SQ:US500,2024-04-15T00:55:00+02:00,5138.57,5138.82,5137.57,5137.82,15
SQ:US500,2024-04-15T00:56:00+02:00,5137.82,5139.82,5137.82,5139.82,21
SQ:US500,2024-04-15T00:57:00+02:00,5139.82,5140.07,5139.32,5139.82,11
SQ:US500,2024-04-15T00:58:00+02:00,5139.82,5140.07,5138.57,5139.07,12
SQ:US500,2024-04-15T00:59:00+02:00,5139.32,5139.57,5137.82,5138.57,15
SQ:US500,2024-04-15T01:00:00+02:00,5138.82,5139.07,5137.82,5138.07,26
SQ:US500,2024-04-15T01:01:00+02:00,5138.07,5139.07,5138.07,5138.82,26
SQ:US500,2024-04-15T01:02:00+02:00,5138.57,5139.32,5138.57,5139.07,11
SQ:US500,2024-04-15T01:03:00+02:00,5139.07,5139.07,5138.07,5138.82,18
SQ:US500,2024-04-15T01:04:00+02:00,5139.07,5139.07,5138.32,5138.82,16
SQ:US500,2024-04-15T01:05:00+02:00,5138.82,5139.32,5138.82,5139.32,19
SQ:US500,2024-04-15T01:06:00+02:00,5139.32,5140.07,5139.32,5140.07,22
SQ:US500,2024-04-15T01:07:00+02:00,5140.07,5140.57,5139.82,5140.07,13
SQ:US500,2024-04-15T01:08:00+02:00,5140.07,5140.57,5139.82,5140.07,19
SQ:US500,2024-04-15T01:09:00+02:00,5140.07,5140.07,5139.57,5139.57,7
SQ:US500,2024-04-15T01:10:00+02:00,5139.82,5140.07,5139.32,5139.32,7
SQ:US500,2024-04-15T01:11:00+02:00,5139.32,5139.32,5137.07,5138.07,18
SQ:US500,2024-04-15T01:12:00+02:00,5138.07,5138.82,5137.57,5137.57,9
SQ:US500,2024-04-15T01:13:00+02:00,5137.57,5138.82,5137.57,5138.57,13
SQ:US500,2024-04-15T01:14:00+02:00,5138.82,5138.82,5137.07,5137.32,24
SQ:US500,2024-04-15T01:15:00+02:00,5137.32,5137.82,5137.32,5137.57,16
SQ:US500,2024-04-15T01:16:00+02:00,5137.57,5138.57,5137.07,5138.32,16
SQ:US500,2024-04-15T01:17:00+02:00,5138.32,5139.57,5138.32,5139.57,16
SQ:US500,2024-04-15T01:18:00+02:00,5139.57,5139.82,5139.07,5139.07,13
SQ:US500,2024-04-15T01:19:00+02:00,5139.07,5139.57,5139.07,5139.32,8
SQ:US500,2024-04-15T01:20:00+02:00,5139.32,5139.57,5139.07,5139.57,5
SQ:US500,2024-04-15T01:21:00+02:00,5139.32,5139.32,5138.82,5138.82,9
SQ:US500,2024-04-15T01:22:00+02:00,5138.82,5139.32,5138.82,5139.32,7
SQ:US500,2024-04-15T01:23:00+02:00,5139.32,5140.07,5139.32,5140.07,5
SQ:US500,2024-04-15T01:24:00+02:00,5140.07,5140.32,5139.32,5139.32,15
SQ:US500,2024-04-15T01:25:00+02:00,5139.32,5139.82,5139.32,5139.57,6
SQ:US500,2024-04-15T01:26:00+02:00,5139.57,5139.57,5139.07,5139.57,5
SQ:US500,2024-04-15T01:27:00+02:00,5139.57,5139.57,5139.07,5139.57,7
SQ:US500,2024-04-15T01:28:00+02:00,5139.57,5139.57,5139.07,5139.32,8
SQ:US500,2024-04-15T01:29:00+02:00,5139.32,5139.32,5138.57,5138.82,13
SQ:US500,2024-04-15T01:30:00+02:00,5138.82,5139.82,5138.82,5139.82,7
SQ:US500,2024-04-15T01:31:00+02:00,5139.82,5139.82,5138.82,5139.32,11
SQ:US500,2024-04-15T01:32:00+02:00,5139.32,5140.57,5139.32,5140.32,16
SQ:US500,2024-04-15T01:33:00+02:00,5140.32,5140.57,5140.07,5140.32,5
SQ:US500,2024-04-15T01:34:00+02:00,5140.57,5142.57,5140.32,5141.57,21
SQ:US500,2024-04-15T01:35:00+02:00,5141.57,5141.57,5140.82,5141.57,13
SQ:US500,2024-04-15T01:36:00+02:00,5141.57,5143.57,5141.32,5142.82,36
SQ:US500,2024-04-15T01:37:00+02:00,5142.57,5144.32,5142.07,5142.57,32
SQ:US500,2024-04-15T01:38:00+02:00,5142.82,5142.82,5141.57,5141.82,13
SQ:US500,2024-04-15T01:39:00+02:00,5141.82,5141.82,5140.82,5141.32,15
SQ:US500,2024-04-15T01:40:00+02:00,5141.32,5141.57,5141.07,5141.32,17
SQ:US500,2024-04-15T01:41:00+02:00,5141.32,5141.57,5140.57,5140.82,19
SQ:US500,2024-04-15T01:42:00+02:00,5140.57,5140.82,5139.82,5140.32,14
SQ:US500,2024-04-15T01:43:00+02:00,5140.32,5140.82,5140.32,5140.57,8
SQ:US500,2024-04-15T01:44:00+02:00,5140.82,5141.32,5140.82,5141.32,5
SQ:US500,2024-04-15T01:45:00+02:00,5141.32,5142.07,5141.07,5141.32,16
SQ:US500,2024-04-15T01:46:00+02:00,5141.32,5141.57,5140.32,5140.57,23
SQ:US500,2024-04-15T01:47:00+02:00,5140.57,5142.07,5140.57,5142.07,13
SQ:US500,2024-04-15T01:48:00+02:00,5142.07,5142.82,5141.82,5142.32,17
SQ:US500,2024-04-15T01:49:00+02:00,5142.32,5142.82,5141.82,5142.07,21
SQ:US500,2024-04-15T01:50:00+02:00,5141.82,5141.82,5140.07,5140.57,34
SQ:US500,2024-04-15T01:51:00+02:00,5140.57,5140.82,5140.32,5140.57,20
SQ:US500,2024-04-15T01:52:00+02:00,5140.57,5140.82,5139.07,5139.07,20
SQ:US500,2024-04-15T01:53:00+02:00,5139.07,5140.32,5139.07,5140.32,16
SQ:US500,2024-04-15T01:54:00+02:00,5140.07,5140.07,5138.57,5138.82,13
SQ:US500,2024-04-15T01:55:00+02:00,5138.82,5138.82,5137.82,5138.57,15
SQ:US500,2024-04-15T01:56:00+02:00,5138.57,5140.07,5138.57,5139.82,19
SQ:US500,2024-04-15T01:57:00+02:00,5139.82,5140.57,5139.57,5139.82,20
SQ:US500,2024-04-15T01:58:00+02:00,5139.82,5140.07,5139.82,5140.07,10
SQ:US500,2024-04-15T01:59:00+02:00,5140.07,5140.07,5139.32,5139.57,12
SQ:US500,2024-04-15T02:00:00+02:00,5139.57,5141.57,5139.57,5139.82,49
SQ:US500,2024-04-15T02:01:00+02:00,5139.57,5140.32,5138.32,5138.82,46
SQ:US500,2024-04-15T02:02:00+02:00,5138.82,5140.32,5138.32,5139.07,42
SQ:US500,2024-04-15T02:03:00+02:00,5139.07,5139.82,5138.57,5139.32,26
SQ:US500,2024-04-15T02:04:00+02:00,5139.57,5140.32,5137.07,5139.57,49
SQ:US500,2024-04-15T02:05:00+02:00,5139.57,5139.82,5138.82,5138.82,26
SQ:US500,2024-04-15T02:06:00+02:00,5138.82,5139.07,5138.32,5139.07,18
SQ:US500,2024-04-15T02:07:00+02:00,5139.07,5139.32,5138.57,5139.07,23
SQ:US500,2024-04-15T02:08:00+02:00,5139.07,5140.32,5139.07,5140.32,16
SQ:US500,2024-04-15T02:09:00+02:00,5140.07,5140.32,5139.57,5139.82,19
SQ:US500,2024-04-15T02:10:00+02:00,5139.82,5140.07,5139.32,5139.82,20
SQ:US500,2024-04-15T02:11:00+02:00,5139.57,5139.82,5138.57,5139.07,11
SQ:US500,2024-04-15T02:12:00+02:00,5139.07,5139.32,5137.82,5137.82,19
SQ:US500,2024-04-15T02:13:00+02:00,5137.82,5138.07,5137.32,5137.57,23
SQ:US500,2024-04-15T02:14:00+02:00,5137.57,5138.07,5137.07,5137.57,23
SQ:US500,2024-04-15T02:15:00+02:00,5137.57,5137.57,5135.82,5135.82,42
SQ:US500,2024-04-15T02:16:00+02:00,5136.07,5137.07,5135.57,5136.82,28
SQ:US500,2024-04-15T02:17:00+02:00,5136.82,5137.07,5135.32,5135.57,18
SQ:US500,2024-04-15T02:18:00+02:00,5135.32,5135.57,5134.32,5134.57,25
SQ:US500,2024-04-15T02:19:00+02:00,5134.57,5135.07,5129.07,5130.07,93
SQ:US500,2024-04-15T02:20:00+02:00,5130.07,5131.32,5128.32,5128.82,67
SQ:US500,2024-04-15T02:21:00+02:00,5128.82,5130.82,5127.82,5130.32,60
SQ:US500,2024-04-15T02:22:00+02:00,5130.32,5132.07,5130.32,5131.82,25
SQ:US500,2024-04-15T02:23:00+02:00,5131.82,5132.82,5131.57,5132.82,25
SQ:US500,2024-04-15T02:24:00+02:00,5132.82,5133.82,5131.57,5133.57,37
SQ:US500,2024-04-15T02:25:00+02:00,5133.57,5134.57,5133.57,5134.57,30
SQ:US500,2024-04-15T02:26:00+02:00,5134.57,5136.07,5134.57,5135.82,29
SQ:US500,2024-04-15T02:27:00+02:00,5135.82,5136.82,5135.32,5136.57,31
SQ:US500,2024-04-15T02:28:00+02:00,5136.57,5136.82,5136.32,5136.82,9
SQ:US500,2024-04-15T02:29:00+02:00,5136.82,5137.07,5136.57,5136.82,13
SQ:US500,2024-04-15T02:30:00+02:00,5136.82,5137.32,5135.82,5136.57,26
SQ:US500,2024-04-15T02:31:00+02:00,5136.82,5136.82,5135.57,5136.07,18
SQ:US500,2024-04-15T02:32:00+02:00,5136.07,5136.57,5135.57,5135.57,21
SQ:US500,2024-04-15T02:33:00+02:00,5135.82,5136.57,5135.57,5136.32,30
SQ:US500,2024-04-15T02:34:00+02:00,5136.32,5136.57,5135.32,5135.82,19
SQ:US500,2024-04-15T02:35:00+02:00,5136.07,5136.32,5135.57,5135.57,15
SQ:US500,2024-04-15T02:36:00+02:00,5135.57,5136.32,5135.57,5135.82,16
SQ:US500,2024-04-15T02:37:00+02:00,5135.82,5136.82,5135.57,5136.32,9
SQ:US500,2024-04-15T02:38:00+02:00,5136.32,5136.57,5134.82,5135.07,18
SQ:US500,2024-04-15T02:39:00+02:00,5135.07,5135.57,5135.07,5135.57,11
SQ:US500,2024-04-15T02:40:00+02:00,5135.57,5137.07,5135.32,5137.07,13
SQ:US500,2024-04-15T02:41:00+02:00,5137.07,5139.07,5136.82,5138.82,25
SQ:US500,2024-04-15T02:42:00+02:00,5138.82,5139.07,5138.07,5138.32,13
SQ:US500,2024-04-15T02:43:00+02:00,5138.32,5138.32,5137.82,5138.07,10
SQ:US500,2024-04-15T02:44:00+02:00,5138.07,5138.32,5137.07,5137.57,17
SQ:US500,2024-04-15T02:45:00+02:00,5137.32,5137.82,5136.82,5137.07,18
SQ:US500,2024-04-15T02:46:00+02:00,5137.07,5137.07,5136.32,5136.57,11
SQ:US500,2024-04-15T02:47:00+02:00,5136.32,5136.57,5135.82,5136.57,12
SQ:US500,2024-04-15T02:48:00+02:00,5136.57,5137.32,5136.07,5136.82,13
SQ:US500,2024-04-15T02:49:00+02:00,5136.82,5137.32,5136.32,5136.32,10
SQ:US500,2024-04-15T02:50:00+02:00,5136.32,5136.82,5135.82,5136.82,11
SQ:US500,2024-04-15T02:51:00+02:00,5136.57,5136.82,5134.82,5134.82,32
SQ:US500,2024-04-15T02:52:00+02:00,5134.82,5136.57,5134.82,5136.57,16
SQ:US500,2024-04-15T02:53:00+02:00,5136.32,5136.32,5135.82,5136.32,11
SQ:US500,2024-04-15T02:54:00+02:00,5136.07,5136.57,5136.07,5136.57,13
SQ:US500,2024-04-15T02:55:00+02:00,5136.57,5137.32,5136.32,5136.57,10
SQ:US500,2024-04-15T02:56:00+02:00,5136.57,5136.82,5135.32,5135.32,14
SQ:US500,2024-04-15T02:57:00+02:00,5135.32,5135.82,5134.57,5135.32,17
SQ:US500,2024-04-15T02:58:00+02:00,5135.32,5136.32,5135.32,5135.82,12
SQ:US500,2024-04-15T02:59:00+02:00,5135.82,5136.07,5135.32,5136.07,10
SQ:US500,2024-04-15T03:00:00+02:00,5136.07,5136.57,5135.57,5135.82,22
SQ:US500,2024-04-15T03:01:00+02:00,5135.82,5136.32,5135.82,5136.32,17
SQ:US500,2024-04-15T03:02:00+02:00,5136.32,5136.32,5135.57,5135.82,15
SQ:US500,2024-04-15T03:03:00+02:00,5135.82,5136.82,5135.07,5135.32,25
SQ:US500,2024-04-15T03:04:00+02:00,5135.32,5136.57,5135.32,5136.32,13
SQ:US500,2024-04-15T03:05:00+02:00,5136.07,5136.07,5135.07,5135.57,18
SQ:US500,2024-04-15T03:06:00+02:00,5135.57,5136.07,5135.32,5135.57,13
SQ:US500,2024-04-15T03:07:00+02:00,5135.32,5135.57,5135.07,5135.32,9
SQ:US500,2024-04-15T03:08:00+02:00,5135.07,5135.07,5134.57,5135.07,13
SQ:US500,2024-04-15T03:09:00+02:00,5135.07,5135.07,5133.32,5134.07,20
SQ:US500,2024-04-15T03:10:00+02:00,5134.07,5134.32,5133.57,5134.07,25
SQ:US500,2024-04-15T03:11:00+02:00,5134.07,5134.07,5133.07,5133.57,19
SQ:US500,2024-04-15T03:12:00+02:00,5133.32,5133.32,5132.32,5132.82,20
SQ:US500,2024-04-15T03:13:00+02:00,5133.07,5133.32,5132.82,5132.82,11
SQ:US500,2024-04-15T03:14:00+02:00,5132.82,5133.32,5131.82,5132.57,19
SQ:US500,2024-04-15T03:15:00+02:00,5132.57,5132.57,5128.82,5130.82,56
SQ:US500,2024-04-15T03:16:00+02:00,5130.82,5131.82,5129.82,5130.07,33
SQ:US500,2024-04-15T03:17:00+02:00,5130.32,5131.57,5129.57,5130.82,24
SQ:US500,2024-04-15T03:18:00+02:00,5131.07,5131.57,5130.57,5131.07,35
SQ:US500,2024-04-15T03:19:00+02:00,5131.32,5131.32,5130.57,5131.07,18
SQ:US500,2024-04-15T03:20:00+02:00,5131.07,5132.32,5131.07,5132.07,21
SQ:US500,2024-04-15T03:21:00+02:00,5132.07,5133.07,5131.07,5131.32,32
SQ:US500,2024-04-15T03:22:00+02:00,5131.57,5131.82,5131.32,5131.57,13
SQ:US500,2024-04-15T03:23:00+02:00,5131.57,5131.82,5131.32,5131.32,14
SQ:US500,2024-04-15T03:24:00+02:00,5131.57,5132.32,5131.32,5131.32,17
SQ:US500,2024-04-15T03:25:00+02:00,5131.32,5132.32,5131.07,5131.07,16
SQ:US500,2024-04-15T03:26:00+02:00,5131.07,5132.07,5131.07,5131.82,20
SQ:US500,2024-04-15T03:27:00+02:00,5131.57,5132.07,5131.57,5131.57,7
SQ:US500,2024-04-15T03:28:00+02:00,5131.57,5132.07,5131.07,5131.07,9
SQ:US500,2024-04-15T03:29:00+02:00,5131.07,5133.07,5131.07,5132.82,19
SQ:US500,2024-04-15T03:30:00+02:00,5132.82,5133.57,5132.07,5132.32,31
SQ:US500,2024-04-15T03:31:00+02:00,5132.32,5133.07,5132.32,5132.32,30
SQ:US500,2024-04-15T03:32:00+02:00,5132.32,5132.82,5131.82,5132.07,20
SQ:US500,2024-04-15T03:33:00+02:00,5132.07,5132.82,5131.32,5132.82,16
SQ:US500,2024-04-15T03:34:00+02:00,5132.82,5134.07,5132.57,5133.82,23
SQ:US500,2024-04-15T03:35:00+02:00,5133.82,5133.82,5132.57,5132.82,14
SQ:US500,2024-04-15T03:36:00+02:00,5132.82,5133.32,5132.07,5132.32,16
SQ:US500,2024-04-15T03:37:00+02:00,5132.32,5133.07,5132.07,5132.32,13
SQ:US500,2024-04-15T03:38:00+02:00,5132.57,5132.57,5132.32,5132.57,7
SQ:US500,2024-04-15T03:39:00+02:00,5132.57,5133.07,5132.32,5132.57,11
SQ:US500,2024-04-15T03:40:00+02:00,5132.57,5133.07,5132.07,5132.32,14
SQ:US500,2024-04-15T03:41:00+02:00,5132.32,5132.57,5131.32,5132.32,19
SQ:US500,2024-04-15T03:42:00+02:00,5132.57,5133.32,5132.32,5132.32,12
SQ:US500,2024-04-15T03:43:00+02:00,5132.32,5132.82,5132.07,5132.82,11
SQ:US500,2024-04-15T03:44:00+02:00,5133.07,5133.07,5132.07,5132.32,14
SQ:US500,2024-04-15T03:45:00+02:00,5132.32,5132.57,5131.32,5131.82,15
SQ:US500,2024-04-15T03:46:00+02:00,5131.82,5131.82,5130.82,5131.07,12
SQ:US500,2024-04-15T03:47:00+02:00,5131.07,5131.07,5130.57,5130.82,17
SQ:US500,2024-04-15T03:48:00+02:00,5130.82,5132.32,5130.82,5132.07,15
SQ:US500,2024-04-15T03:49:00+02:00,5132.32,5133.32,5132.32,5133.07,20
SQ:US500,2024-04-15T03:50:00+02:00,5133.07,5134.07,5133.07,5134.07,13
SQ:US500,2024-04-15T03:51:00+02:00,5134.07,5135.32,5134.07,5134.82,22
SQ:US500,2024-04-15T03:52:00+02:00,5134.82,5135.07,5134.07,5134.82,13
SQ:US500,2024-04-15T03:53:00+02:00,5134.82,5135.82,5134.82,5135.82,11
SQ:US500,2024-04-15T03:54:00+02:00,5135.82,5135.82,5134.82,5135.07,10
SQ:US500,2024-04-15T03:55:00+02:00,5135.07,5135.32,5134.82,5135.07,9
SQ:US500,2024-04-15T03:56:00+02:00,5135.07,5135.82,5135.07,5135.32,16
SQ:US500,2024-04-15T03:57:00+02:00,5135.32,5135.57,5135.07,5135.32,9
SQ:US500,2024-04-15T03:58:00+02:00,5135.32,5135.57,5135.07,5135.32,9
SQ:US500,2024-04-15T03:59:00+02:00,5135.32,5135.32,5134.82,5134.82,11
SQ:US500,2024-04-15T04:00:00+02:00,5134.82,5135.32,5134.82,5135.07,16
SQ:US500,2024-04-15T04:01:00+02:00,5135.07,5136.07,5134.82,5135.57,13
SQ:US500,2024-04-15T04:02:00+02:00,5135.57,5136.57,5135.57,5136.57,14
SQ:US500,2024-04-15T04:03:00+02:00,5136.57,5137.57,5136.57,5137.32,16
SQ:US500,2024-04-15T04:04:00+02:00,5137.32,5137.32,5136.32,5136.82,13
SQ:US500,2024-04-15T04:05:00+02:00,5136.82,5137.07,5136.82,5136.82,11
SQ:US500,2024-04-15T04:06:00+02:00,5136.82,5136.82,5136.32,5136.32,9
SQ:US500,2024-04-15T04:07:00+02:00,5136.32,5137.07,5136.32,5137.07,8
SQ:US500,2024-04-15T04:08:00+02:00,5137.07,5137.32,5136.07,5136.07,11
SQ:US500,2024-04-15T04:09:00+02:00,5136.07,5136.32,5135.82,5136.07,13
SQ:US500,2024-04-15T04:10:00+02:00,5136.07,5136.32,5135.57,5135.57,19
SQ:US500,2024-04-15T04:11:00+02:00,5135.82,5136.32,5135.82,5136.32,11
SQ:US500,2024-04-15T04:12:00+02:00,5136.32,5136.82,5135.82,5136.07,21
SQ:US500,2024-04-15T04:13:00+02:00,5135.82,5136.32,5135.07,5136.32,13
SQ:US500,2024-04-15T04:14:00+02:00,5136.07,5136.07,5135.82,5136.07,5
SQ:US500,2024-04-15T04:15:00+02:00,5136.07,5137.32,5136.07,5137.32,16
SQ:US500,2024-04-15T04:16:00+02:00,5137.07,5137.57,5137.07,5137.32,6
SQ:US500,2024-04-15T04:17:00+02:00,5137.57,5137.57,5136.57,5136.82,14
SQ:US500,2024-04-15T04:18:00+02:00,5136.82,5137.07,5136.57,5136.57,8
SQ:US500,2024-04-15T04:19:00+02:00,5136.32,5136.82,5136.07,5136.57,10
SQ:US500,2024-04-15T04:20:00+02:00,5136.57,5137.07,5136.57,5136.82,16
SQ:US500,2024-04-15T04:21:00+02:00,5136.82,5137.32,5136.82,5137.32,9
SQ:US500,2024-04-15T04:22:00+02:00,5137.32,5137.32,5137.07,5137.32,3
SQ:US500,2024-04-15T04:23:00+02:00,5137.32,5137.32,5136.57,5136.82,13
SQ:US500,2024-04-15T04:24:00+02:00,5136.82,5136.82,5136.07,5136.82,11
SQ:US500,2024-04-15T04:25:00+02:00,5136.57,5137.07,5136.32,5136.32,8
SQ:US500,2024-04-15T04:26:00+02:00,5136.32,5136.57,5136.32,5136.32,7
SQ:US500,2024-04-15T04:27:00+02:00,5136.32,5136.57,5136.07,5136.07,5
SQ:US500,2024-04-15T04:28:00+02:00,5135.82,5136.07,5135.57,5135.57,10
SQ:US500,2024-04-15T04:29:00+02:00,5135.57,5136.32,5135.57,5136.07,5
SQ:US500,2024-04-15T04:30:00+02:00,5136.07,5136.57,5135.82,5136.32,7
SQ:US500,2024-04-15T04:31:00+02:00,5136.32,5136.57,5136.32,5136.32,3
SQ:US500,2024-04-15T04:32:00+02:00,5136.32,5136.32,5135.57,5135.57,6
SQ:US500,2024-04-15T04:33:00+02:00,5135.32,5135.32,5134.82,5135.07,8
SQ:US500,2024-04-15T04:34:00+02:00,5135.07,5135.32,5134.82,5135.07,5
SQ:US500,2024-04-15T04:35:00+02:00,5135.07,5135.07,5134.82,5135.07,5
SQ:US500,2024-04-15T04:36:00+02:00,5135.07,5135.07,5134.82,5135.07,7
SQ:US500,2024-04-15T04:37:00+02:00,5135.07,5135.57,5135.07,5135.32,4
SQ:US500,2024-04-15T04:38:00+02:00,5135.32,5136.07,5135.32,5135.82,5
SQ:US500,2024-04-15T04:39:00+02:00,5135.82,5136.32,5135.82,5136.07,8
SQ:US500,2024-04-15T04:40:00+02:00,5136.07,5136.32,5135.82,5136.07,7
SQ:US500,2024-04-15T04:41:00+02:00,5136.07,5136.32,5135.82,5136.32,10
SQ:US500,2024-04-15T04:42:00+02:00,5136.32,5136.82,5136.32,5136.57,6
SQ:US500,2024-04-15T04:43:00+02:00,5136.57,5136.57,5136.07,5136.07,5
SQ:US500,2024-04-15T04:44:00+02:00,5136.07,5136.07,5135.32,5135.32,14
SQ:US500,2024-04-15T04:45:00+02:00,5135.57,5135.57,5135.07,5135.32,6
SQ:US500,2024-04-15T04:46:00+02:00,5135.32,5135.82,5135.07,5135.07,6
SQ:US500,2024-04-15T04:47:00+02:00,5135.07,5135.32,5135.07,5135.32,4
SQ:US500,2024-04-15T04:48:00+02:00,5135.32,5135.57,5135.32,5135.57,8
SQ:US500,2024-04-15T04:49:00+02:00,5135.57,5135.57,5135.07,5135.07,15
SQ:US500,2024-04-15T04:50:00+02:00,5135.32,5135.82,5135.32,5135.57,4
SQ:US500,2024-04-15T04:51:00+02:00,5135.57,5136.32,5135.32,5135.82,10
SQ:US500,2024-04-15T04:52:00+02:00,5135.82,5136.07,5135.32,5135.32,16
SQ:US500,2024-04-15T04:53:00+02:00,5135.32,5135.57,5134.32,5134.82,15
SQ:US500,2024-04-15T04:54:00+02:00,5134.82,5135.07,5134.57,5134.82,11
SQ:US500,2024-04-15T04:55:00+02:00,5134.82,5134.82,5134.32,5134.57,6
SQ:US500,2024-04-15T04:56:00+02:00,5134.57,5134.57,5134.32,5134.32,8
SQ:US500,2024-04-15T04:57:00+02:00,5134.57,5134.82,5134.57,5134.82,6
SQ:US500,2024-04-15T04:58:00+02:00,5134.82,5135.07,5134.82,5134.82,3
SQ:US500,2024-04-15T04:59:00+02:00,5134.82,5134.82,5134.32,5134.57,8
SQ:US500,2024-04-15T05:00:00+02:00,5134.57,5134.57,5134.32,5134.32,4
SQ:US500,2024-04-15T05:01:00+02:00,5134.32,5134.32,5133.07,5133.07,2
SQ:US500,2024-04-15T05:02:00+02:00,5132.82,5133.32,5132.32,5132.32,13
SQ:US500,2024-04-15T05:03:00+02:00,5132.32,5132.82,5132.07,5132.57,14
SQ:US500,2024-04-15T05:04:00+02:00,5132.82,5133.82,5132.82,5133.32,15
SQ:US500,2024-04-15T05:05:00+02:00,5133.07,5133.07,5132.82,5132.82,4
SQ:US500,2024-04-15T05:06:00+02:00,5132.82,5133.07,5132.32,5132.82,11
SQ:US500,2024-04-15T05:07:00+02:00,5132.82,5133.07,5132.82,5133.07,2
SQ:US500,2024-04-15T05:08:00+02:00,5133.07,5133.32,5132.82,5133.32,7
SQ:US500,2024-04-15T05:09:00+02:00,5133.32,5133.32,5133.32,5133.32,1
SQ:US500,2024-04-15T05:10:00+02:00,5133.57,5133.82,5133.57,5133.57,5
SQ:US500,2024-04-15T05:11:00+02:00,5133.57,5133.57,5132.82,5133.32,10
SQ:US500,2024-04-15T05:12:00+02:00,5133.32,5133.32,5132.82,5133.32,7
SQ:US500,2024-04-15T05:13:00+02:00,5133.07,5133.32,5132.57,5132.57,11
SQ:US500,2024-04-15T05:14:00+02:00,5132.57,5132.82,5132.57,5132.57,7
SQ:US500,2024-04-15T05:15:00+02:00,5132.57,5133.32,5132.57,5133.32,11
SQ:US500,2024-04-15T05:16:00+02:00,5133.32,5133.82,5132.82,5133.07,8
SQ:US500,2024-04-15T05:17:00+02:00,5133.07,5133.32,5133.07,5133.07,3
SQ:US500,2024-04-15T05:18:00+02:00,5133.07,5133.07,5132.57,5132.82,4
SQ:US500,2024-04-15T05:19:00+02:00,5132.82,5133.32,5132.82,5133.32,8
SQ:US500,2024-04-15T05:20:00+02:00,5133.07,5133.07,5132.82,5133.07,5
SQ:US500,2024-04-15T05:21:00+02:00,5133.07,5133.82,5133.07,5133.57,8
SQ:US500,2024-04-15T05:22:00+02:00,5133.57,5134.82,5133.57,5134.57,10
SQ:US500,2024-04-15T05:23:00+02:00,5134.57,5134.82,5134.07,5134.82,10
SQ:US500,2024-04-15T05:24:00+02:00,5134.57,5134.82,5134.57,5134.57,3
SQ:US500,2024-04-15T05:25:00+02:00,5134.57,5134.82,5134.32,5134.82,8
SQ:US500,2024-04-15T05:26:00+02:00,5134.82,5134.82,5134.57,5134.82,11
SQ:US500,2024-04-15T05:27:00+02:00,5134.82,5134.82,5134.32,5134.32,5
SQ:US500,2024-04-15T05:28:00+02:00,5134.32,5135.07,5134.32,5135.07,4
SQ:US500,2024-04-15T05:29:00+02:00,5135.32,5136.07,5135.07,5135.57,10
SQ:US500,2024-04-15T05:30:00+02:00,5135.57,5136.07,5135.57,5135.82,12
SQ:US500,2024-04-15T05:31:00+02:00,5135.82,5136.32,5135.82,5136.07,8
SQ:US500,2024-04-15T05:32:00+02:00,5136.07,5136.82,5136.07,5136.57,5
SQ:US500,2024-04-15T05:33:00+02:00,5136.57,5137.32,5136.57,5137.32,10
SQ:US500,2024-04-15T05:34:00+02:00,5137.32,5137.57,5137.07,5137.32,7
SQ:US500,2024-04-15T05:35:00+02:00,5137.32,5137.57,5137.32,5137.32,5
SQ:US500,2024-04-15T05:36:00+02:00,5137.32,5138.82,5137.32,5138.57,16
SQ:US500,2024-04-15T05:37:00+02:00,5139.07,5139.57,5139.07,5139.07,12
SQ:US500,2024-04-15T05:38:00+02:00,5139.07,5139.32,5138.82,5139.07,7
SQ:US500,2024-04-15T05:39:00+02:00,5139.07,5139.57,5139.07,5139.07,7
SQ:US500,2024-04-15T05:40:00+02:00,5139.07,5139.07,5138.57,5138.82,4
SQ:US500,2024-04-15T05:41:00+02:00,5138.82,5139.32,5138.82,5139.32,3
SQ:US500,2024-04-15T05:42:00+02:00,5139.57,5139.57,5139.07,5139.32,8
SQ:US500,2024-04-15T05:43:00+02:00,5139.57,5139.57,5139.32,5139.32,6
SQ:US500,2024-04-15T05:44:00+02:00,5139.32,5139.32,5138.82,5138.82,11
SQ:US500,2024-04-15T05:45:00+02:00,5138.82,5138.82,5138.32,5138.57,8
SQ:US500,2024-04-15T05:46:00+02:00,5138.82,5138.82,5138.07,5138.07,6
SQ:US500,2024-04-15T05:47:00+02:00,5138.07,5138.57,5138.07,5138.57,7
SQ:US500,2024-04-15T05:48:00+02:00,5138.57,5138.82,5138.57,5138.57,5
SQ:US500,2024-04-15T05:49:00+02:00,5138.57,5138.57,5138.07,5138.32,4
SQ:US500,2024-04-15T05:50:00+02:00,5138.32,5138.57,5138.07,5138.07,4
SQ:US500,2024-04-15T05:51:00+02:00,5138.07,5138.57,5138.07,5138.57,3
SQ:US500,2024-04-15T05:52:00+02:00,5138.57,5138.57,5138.32,5138.32,2
SQ:US500,2024-04-15T05:53:00+02:00,5138.32,5138.82,5138.32,5138.82,2
SQ:US500,2024-04-15T05:54:00+02:00,5138.82,5138.82,5138.32,5138.32,3
SQ:US500,2024-04-15T05:55:00+02:00,5138.32,5138.32,5138.32,5138.32,1
SQ:US500,2024-04-15T05:56:00+02:00,5138.82,5138.82,5138.32,5138.32,5
SQ:US500,2024-04-15T05:57:00+02:00,5138.07,5138.07,5137.82,5137.82,2
SQ:US500,2024-04-15T05:58:00+02:00,5137.57,5137.82,5137.32,5137.82,4
SQ:US500,2024-04-15T05:59:00+02:00,5137.82,5137.82,5137.32,5137.32,3
SQ:US500,2024-04-15T06:00:00+02:00,5137.32,5137.82,5137.32,5137.57,4
SQ:US500,2024-04-15T06:01:00+02:00,5137.57,5137.82,5137.07,5137.32,6
SQ:US500,2024-04-15T06:02:00+02:00,5137.32,5138.32,5137.32,5138.32,5
SQ:US500,2024-04-15T06:03:00+02:00,5138.07,5138.32,5137.82,5138.32,4
SQ:US500,2024-04-15T06:04:00+02:00,5138.32,5138.32,5138.07,5138.07,2
SQ:US500,2024-04-15T06:05:00+02:00,5138.32,5138.32,5137.82,5138.07,8
SQ:US500,2024-04-15T06:06:00+02:00,5138.07,5138.32,5137.57,5137.82,7
SQ:US500,2024-04-15T06:07:00+02:00,5137.82,5138.32,5137.82,5138.32,7
SQ:US500,2024-04-15T06:08:00+02:00,5138.32,5138.32,5137.82,5137.82,3
SQ:US500,2024-04-15T06:09:00+02:00,5137.82,5137.82,5137.57,5137.57,2
SQ:US500,2024-04-15T06:10:00+02:00,5137.57,5137.57,5137.07,5137.32,4
SQ:US500,2024-04-15T06:11:00+02:00,5137.32,5137.32,5137.07,5137.32,3
SQ:US500,2024-04-15T06:12:00+02:00,5137.32,5137.57,5137.32,5137.32,7
SQ:US500,2024-04-15T06:13:00+02:00,5137.32,5137.32,5136.82,5137.07,6
SQ:US500,2024-04-15T06:14:00+02:00,5136.82,5137.07,5136.82,5137.07,4
SQ:US500,2024-04-15T06:15:00+02:00,5137.07,5137.32,5137.07,5137.07,3
SQ:US500,2024-04-15T06:16:00+02:00,5137.07,5137.82,5137.07,5137.57,7
SQ:US500,2024-04-15T06:17:00+02:00,5137.57,5137.82,5137.57,5137.57,3
SQ:US500,2024-04-15T06:18:00+02:00,5137.57,5137.82,5137.57,5137.57,3
SQ:US500,2024-04-15T06:19:00+02:00,5137.57,5138.57,5137.57,5138.57,5
SQ:US500,2024-04-15T06:20:00+02:00,5138.82,5138.82,5138.32,5138.32,5
SQ:US500,2024-04-15T06:21:00+02:00,5138.32,5138.57,5138.07,5138.32,8
SQ:US500,2024-04-15T06:22:00+02:00,5138.32,5138.57,5138.07,5138.32,4
SQ:US500,2024-04-15T06:23:00+02:00,5138.32,5138.82,5138.07,5138.57,8
SQ:US500,2024-04-15T06:24:00+02:00,5138.57,5139.07,5138.57,5139.07,3
SQ:US500,2024-04-15T06:25:00+02:00,5139.07,5139.32,5138.82,5139.07,7
SQ:US500,2024-04-15T06:26:00+02:00,5139.07,5139.07,5138.57,5138.57,3
SQ:US500,2024-04-15T06:27:00+02:00,5138.32,5138.57,5138.07,5138.32,11
SQ:US500,2024-04-15T06:28:00+02:00,5138.32,5138.32,5137.82,5138.07,6
SQ:US500,2024-04-15T06:29:00+02:00,5138.07,5138.57,5137.82,5138.57,7
SQ:US500,2024-04-15T06:30:00+02:00,5138.57,5139.57,5138.57,5138.82,12
SQ:US500,2024-04-15T06:31:00+02:00,5139.07,5139.07,5138.32,5138.32,4
SQ:US500,2024-04-15T06:32:00+02:00,5138.32,5138.82,5138.07,5138.57,10
SQ:US500,2024-04-15T06:33:00+02:00,5138.57,5138.82,5138.32,5138.57,7
SQ:US500,2024-04-15T06:34:00+02:00,5138.57,5138.82,5138.32,5138.57,5
SQ:US500,2024-04-15T06:35:00+02:00,5138.57,5139.32,5138.57,5139.07,6
SQ:US500,2024-04-15T06:36:00+02:00,5139.07,5139.32,5139.07,5139.07,5
SQ:US500,2024-04-15T06:37:00+02:00,5139.07,5139.07,5138.82,5138.82,4
SQ:US500,2024-04-15T06:38:00+02:00,5138.82,5139.82,5138.82,5139.57,9
SQ:US500,2024-04-15T06:39:00+02:00,5139.57,5140.07,5139.57,5140.07,3
SQ:US500,2024-04-15T06:40:00+02:00,5139.82,5140.07,5139.82,5140.07,4
SQ:US500,2024-04-15T06:41:00+02:00,5140.07,5140.07,5139.82,5139.82,8
SQ:US500,2024-04-15T06:42:00+02:00,5139.82,5139.82,5139.32,5139.57,8
SQ:US500,2024-04-15T06:43:00+02:00,5139.57,5139.82,5139.32,5139.57,5
SQ:US500,2024-04-15T06:44:00+02:00,5139.82,5141.32,5139.32,5141.07,11
SQ:US500,2024-04-15T06:45:00+02:00,5141.32,5141.57,5140.82,5141.07,14
SQ:US500,2024-04-15T06:46:00+02:00,5140.82,5142.82,5140.82,5142.07,14
SQ:US500,2024-04-15T06:47:00+02:00,5142.07,5142.07,5141.32,5141.32,6
SQ:US500,2024-04-15T06:48:00+02:00,5141.32,5141.57,5141.07,5141.32,7
SQ:US500,2024-04-15T06:49:00+02:00,5141.32,5141.32,5140.57,5140.57,8
SQ:US500,2024-04-15T06:50:00+02:00,5140.57,5140.57,5140.32,5140.57,7
SQ:US500,2024-04-15T06:51:00+02:00,5140.57,5140.57,5140.57,5140.57,1
SQ:US500,2024-04-15T06:52:00+02:00,5140.82,5141.07,5140.82,5141.07,4
SQ:US500,2024-04-15T06:53:00+02:00,5141.07,5141.82,5141.07,5141.82,12
SQ:US500,2024-04-15T06:54:00+02:00,5141.57,5141.82,5141.32,5141.57,7
SQ:US500,2024-04-15T06:55:00+02:00,5141.57,5142.32,5141.57,5141.82,8
SQ:US500,2024-04-15T06:56:00+02:00,5141.82,5142.32,5141.82,5142.32,3
SQ:US500,2024-04-15T06:57:00+02:00,5142.32,5142.82,5142.32,5142.57,8
SQ:US500,2024-04-15T06:58:00+02:00,5142.57,5142.57,5142.32,5142.32,6
SQ:US500,2024-04-15T06:59:00+02:00,5142.32,5142.82,5142.32,5142.57,8
SQ:US500,2024-04-15T07:00:00+02:00,5142.57,5143.82,5142.57,5143.07,18
SQ:US500,2024-04-15T07:01:00+02:00,5143.07,5143.32,5143.07,5143.32,8
SQ:US500,2024-04-15T07:02:00+02:00,5143.32,5145.57,5143.32,5145.32,27
SQ:US500,2024-04-15T07:03:00+02:00,5145.57,5145.57,5144.32,5144.57,14
SQ:US500,2024-04-15T07:04:00+02:00,5144.57,5145.07,5144.57,5144.57,19
SQ:US500,2024-04-15T07:05:00+02:00,5144.82,5144.82,5144.07,5144.57,8
SQ:US500,2024-04-15T07:06:00+02:00,5144.57,5145.07,5144.32,5144.32,14
SQ:US500,2024-04-15T07:07:00+02:00,5144.32,5144.57,5144.07,5144.07,8
SQ:US500,2024-04-15T07:08:00+02:00,5144.07,5144.82,5143.82,5144.82,10
SQ:US500,2024-04-15T07:09:00+02:00,5144.82,5145.32,5144.82,5145.07,10
SQ:US500,2024-04-15T07:10:00+02:00,5145.07,5145.57,5145.07,5145.57,13
SQ:US500,2024-04-15T07:11:00+02:00,5145.82,5145.82,5145.07,5145.07,8
SQ:US500,2024-04-15T07:12:00+02:00,5145.07,5145.32,5144.82,5144.82,8
SQ:US500,2024-04-15T07:13:00+02:00,5144.57,5145.57,5144.57,5145.32,12
SQ:US500,2024-04-15T07:14:00+02:00,5145.32,5145.32,5144.82,5144.82,9
SQ:US500,2024-04-15T07:15:00+02:00,5144.82,5145.07,5144.32,5144.32,9
SQ:US500,2024-04-15T07:16:00+02:00,5144.57,5145.07,5144.32,5144.82,8
SQ:US500,2024-04-15T07:17:00+02:00,5144.82,5145.07,5144.57,5144.82,7
SQ:US500,2024-04-15T07:18:00+02:00,5144.57,5144.82,5144.32,5144.57,7
SQ:US500,2024-04-15T07:19:00+02:00,5144.57,5144.57,5143.82,5143.82,10
SQ:US500,2024-04-15T07:20:00+02:00,5143.82,5144.32,5143.57,5143.57,13
SQ:US500,2024-04-15T07:21:00+02:00,5143.82,5144.07,5143.57,5144.07,8
SQ:US500,2024-04-15T07:22:00+02:00,5144.07,5144.57,5144.07,5144.32,10
SQ:US500,2024-04-15T07:23:00+02:00,5144.32,5144.32,5144.07,5144.32,5
SQ:US500,2024-04-15T07:24:00+02:00,5144.32,5144.82,5144.07,5144.57,6
SQ:US500,2024-04-15T07:25:00+02:00,5144.57,5145.07,5144.32,5145.07,10
SQ:US500,2024-04-15T07:26:00+02:00,5145.07,5145.07,5144.07,5144.32,10
SQ:US500,2024-04-15T07:27:00+02:00,5144.32,5144.32,5143.82,5143.82,3
SQ:US500,2024-04-15T07:28:00+02:00,5144.07,5144.32,5143.82,5144.32,10
SQ:US500,2024-04-15T07:29:00+02:00,5144.57,5144.57,5143.82,5143.82,8
SQ:US500,2024-04-15T07:30:00+02:00,5144.32,5144.32,5143.32,5143.32,9
SQ:US500,2024-04-15T07:31:00+02:00,5143.32,5143.82,5143.32,5143.57,10
SQ:US500,2024-04-15T07:32:00+02:00,5143.57,5143.82,5143.32,5143.32,6
SQ:US500,2024-04-15T07:33:00+02:00,5143.32,5143.32,5142.82,5142.82,9
SQ:US500,2024-04-15T07:34:00+02:00,5143.07,5144.07,5143.07,5143.57,8
SQ:US500,2024-04-15T07:35:00+02:00,5143.57,5143.57,5143.07,5143.32,10
SQ:US500,2024-04-15T07:36:00+02:00,5143.32,5143.32,5143.07,5143.07,4
SQ:US500,2024-04-15T07:37:00+02:00,5143.07,5143.32,5142.32,5142.57,13
SQ:US500,2024-04-15T07:38:00+02:00,5142.57,5142.57,5142.07,5142.32,14
SQ:US500,2024-04-15T07:39:00+02:00,5142.32,5142.82,5142.07,5142.57,6
SQ:US500,2024-04-15T07:40:00+02:00,5142.57,5142.82,5142.07,5142.82,10
SQ:US500,2024-04-15T07:41:00+02:00,5142.82,5143.32,5142.82,5143.07,10
SQ:US500,2024-04-15T07:42:00+02:00,5143.07,5143.57,5143.07,5143.57,5
SQ:US500,2024-04-15T07:43:00+02:00,5143.57,5143.57,5143.07,5143.57,5
SQ:US500,2024-04-15T07:44:00+02:00,5143.57,5143.57,5142.82,5143.07,7
SQ:US500,2024-04-15T07:45:00+02:00,5143.07,5143.07,5142.32,5142.32,14
SQ:US500,2024-04-15T07:46:00+02:00,5142.32,5143.32,5142.32,5143.32,7
SQ:US500,2024-04-15T07:47:00+02:00,5143.32,5143.57,5143.32,5143.32,9
SQ:US500,2024-04-15T07:48:00+02:00,5143.57,5143.57,5142.82,5143.32,8
SQ:US500,2024-04-15T07:49:00+02:00,5143.32,5144.07,5143.07,5143.57,10
SQ:US500,2024-04-15T07:50:00+02:00,5143.57,5143.57,5142.82,5143.07,9
SQ:US500,2024-04-15T07:51:00+02:00,5143.07,5143.57,5143.07,5143.57,5
SQ:US500,2024-04-15T07:52:00+02:00,5143.57,5143.57,5143.32,5143.57,3
SQ:US500,2024-04-15T07:53:00+02:00,5143.57,5144.07,5143.57,5143.82,4
SQ:US500,2024-04-15T07:54:00+02:00,5143.82,5144.57,5143.57,5144.57,8
SQ:US500,2024-04-15T07:55:00+02:00,5144.57,5144.82,5144.07,5144.32,16
SQ:US500,2024-04-15T07:56:00+02:00,5144.32,5144.82,5144.07,5144.57,14
SQ:US500,2024-04-15T07:57:00+02:00,5144.57,5145.82,5144.57,5145.57,7
SQ:US500,2024-04-15T07:58:00+02:00,5145.57,5146.57,5145.32,5145.32,9
SQ:US500,2024-04-15T07:59:00+02:00,5145.82,5145.82,5144.82,5145.32,11
SQ:US500,2024-04-15T08:00:00+02:00,5145.32,5145.32,5143.82,5144.32,31
SQ:US500,2024-04-15T08:01:00+02:00,5144.32,5146.07,5144.32,5145.57,30
SQ:US500,2024-04-15T08:02:00+02:00,5145.32,5145.32,5144.57,5144.82,13
SQ:US500,2024-04-15T08:03:00+02:00,5144.82,5144.82,5143.82,5144.07,20
SQ:US500,2024-04-15T08:04:00+02:00,5144.07,5144.07,5143.57,5143.57,13
SQ:US500,2024-04-15T08:05:00+02:00,5143.57,5143.57,5142.57,5142.82,26
SQ:US500,2024-04-15T08:06:00+02:00,5142.82,5143.32,5142.57,5143.07,24
SQ:US500,2024-04-15T08:07:00+02:00,5143.07,5143.07,5142.32,5142.82,19
SQ:US500,2024-04-15T08:08:00+02:00,5142.82,5143.32,5142.57,5143.32,15
SQ:US500,2024-04-15T08:09:00+02:00,5143.32,5144.82,5143.07,5144.57,29
SQ:US500,2024-04-15T08:10:00+02:00,5144.57,5144.57,5143.57,5144.57,24
SQ:US500,2024-04-15T08:11:00+02:00,5144.57,5145.57,5144.07,5145.57,22
SQ:US500,2024-04-15T08:12:00+02:00,5145.57,5145.57,5145.07,5145.07,17
SQ:US500,2024-04-15T08:13:00+02:00,5145.07,5145.82,5144.82,5145.32,18
SQ:US500,2024-04-15T08:14:00+02:00,5145.32,5145.82,5144.82,5144.82,16
SQ:US500,2024-04-15T08:15:00+02:00,5145.07,5145.32,5144.57,5145.07,35
SQ:US500,2024-04-15T08:16:00+02:00,5144.82,5144.82,5143.82,5144.82,32
SQ:US500,2024-04-15T08:17:00+02:00,5144.82,5145.82,5144.82,5145.57,14
SQ:US500,2024-04-15T08:18:00+02:00,5145.82,5147.57,5145.82,5146.82,27
SQ:US500,2024-04-15T08:19:00+02:00,5146.82,5146.82,5145.57,5145.57,10
SQ:US500,2024-04-15T08:20:00+02:00,5145.57,5145.57,5144.57,5144.57,23
SQ:US500,2024-04-15T08:21:00+02:00,5144.57,5145.57,5144.07,5144.82,20
SQ:US500,2024-04-15T08:22:00+02:00,5144.82,5145.82,5144.82,5145.57,20
SQ:US500,2024-04-15T08:23:00+02:00,5145.57,5146.07,5145.07,5146.07,20
SQ:US500,2024-04-15T08:24:00+02:00,5146.07,5146.32,5145.82,5146.07,11
SQ:US500,2024-04-15T08:25:00+02:00,5145.82,5146.82,5145.57,5146.82,17
SQ:US500,2024-04-15T08:26:00+02:00,5146.82,5146.82,5145.82,5146.57,12
SQ:US500,2024-04-15T08:27:00+02:00,5146.82,5148.07,5146.07,5147.82,18
SQ:US500,2024-04-15T08:28:00+02:00,5148.32,5148.82,5147.32,5148.57,18
SQ:US500,2024-04-15T08:29:00+02:00,5148.32,5148.82,5147.82,5148.57,20
SQ:US500,2024-04-15T08:30:00+02:00,5148.57,5150.07,5148.32,5149.57,23
SQ:US500,2024-04-15T08:31:00+02:00,5149.57,5149.57,5148.32,5148.32,18
SQ:US500,2024-04-15T08:32:00+02:00,5148.32,5149.07,5148.32,5149.07,16
SQ:US500,2024-04-15T08:33:00+02:00,5149.07,5149.07,5148.07,5148.07,9
SQ:US500,2024-04-15T08:34:00+02:00,5148.32,5148.32,5147.57,5147.82,12
SQ:US500,2024-04-15T08:35:00+02:00,5147.82,5147.82,5147.32,5147.32,9
SQ:US500,2024-04-15T08:36:00+02:00,5147.07,5147.57,5146.82,5147.07,10
SQ:US500,2024-04-15T08:37:00+02:00,5147.07,5147.82,5146.57,5147.82,16
SQ:US500,2024-04-15T08:38:00+02:00,5147.57,5149.07,5147.57,5148.57,15
SQ:US500,2024-04-15T08:39:00+02:00,5148.32,5148.82,5148.32,5148.82,11
SQ:US500,2024-04-15T08:40:00+02:00,5148.82,5149.32,5148.07,5148.32,15
SQ:US500,2024-04-15T08:41:00+02:00,5148.07,5149.07,5148.07,5149.07,11
SQ:US500,2024-04-15T08:42:00+02:00,5149.07,5149.82,5149.07,5149.32,9
SQ:US500,2024-04-15T08:43:00+02:00,5149.57,5149.57,5149.07,5149.07,13
SQ:US500,2024-04-15T08:44:00+02:00,5148.82,5148.82,5148.07,5148.07,12
SQ:US500,2024-04-15T08:45:00+02:00,5148.07,5148.07,5147.57,5147.57,17
SQ:US500,2024-04-15T08:46:00+02:00,5147.57,5148.07,5147.57,5147.57,7
SQ:US500,2024-04-15T08:47:00+02:00,5147.82,5148.82,5147.82,5148.57,19
SQ:US500,2024-04-15T08:48:00+02:00,5148.57,5148.82,5148.32,5148.32,12
SQ:US500,2024-04-15T08:49:00+02:00,5148.57,5149.07,5148.57,5148.57,7
SQ:US500,2024-04-15T08:50:00+02:00,5148.82,5149.07,5148.07,5148.82,9
SQ:US500,2024-04-15T08:51:00+02:00,5148.82,5149.32,5148.57,5149.32,9
SQ:US500,2024-04-15T08:52:00+02:00,5149.57,5149.57,5148.57,5149.07,13
SQ:US500,2024-04-15T08:53:00+02:00,5149.07,5149.07,5147.32,5147.32,20
SQ:US500,2024-04-15T08:54:00+02:00,5147.32,5148.32,5147.32,5148.32,13
SQ:US500,2024-04-15T08:55:00+02:00,5148.32,5148.32,5147.82,5148.07,10
SQ:US500,2024-04-15T08:56:00+02:00,5148.07,5148.57,5147.82,5148.07,9
SQ:US500,2024-04-15T08:57:00+02:00,5148.07,5148.57,5147.82,5148.57,11
SQ:US500,2024-04-15T08:58:00+02:00,5148.57,5149.07,5148.32,5148.32,14
SQ:US500,2024-04-15T08:59:00+02:00,5148.32,5148.32,5146.07,5146.32,28
SQ:US500,2024-04-15T09:00:00+02:00,5146.07,5148.32,5145.82,5147.82,82
SQ:US500,2024-04-15T09:01:00+02:00,5147.82,5149.82,5147.82,5149.32,64
SQ:US500,2024-04-15T09:02:00+02:00,5149.57,5151.32,5149.57,5151.07,29
SQ:US500,2024-04-15T09:03:00+02:00,5151.07,5151.32,5150.32,5151.32,44
SQ:US500,2024-04-15T09:04:00+02:00,5151.57,5154.57,5151.32,5151.32,64
SQ:US500,2024-04-15T09:05:00+02:00,5151.32,5151.82,5149.82,5150.07,50
SQ:US500,2024-04-15T09:06:00+02:00,5150.07,5151.57,5150.07,5151.32,48
SQ:US500,2024-04-15T09:07:00+02:00,5151.32,5151.57,5149.82,5150.07,69
SQ:US500,2024-04-15T09:08:00+02:00,5150.32,5151.32,5150.32,5151.07,43
SQ:US500,2024-04-15T09:09:00+02:00,5151.07,5151.82,5150.57,5151.07,44
SQ:US500,2024-04-15T09:10:00+02:00,5151.32,5151.32,5148.57,5149.32,57
SQ:US500,2024-04-15T09:11:00+02:00,5149.32,5149.32,5147.82,5148.07,44
SQ:US500,2024-04-15T09:12:00+02:00,5148.07,5149.32,5147.32,5149.07,31
SQ:US500,2024-04-15T09:13:00+02:00,5149.07,5149.07,5147.07,5147.07,46
SQ:US500,2024-04-15T09:14:00+02:00,5147.07,5148.57,5147.07,5148.57,34
SQ:US500,2024-04-15T09:15:00+02:00,5148.57,5149.07,5145.82,5146.57,50
SQ:US500,2024-04-15T09:16:00+02:00,5146.57,5147.57,5145.07,5147.07,60
SQ:US500,2024-04-15T09:17:00+02:00,5147.32,5148.07,5145.82,5148.07,46
SQ:US500,2024-04-15T09:18:00+02:00,5147.82,5149.57,5147.57,5148.82,33
SQ:US500,2024-04-15T09:19:00+02:00,5148.57,5150.07,5148.57,5150.07,37
SQ:US500,2024-04-15T09:20:00+02:00,5150.07,5151.07,5149.32,5150.57,34
SQ:US500,2024-04-15T09:21:00+02:00,5150.57,5150.57,5149.07,5149.07,40
SQ:US500,2024-04-15T09:22:00+02:00,5149.07,5149.07,5145.82,5146.07,49
SQ:US500,2024-04-15T09:23:00+02:00,5146.07,5147.07,5145.32,5146.57,50
SQ:US500,2024-04-15T09:24:00+02:00,5146.82,5147.57,5145.57,5145.82,68
SQ:US500,2024-04-15T09:25:00+02:00,5145.82,5146.82,5145.57,5146.82,54
SQ:US500,2024-04-15T09:26:00+02:00,5146.82,5146.82,5145.32,5145.57,42
SQ:US500,2024-04-15T09:27:00+02:00,5145.57,5147.32,5145.32,5147.32,40
SQ:US500,2024-04-15T09:28:00+02:00,5147.32,5147.57,5146.32,5147.07,41
SQ:US500,2024-04-15T09:29:00+02:00,5147.07,5147.32,5146.32,5146.82,40
SQ:US500,2024-04-15T09:30:00+02:00,5146.82,5148.07,5146.07,5146.07,60
SQ:US500,2024-04-15T09:31:00+02:00,5146.07,5146.57,5144.07,5144.82,49
SQ:US500,2024-04-15T09:32:00+02:00,5144.82,5144.82,5142.57,5143.07,65
SQ:US500,2024-04-15T09:33:00+02:00,5143.32,5145.32,5143.32,5144.32,44
SQ:US500,2024-04-15T09:34:00+02:00,5144.57,5146.07,5144.32,5145.57,48
SQ:US500,2024-04-15T09:35:00+02:00,5145.82,5147.82,5145.32,5147.57,39
SQ:US500,2024-04-15T09:36:00+02:00,5147.57,5149.07,5147.32,5148.32,52
SQ:US500,2024-04-15T09:37:00+02:00,5148.57,5148.57,5147.07,5148.07,23
SQ:US500,2024-04-15T09:38:00+02:00,5148.07,5149.07,5146.82,5147.82,38
SQ:US500,2024-04-15T09:39:00+02:00,5147.82,5149.57,5147.82,5149.07,50
SQ:US500,2024-04-15T09:40:00+02:00,5149.07,5150.57,5149.07,5149.32,30
SQ:US500,2024-04-15T09:41:00+02:00,5149.32,5149.82,5148.32,5149.07,34
SQ:US500,2024-04-15T09:42:00+02:00,5148.82,5149.07,5147.82,5148.57,37
SQ:US500,2024-04-15T09:43:00+02:00,5148.57,5149.07,5147.32,5148.07,28
SQ:US500,2024-04-15T09:44:00+02:00,5147.82,5147.82,5146.32,5146.32,37
SQ:US500,2024-04-15T09:45:00+02:00,5146.32,5146.82,5144.32,5145.32,40
SQ:US500,2024-04-15T09:46:00+02:00,5145.32,5145.32,5142.32,5145.07,46
SQ:US500,2024-04-15T09:47:00+02:00,5145.07,5147.32,5145.07,5145.57,49
SQ:US500,2024-04-15T09:48:00+02:00,5145.57,5147.32,5145.57,5147.32,41
SQ:US500,2024-04-15T09:49:00+02:00,5147.32,5148.07,5146.82,5148.07,30
SQ:US500,2024-04-15T09:50:00+02:00,5148.32,5149.07,5147.82,5149.07,30
SQ:US500,2024-04-15T09:51:00+02:00,5149.07,5150.32,5149.07,5149.07,31
SQ:US500,2024-04-15T09:52:00+02:00,5149.07,5150.32,5149.07,5149.82,28
SQ:US500,2024-04-15T09:53:00+02:00,5149.82,5149.82,5149.07,5149.32,23
SQ:US500,2024-04-15T09:54:00+02:00,5149.32,5150.57,5148.82,5150.07,33
SQ:US500,2024-04-15T09:55:00+02:00,5150.32,5150.57,5149.82,5149.82,25
SQ:US500,2024-04-15T09:56:00+02:00,5149.82,5150.82,5149.32,5150.32,35
SQ:US500,2024-04-15T09:57:00+02:00,5150.57,5151.82,5150.32,5151.32,24
SQ:US500,2024-04-15T09:58:00+02:00,5151.32,5152.07,5150.82,5150.82,26
SQ:US500,2024-04-15T09:59:00+02:00,5150.82,5152.32,5150.82,5152.32,36
SQ:US500,2024-04-15T10:00:00+02:00,5152.07,5153.57,5151.82,5152.07,58
SQ:US500,2024-04-15T10:01:00+02:00,5152.07,5152.82,5151.82,5152.82,42
SQ:US500,2024-04-15T10:02:00+02:00,5152.57,5152.82,5151.32,5151.57,45
SQ:US500,2024-04-15T10:03:00+02:00,5151.57,5152.57,5151.07,5151.57,39
SQ:US500,2024-04-15T10:04:00+02:00,5151.57,5152.57,5151.32,5152.32,39
SQ:US500,2024-04-15T10:05:00+02:00,5152.32,5153.57,5151.57,5153.57,29
SQ:US500,2024-04-15T10:06:00+02:00,5153.57,5153.57,5151.57,5151.82,40
SQ:US500,2024-04-15T10:07:00+02:00,5151.82,5152.32,5150.57,5151.82,34
SQ:US500,2024-04-15T10:08:00+02:00,5151.82,5151.82,5150.32,5150.32,43
SQ:US500,2024-04-15T10:09:00+02:00,5150.32,5151.57,5150.32,5151.07,32
SQ:US500,2024-04-15T10:10:00+02:00,5151.07,5151.32,5149.82,5151.07,50
SQ:US500,2024-04-15T10:11:00+02:00,5151.07,5152.07,5150.82,5151.82,37
SQ:US500,2024-04-15T10:12:00+02:00,5151.57,5152.07,5150.82,5150.82,20
SQ:US500,2024-04-15T10:13:00+02:00,5150.82,5152.32,5150.82,5151.82,33
SQ:US500,2024-04-15T10:14:00+02:00,5151.82,5152.07,5150.32,5150.57,30
SQ:US500,2024-04-15T10:15:00+02:00,5150.82,5151.82,5150.57,5150.82,36
SQ:US500,2024-04-15T10:16:00+02:00,5150.82,5152.32,5150.82,5151.57,26
SQ:US500,2024-04-15T10:17:00+02:00,5151.82,5152.57,5151.57,5152.57,24
SQ:US500,2024-04-15T10:18:00+02:00,5152.82,5153.07,5151.57,5152.07,32
SQ:US500,2024-04-15T10:19:00+02:00,5152.32,5152.57,5151.07,5152.07,26
SQ:US500,2024-04-15T10:20:00+02:00,5152.07,5152.57,5151.82,5152.32,24
SQ:US500,2024-04-15T10:21:00+02:00,5152.32,5152.32,5151.07,5151.82,39
SQ:US500,2024-04-15T10:22:00+02:00,5151.82,5152.07,5151.32,5151.82,15
SQ:US500,2024-04-15T10:23:00+02:00,5151.82,5152.32,5149.82,5150.82,22
SQ:US500,2024-04-15T10:24:00+02:00,5150.82,5151.07,5150.07,5150.32,21
SQ:US500,2024-04-15T10:25:00+02:00,5150.32,5150.32,5147.57,5147.57,24
SQ:US500,2024-04-15T10:26:00+02:00,5147.57,5150.07,5147.32,5150.07,29
SQ:US500,2024-04-15T10:27:00+02:00,5150.07,5150.07,5148.57,5148.57,23
SQ:US500,2024-04-15T10:28:00+02:00,5148.82,5149.07,5147.82,5148.32,30
SQ:US500,2024-04-15T10:29:00+02:00,5148.32,5149.57,5148.07,5149.32,24
SQ:US500,2024-04-15T10:30:00+02:00,5149.32,5149.82,5148.82,5149.32,27
SQ:US500,2024-04-15T10:31:00+02:00,5149.07,5150.07,5148.57,5150.07,22
SQ:US500,2024-04-15T10:32:00+02:00,5150.07,5150.07,5148.82,5149.32,29
SQ:US500,2024-04-15T10:33:00+02:00,5149.57,5150.57,5149.32,5150.07,29
SQ:US500,2024-04-15T10:34:00+02:00,5150.07,5151.32,5149.57,5151.07,21
SQ:US500,2024-04-15T10:35:00+02:00,5150.82,5151.57,5149.82,5151.57,36
SQ:US500,2024-04-15T10:36:00+02:00,5151.57,5152.57,5151.57,5152.32,28
SQ:US500,2024-04-15T10:37:00+02:00,5152.32,5152.82,5152.07,5152.32,21
SQ:US500,2024-04-15T10:38:00+02:00,5152.32,5152.57,5151.57,5151.82,21
SQ:US500,2024-04-15T10:39:00+02:00,5151.82,5152.57,5151.57,5151.57,20
SQ:US500,2024-04-15T10:40:00+02:00,5151.57,5152.32,5151.32,5151.32,12
SQ:US500,2024-04-15T10:41:00+02:00,5151.32,5151.82,5151.07,5151.32,15
SQ:US500,2024-04-15T10:42:00+02:00,5151.32,5151.32,5150.07,5151.07,19
SQ:US500,2024-04-15T10:43:00+02:00,5151.07,5151.82,5150.82,5151.57,11
SQ:US500,2024-04-15T10:44:00+02:00,5151.82,5152.07,5150.32,5150.57,23
SQ:US500,2024-04-15T10:45:00+02:00,5150.57,5150.82,5149.32,5149.57,18
SQ:US500,2024-04-15T10:46:00+02:00,5149.32,5150.82,5148.57,5150.82,32
SQ:US500,2024-04-15T10:47:00+02:00,5150.82,5151.82,5150.82,5151.32,17
SQ:US500,2024-04-15T10:48:00+02:00,5151.32,5151.32,5150.32,5151.32,14
SQ:US500,2024-04-15T10:49:00+02:00,5151.07,5151.07,5150.07,5150.82,27
SQ:US500,2024-04-15T10:50:00+02:00,5150.82,5150.82,5149.57,5149.57,31
SQ:US500,2024-04-15T10:51:00+02:00,5149.57,5150.32,5149.07,5150.07,20
SQ:US500,2024-04-15T10:52:00+02:00,5150.07,5150.57,5148.57,5149.57,35
SQ:US500,2024-04-15T10:53:00+02:00,5149.82,5150.07,5149.07,5149.07,24
SQ:US500,2024-04-15T10:54:00+02:00,5149.07,5151.07,5149.07,5150.82,40
SQ:US500,2024-04-15T10:55:00+02:00,5150.82,5151.82,5150.07,5150.07,26
SQ:US500,2024-04-15T10:56:00+02:00,5150.07,5150.07,5149.32,5149.32,14
SQ:US500,2024-04-15T10:57:00+02:00,5149.32,5150.07,5149.07,5149.57,17
SQ:US500,2024-04-15T10:58:00+02:00,5149.57,5150.07,5148.57,5148.57,16
SQ:US500,2024-04-15T10:59:00+02:00,5148.57,5149.07,5148.07,5148.57,17
SQ:US500,2024-04-15T11:00:00+02:00,5148.57,5150.57,5148.07,5150.32,32
SQ:US500,2024-04-15T11:01:00+02:00,5150.32,5150.82,5150.07,5150.82,25
SQ:US500,2024-04-15T11:02:00+02:00,5151.07,5152.07,5150.82,5152.07,24
SQ:US500,2024-04-15T11:03:00+02:00,5152.07,5152.32,5151.32,5151.32,23
SQ:US500,2024-04-15T11:04:00+02:00,5151.32,5152.07,5151.32,5152.07,16
SQ:US500,2024-04-15T11:05:00+02:00,5152.07,5152.57,5151.82,5152.32,26
SQ:US500,2024-04-15T11:06:00+02:00,5152.32,5153.07,5152.07,5152.32,24
SQ:US500,2024-04-15T11:07:00+02:00,5152.32,5153.07,5152.32,5152.82,19
SQ:US500,2024-04-15T11:08:00+02:00,5153.07,5153.57,5152.82,5153.32,18
SQ:US500,2024-04-15T11:09:00+02:00,5153.32,5153.32,5152.82,5153.07,27
SQ:US500,2024-04-15T11:10:00+02:00,5153.07,5153.57,5152.32,5153.57,13
SQ:US500,2024-04-15T11:11:00+02:00,5153.32,5153.57,5151.32,5151.57,22
SQ:US500,2024-04-15T11:12:00+02:00,5151.57,5151.57,5148.82,5150.32,27
SQ:US500,2024-04-15T11:13:00+02:00,5150.32,5150.32,5148.57,5148.57,37
SQ:US500,2024-04-15T11:14:00+02:00,5148.57,5149.07,5147.57,5147.82,27
SQ:US500,2024-04-15T11:15:00+02:00,5148.07,5148.32,5147.32,5148.07,31
SQ:US500,2024-04-15T11:16:00+02:00,5148.32,5148.82,5146.82,5146.82,24
SQ:US500,2024-04-15T11:17:00+02:00,5146.82,5149.07,5146.57,5148.82,26
SQ:US500,2024-04-15T11:18:00+02:00,5148.82,5149.07,5147.57,5147.57,18
SQ:US500,2024-04-15T11:19:00+02:00,5147.57,5147.57,5146.32,5147.07,20
SQ:US500,2024-04-15T11:20:00+02:00,5146.82,5147.57,5146.07,5146.57,22
SQ:US500,2024-04-15T11:21:00+02:00,5146.57,5147.32,5146.07,5146.57,20
SQ:US500,2024-04-15T11:22:00+02:00,5146.57,5147.07,5143.82,5144.82,41
SQ:US500,2024-04-15T11:23:00+02:00,5144.82,5145.07,5143.57,5144.07,39
SQ:US500,2024-04-15T11:24:00+02:00,5144.07,5145.07,5144.07,5144.32,30
SQ:US500,2024-04-15T11:25:00+02:00,5144.57,5146.07,5144.57,5145.07,25
SQ:US500,2024-04-15T11:26:00+02:00,5145.07,5145.07,5143.82,5145.07,22
SQ:US500,2024-04-15T11:27:00+02:00,5145.07,5145.82,5144.82,5145.32,16
SQ:US500,2024-04-15T11:28:00+02:00,5145.57,5146.57,5145.32,5145.82,27
SQ:US500,2024-04-15T11:29:00+02:00,5145.82,5146.07,5144.82,5144.82,22
SQ:US500,2024-04-15T11:30:00+02:00,5145.07,5145.32,5144.32,5144.57,41
SQ:US500,2024-04-15T11:31:00+02:00,5144.82,5145.32,5144.32,5145.32,23
SQ:US500,2024-04-15T11:32:00+02:00,5145.32,5145.57,5143.82,5144.07,37
SQ:US500,2024-04-15T11:33:00+02:00,5143.82,5144.32,5143.57,5143.57,28
SQ:US500,2024-04-15T11:34:00+02:00,5143.82,5144.07,5143.07,5144.07,36
SQ:US500,2024-04-15T11:35:00+02:00,5144.07,5144.32,5143.57,5143.82,18
SQ:US500,2024-04-15T11:36:00+02:00,5143.82,5144.57,5143.57,5144.07,23
SQ:US500,2024-04-15T11:37:00+02:00,5144.32,5145.57,5144.32,5145.07,34
SQ:US500,2024-04-15T11:38:00+02:00,5145.07,5146.07,5144.82,5145.82,20
SQ:US500,2024-04-15T11:39:00+02:00,5145.82,5146.57,5145.82,5146.32,28
SQ:US500,2024-04-15T11:40:00+02:00,5146.57,5148.57,5146.32,5148.32,21
SQ:US500,2024-04-15T11:41:00+02:00,5148.32,5148.32,5146.32,5147.07,21
SQ:US500,2024-04-15T11:42:00+02:00,5147.07,5148.07,5147.07,5148.07,20
SQ:US500,2024-04-15T11:43:00+02:00,5148.07,5148.57,5148.07,5148.07,21
SQ:US500,2024-04-15T11:44:00+02:00,5148.07,5148.57,5147.82,5148.32,21
SQ:US500,2024-04-15T11:45:00+02:00,5148.57,5148.82,5148.32,5148.82,13
SQ:US500,2024-04-15T11:46:00+02:00,5148.82,5149.07,5148.07,5148.32,21
SQ:US500,2024-04-15T11:47:00+02:00,5148.32,5148.82,5148.07,5148.32,13
SQ:US500,2024-04-15T11:48:00+02:00,5148.32,5148.57,5147.32,5147.32,23
SQ:US500,2024-04-15T11:49:00+02:00,5147.32,5148.57,5147.32,5148.57,17
SQ:US500,2024-04-15T11:50:00+02:00,5148.57,5148.57,5146.57,5147.57,29
SQ:US500,2024-04-15T11:51:00+02:00,5147.57,5147.82,5145.82,5146.07,23
SQ:US500,2024-04-15T11:52:00+02:00,5146.07,5146.82,5146.07,5146.32,18
SQ:US500,2024-04-15T11:53:00+02:00,5146.07,5146.57,5144.57,5144.82,27
SQ:US500,2024-04-15T11:54:00+02:00,5144.82,5145.32,5144.57,5145.07,20
SQ:US500,2024-04-15T11:55:00+02:00,5145.07,5145.57,5144.82,5145.57,16
SQ:US500,2024-04-15T11:56:00+02:00,5145.57,5146.57,5145.57,5146.32,16
SQ:US500,2024-04-15T11:57:00+02:00,5146.32,5146.57,5145.57,5145.57,14
SQ:US500,2024-04-15T11:58:00+02:00,5145.57,5146.07,5145.57,5145.82,12
SQ:US500,2024-04-15T11:59:00+02:00,5145.57,5146.32,5145.57,5146.07,14
SQ:US500,2024-04-15T12:00:00+02:00,5146.07,5147.82,5146.07,5146.82,24
SQ:US500,2024-04-15T12:01:00+02:00,5146.82,5148.07,5146.57,5147.32,19
SQ:US500,2024-04-15T12:02:00+02:00,5147.32,5147.82,5147.07,5147.57,16
SQ:US500,2024-04-15T12:03:00+02:00,5147.32,5147.57,5146.57,5146.82,21
SQ:US500,2024-04-15T12:04:00+02:00,5146.82,5147.82,5146.32,5147.57,24
SQ:US500,2024-04-15T12:05:00+02:00,5147.32,5148.07,5147.32,5147.82,15
SQ:US500,2024-04-15T12:06:00+02:00,5147.82,5148.07,5147.57,5148.07,26
SQ:US500,2024-04-15T12:07:00+02:00,5148.07,5149.07,5148.07,5149.07,9
SQ:US500,2024-04-15T12:08:00+02:00,5148.82,5149.57,5148.82,5149.57,12
SQ:US500,2024-04-15T12:09:00+02:00,5149.57,5149.57,5148.57,5148.57,25
SQ:US500,2024-04-15T12:10:00+02:00,5148.57,5148.82,5147.82,5148.07,17
SQ:US500,2024-04-15T12:11:00+02:00,5148.07,5148.32,5147.07,5147.57,27
SQ:US500,2024-04-15T12:12:00+02:00,5147.57,5148.07,5147.07,5147.82,19
SQ:US500,2024-04-15T12:13:00+02:00,5147.82,5148.32,5147.32,5147.57,14
SQ:US500,2024-04-15T12:14:00+02:00,5147.57,5147.57,5147.07,5147.57,11
SQ:US500,2024-04-15T12:15:00+02:00,5147.57,5148.57,5147.57,5148.32,10
SQ:US500,2024-04-15T12:16:00+02:00,5148.32,5149.57,5148.32,5149.57,19
SQ:US500,2024-04-15T12:17:00+02:00,5149.57,5150.07,5149.07,5149.07,17
SQ:US500,2024-04-15T12:18:00+02:00,5149.32,5149.32,5148.57,5148.57,10
SQ:US500,2024-04-15T12:19:00+02:00,5148.57,5148.57,5147.32,5147.32,20
SQ:US500,2024-04-15T12:20:00+02:00,5147.32,5147.57,5146.82,5147.57,12
SQ:US500,2024-04-15T12:21:00+02:00,5147.57,5148.32,5146.57,5146.82,16
SQ:US500,2024-04-15T12:22:00+02:00,5146.82,5146.82,5145.57,5145.57,16
SQ:US500,2024-04-15T12:23:00+02:00,5145.57,5145.82,5144.57,5145.57,16
SQ:US500,2024-04-15T12:24:00+02:00,5145.57,5145.82,5145.07,5145.07,13
SQ:US500,2024-04-15T12:25:00+02:00,5145.07,5145.07,5144.07,5144.82,20
SQ:US500,2024-04-15T12:26:00+02:00,5144.82,5144.82,5144.32,5144.57,10
SQ:US500,2024-04-15T12:27:00+02:00,5144.57,5146.32,5144.57,5146.32,12
SQ:US500,2024-04-15T12:28:00+02:00,5146.32,5146.32,5144.57,5144.57,13
SQ:US500,2024-04-15T12:29:00+02:00,5144.57,5144.82,5143.82,5143.82,10
SQ:US500,2024-04-15T12:30:00+02:00,5143.82,5144.57,5143.82,5144.57,13
SQ:US500,2024-04-15T12:31:00+02:00,5144.82,5146.32,5144.57,5146.32,19
SQ:US500,2024-04-15T12:32:00+02:00,5146.32,5146.32,5145.57,5145.57,8
SQ:US500,2024-04-15T12:33:00+02:00,5145.57,5146.32,5145.32,5146.32,15
SQ:US500,2024-04-15T12:34:00+02:00,5146.32,5146.32,5145.57,5146.07,16
SQ:US500,2024-04-15T12:35:00+02:00,5146.07,5146.07,5145.07,5145.57,17
SQ:US500,2024-04-15T12:36:00+02:00,5145.57,5146.32,5145.32,5145.32,17
SQ:US500,2024-04-15T12:37:00+02:00,5145.32,5146.07,5144.82,5146.07,20
SQ:US500,2024-04-15T12:38:00+02:00,5146.07,5146.57,5145.57,5146.57,14
SQ:US500,2024-04-15T12:39:00+02:00,5146.57,5147.07,5146.32,5147.07,17
SQ:US500,2024-04-15T12:40:00+02:00,5147.07,5147.07,5145.32,5145.57,15
SQ:US500,2024-04-15T12:41:00+02:00,5145.57,5145.82,5144.82,5145.57,15
SQ:US500,2024-04-15T12:42:00+02:00,5145.32,5146.57,5145.32,5146.57,12
SQ:US500,2024-04-15T12:43:00+02:00,5146.57,5146.57,5144.57,5145.07,23
SQ:US500,2024-04-15T12:44:00+02:00,5145.07,5145.82,5145.07,5145.82,8
SQ:US500,2024-04-15T12:45:00+02:00,5145.82,5146.57,5145.82,5146.32,9
SQ:US500,2024-04-15T12:46:00+02:00,5146.32,5146.57,5145.82,5146.32,17
SQ:US500,2024-04-15T12:47:00+02:00,5146.32,5146.82,5145.82,5146.57,14
SQ:US500,2024-04-15T12:48:00+02:00,5146.57,5147.32,5146.57,5147.32,16
SQ:US500,2024-04-15T12:49:00+02:00,5147.32,5147.32,5146.32,5147.07,18
SQ:US500,2024-04-15T12:50:00+02:00,5147.32,5147.32,5146.57,5146.82,12
SQ:US500,2024-04-15T12:51:00+02:00,5146.82,5147.32,5146.57,5147.32,17
SQ:US500,2024-04-15T12:52:00+02:00,5147.32,5147.57,5147.32,5147.57,2
SQ:US500,2024-04-15T12:53:00+02:00,5147.82,5148.32,5147.32,5148.32,11
SQ:US500,2024-04-15T12:54:00+02:00,5148.32,5148.57,5147.57,5147.57,6
SQ:US500,2024-04-15T12:55:00+02:00,5147.57,5147.57,5146.57,5146.82,18
SQ:US500,2024-04-15T12:56:00+02:00,5146.82,5147.57,5146.57,5146.57,18
SQ:US500,2024-04-15T12:57:00+02:00,5146.32,5146.57,5145.82,5146.07,8
SQ:US500,2024-04-15T12:58:00+02:00,5146.07,5146.57,5145.82,5145.82,10
SQ:US500,2024-04-15T12:59:00+02:00,5145.82,5145.82,5144.82,5145.32,15
SQ:US500,2024-04-15T13:00:00+02:00,5145.32,5146.57,5145.07,5146.32,17
SQ:US500,2024-04-15T13:01:00+02:00,5146.32,5147.57,5146.32,5147.57,17
SQ:US500,2024-04-15T13:02:00+02:00,5147.57,5148.57,5147.32,5148.07,19
SQ:US500,2024-04-15T13:03:00+02:00,5147.82,5147.82,5145.82,5146.07,26
SQ:US500,2024-04-15T13:04:00+02:00,5146.07,5146.57,5145.57,5146.32,23
SQ:US500,2024-04-15T13:05:00+02:00,5146.32,5146.82,5145.82,5146.32,16
SQ:US500,2024-04-15T13:06:00+02:00,5146.32,5146.32,5144.57,5144.57,21
SQ:US500,2024-04-15T13:07:00+02:00,5144.57,5146.82,5144.32,5146.82,26
SQ:US500,2024-04-15T13:08:00+02:00,5146.82,5147.57,5146.82,5147.57,27
SQ:US500,2024-04-15T13:09:00+02:00,5147.57,5148.57,5147.32,5147.32,23
SQ:US500,2024-04-15T13:10:00+02:00,5147.32,5148.07,5146.82,5148.07,14
SQ:US500,2024-04-15T13:11:00+02:00,5148.32,5148.57,5147.82,5148.32,23
SQ:US500,2024-04-15T13:12:00+02:00,5148.32,5148.57,5148.07,5148.32,24
SQ:US500,2024-04-15T13:13:00+02:00,5148.32,5148.57,5147.82,5147.82,15
SQ:US500,2024-04-15T13:14:00+02:00,5147.82,5147.82,5147.07,5147.32,13
SQ:US500,2024-04-15T13:15:00+02:00,5147.32,5147.82,5147.07,5147.32,17
SQ:US500,2024-04-15T13:16:00+02:00,5147.32,5147.57,5146.57,5147.07,20
SQ:US500,2024-04-15T13:17:00+02:00,5147.32,5148.82,5147.32,5148.32,21
SQ:US500,2024-04-15T13:18:00+02:00,5148.32,5148.82,5148.07,5148.07,13
SQ:US500,2024-04-15T13:19:00+02:00,5148.07,5148.57,5147.57,5147.82,20
SQ:US500,2024-04-15T13:20:00+02:00,5147.82,5148.32,5147.57,5147.82,11
SQ:US500,2024-04-15T13:21:00+02:00,5147.82,5148.57,5147.57,5148.57,16
SQ:US500,2024-04-15T13:22:00+02:00,5148.57,5148.57,5147.32,5147.57,11
SQ:US500,2024-04-15T13:23:00+02:00,5147.57,5148.57,5147.32,5148.07,14
SQ:US500,2024-04-15T13:24:00+02:00,5148.07,5148.07,5147.07,5148.07,20
SQ:US500,2024-04-15T13:25:00+02:00,5148.07,5152.82,5147.82,5152.57,69
SQ:US500,2024-04-15T13:26:00+02:00,5152.32,5153.57,5152.07,5153.57,38
SQ:US500,2024-04-15T13:27:00+02:00,5153.57,5153.82,5152.32,5153.82,35
SQ:US500,2024-04-15T13:28:00+02:00,5153.82,5153.82,5152.07,5152.57,40
SQ:US500,2024-04-15T13:29:00+02:00,5152.32,5152.32,5151.57,5152.07,18
SQ:US500,2024-04-15T13:30:00+02:00,5152.32,5152.82,5150.82,5150.82,26
SQ:US500,2024-04-15T13:31:00+02:00,5150.82,5151.57,5150.82,5151.07,13
SQ:US500,2024-04-15T13:32:00+02:00,5151.07,5151.57,5149.57,5149.82,31
SQ:US500,2024-04-15T13:33:00+02:00,5149.57,5149.82,5148.82,5148.82,25
SQ:US500,2024-04-15T13:34:00+02:00,5148.82,5149.32,5148.57,5149.32,25
SQ:US500,2024-04-15T13:35:00+02:00,5149.32,5151.07,5149.32,5150.57,24
SQ:US500,2024-04-15T13:36:00+02:00,5150.82,5151.57,5150.07,5151.07,19
SQ:US500,2024-04-15T13:37:00+02:00,5151.07,5152.32,5150.82,5151.82,14
SQ:US500,2024-04-15T13:38:00+02:00,5151.82,5151.82,5151.32,5151.82,13
SQ:US500,2024-04-15T13:39:00+02:00,5151.82,5152.07,5151.32,5151.82,15
SQ:US500,2024-04-15T13:40:00+02:00,5151.82,5152.32,5151.07,5151.07,12
SQ:US500,2024-04-15T13:41:00+02:00,5151.07,5151.82,5150.32,5151.32,29
SQ:US500,2024-04-15T13:42:00+02:00,5151.32,5153.57,5151.07,5153.32,31
SQ:US500,2024-04-15T13:43:00+02:00,5153.32,5154.32,5153.32,5153.82,20
SQ:US500,2024-04-15T13:44:00+02:00,5153.82,5154.07,5153.07,5153.57,22
SQ:US500,2024-04-15T13:45:00+02:00,5153.57,5153.57,5152.57,5152.57,25
SQ:US500,2024-04-15T13:46:00+02:00,5152.82,5153.07,5151.57,5151.82,23
SQ:US500,2024-04-15T13:47:00+02:00,5151.82,5153.07,5151.57,5151.82,23
SQ:US500,2024-04-15T13:48:00+02:00,5151.82,5152.32,5151.57,5151.57,14
SQ:US500,2024-04-15T13:49:00+02:00,5151.32,5152.32,5151.07,5152.32,19
SQ:US500,2024-04-15T13:50:00+02:00,5152.32,5152.57,5150.82,5152.32,21
SQ:US500,2024-04-15T13:51:00+02:00,5152.07,5152.32,5151.57,5151.82,15
SQ:US500,2024-04-15T13:52:00+02:00,5151.57,5152.32,5151.32,5151.82,24
SQ:US500,2024-04-15T13:53:00+02:00,5151.57,5152.32,5150.82,5152.32,15
SQ:US500,2024-04-15T13:54:00+02:00,5152.07,5152.32,5150.32,5150.32,16
SQ:US500,2024-04-15T13:55:00+02:00,5150.32,5151.32,5150.32,5150.57,17
SQ:US500,2024-04-15T13:56:00+02:00,5150.57,5151.32,5150.32,5150.82,18
SQ:US500,2024-04-15T13:57:00+02:00,5150.82,5150.82,5150.07,5150.57,8
SQ:US500,2024-04-15T13:58:00+02:00,5150.57,5151.32,5150.57,5151.07,11
SQ:US500,2024-04-15T13:59:00+02:00,5150.82,5152.57,5150.57,5152.07,22
SQ:US500,2024-04-15T14:00:00+02:00,5151.57,5151.82,5150.07,5150.07,33
SQ:US500,2024-04-15T14:01:00+02:00,5150.07,5151.57,5149.32,5151.07,27
SQ:US500,2024-04-15T14:02:00+02:00,5151.07,5151.07,5150.07,5150.57,15
SQ:US500,2024-04-15T14:03:00+02:00,5150.57,5152.57,5150.57,5151.82,31
SQ:US500,2024-04-15T14:04:00+02:00,5151.57,5152.32,5150.57,5150.57,30
SQ:US500,2024-04-15T14:05:00+02:00,5150.82,5151.82,5150.82,5151.07,26
SQ:US500,2024-04-15T14:06:00+02:00,5151.07,5152.07,5151.07,5152.07,25
SQ:US500,2024-04-15T14:07:00+02:00,5151.82,5152.07,5151.32,5152.07,24
SQ:US500,2024-04-15T14:08:00+02:00,5151.82,5152.82,5151.57,5152.82,24
SQ:US500,2024-04-15T14:09:00+02:00,5152.57,5153.07,5151.57,5151.82,18
SQ:US500,2024-04-15T14:10:00+02:00,5152.07,5152.57,5151.57,5151.57,14
SQ:US500,2024-04-15T14:11:00+02:00,5151.57,5152.57,5151.57,5152.57,10
SQ:US500,2024-04-15T14:12:00+02:00,5152.57,5152.57,5151.57,5152.07,20
SQ:US500,2024-04-15T14:13:00+02:00,5152.07,5152.57,5151.32,5152.32,19
SQ:US500,2024-04-15T14:14:00+02:00,5152.32,5152.57,5151.57,5151.57,8
SQ:US500,2024-04-15T14:15:00+02:00,5151.57,5152.07,5151.07,5151.57,27
SQ:US500,2024-04-15T14:16:00+02:00,5151.82,5153.07,5151.57,5153.07,20
SQ:US500,2024-04-15T14:17:00+02:00,5153.07,5154.57,5152.82,5153.82,30
SQ:US500,2024-04-15T14:18:00+02:00,5154.07,5154.32,5152.82,5153.32,32
SQ:US500,2024-04-15T14:19:00+02:00,5153.32,5153.32,5152.57,5152.82,25
SQ:US500,2024-04-15T14:20:00+02:00,5152.82,5154.07,5152.07,5154.07,23
SQ:US500,2024-04-15T14:21:00+02:00,5154.07,5154.82,5154.07,5154.32,19
SQ:US500,2024-04-15T14:22:00+02:00,5154.32,5155.07,5154.07,5154.82,18
SQ:US500,2024-04-15T14:23:00+02:00,5154.57,5155.32,5154.32,5155.07,15
SQ:US500,2024-04-15T14:24:00+02:00,5155.57,5155.57,5154.82,5154.82,8
SQ:US500,2024-04-15T14:25:00+02:00,5154.82,5155.82,5154.82,5155.32,21
SQ:US500,2024-04-15T14:26:00+02:00,5155.32,5155.82,5155.07,5155.57,14
SQ:US500,2024-04-15T14:27:00+02:00,5155.57,5155.57,5154.82,5155.07,14
SQ:US500,2024-04-15T14:28:00+02:00,5155.32,5155.57,5154.82,5155.07,24
SQ:US500,2024-04-15T14:29:00+02:00,5155.07,5155.07,5153.57,5154.07,47
SQ:US500,2024-04-15T14:30:00+02:00,5150.32,5150.57,5146.07,5147.82,241
SQ:US500,2024-04-15T14:31:00+02:00,5147.32,5150.57,5146.07,5150.07,173
SQ:US500,2024-04-15T14:32:00+02:00,5149.82,5158.07,5149.82,5156.07,158
SQ:US500,2024-04-15T14:33:00+02:00,5156.07,5158.32,5155.57,5156.57,120
SQ:US500,2024-04-15T14:34:00+02:00,5156.57,5161.07,5156.57,5159.32,125
SQ:US500,2024-04-15T14:35:00+02:00,5159.57,5165.07,5159.07,5163.82,128
SQ:US500,2024-04-15T14:36:00+02:00,5163.82,5168.57,5163.57,5165.82,132
SQ:US500,2024-04-15T14:37:00+02:00,5166.07,5166.57,5163.57,5164.07,77
SQ:US500,2024-04-15T14:38:00+02:00,5164.07,5164.57,5162.82,5164.57,83
SQ:US500,2024-04-15T14:39:00+02:00,5164.57,5164.57,5160.07,5160.82,75
SQ:US500,2024-04-15T14:40:00+02:00,5160.82,5163.57,5160.57,5161.57,81
SQ:US500,2024-04-15T14:41:00+02:00,5161.57,5162.82,5161.32,5162.57,61
SQ:US500,2024-04-15T14:42:00+02:00,5162.57,5164.57,5162.07,5162.07,76
SQ:US500,2024-04-15T14:43:00+02:00,5162.07,5163.32,5161.82,5162.07,52
SQ:US500,2024-04-15T14:44:00+02:00,5161.82,5161.82,5160.32,5161.32,48
SQ:US500,2024-04-15T14:45:00+02:00,5161.32,5162.32,5160.07,5160.57,68
SQ:US500,2024-04-15T14:46:00+02:00,5160.57,5163.07,5160.07,5162.57,62
SQ:US500,2024-04-15T14:47:00+02:00,5162.57,5162.82,5161.32,5162.07,51
SQ:US500,2024-04-15T14:48:00+02:00,5162.07,5163.07,5160.07,5160.82,64
SQ:US500,2024-04-15T14:49:00+02:00,5160.82,5162.07,5160.32,5160.82,54
SQ:US500,2024-04-15T14:50:00+02:00,5160.82,5161.32,5159.32,5159.57,50
SQ:US500,2024-04-15T14:51:00+02:00,5159.32,5159.82,5158.32,5159.57,43
SQ:US500,2024-04-15T14:52:00+02:00,5159.57,5163.32,5159.57,5163.07,38
SQ:US500,2024-04-15T14:53:00+02:00,5163.07,5163.82,5162.82,5163.07,48
SQ:US500,2024-04-15T14:54:00+02:00,5163.32,5164.07,5162.57,5163.57,50
SQ:US500,2024-04-15T14:55:00+02:00,5163.57,5164.57,5162.82,5163.32,48
SQ:US500,2024-04-15T14:56:00+02:00,5163.32,5163.57,5161.32,5162.57,39
SQ:US500,2024-04-15T14:57:00+02:00,5162.57,5164.57,5162.32,5164.57,38
SQ:US500,2024-04-15T14:58:00+02:00,5164.57,5165.57,5164.57,5164.82,38
SQ:US500,2024-04-15T14:59:00+02:00,5164.82,5164.82,5163.32,5163.57,55
SQ:US500,2024-04-15T15:00:00+02:00,5163.82,5165.57,5163.82,5165.07,59
SQ:US500,2024-04-15T15:01:00+02:00,5165.07,5166.57,5165.07,5165.82,43
SQ:US500,2024-04-15T15:02:00+02:00,5165.82,5167.57,5165.07,5167.32,27
SQ:US500,2024-04-15T15:03:00+02:00,5167.32,5167.82,5165.57,5165.57,36
SQ:US500,2024-04-15T15:04:00+02:00,5165.57,5166.82,5163.57,5166.32,45
SQ:US500,2024-04-15T15:05:00+02:00,5166.57,5167.57,5165.82,5166.32,41
SQ:US500,2024-04-15T15:06:00+02:00,5166.32,5167.57,5166.32,5167.32,39
SQ:US500,2024-04-15T15:07:00+02:00,5167.07,5167.82,5166.32,5167.82,31
SQ:US500,2024-04-15T15:08:00+02:00,5167.82,5169.07,5166.57,5166.82,35
SQ:US500,2024-04-15T15:09:00+02:00,5166.57,5166.57,5165.07,5165.07,25
SQ:US500,2024-04-15T15:10:00+02:00,5165.32,5167.82,5165.32,5166.32,44
SQ:US500,2024-04-15T15:11:00+02:00,5166.32,5166.57,5165.57,5166.07,33
SQ:US500,2024-04-15T15:12:00+02:00,5165.82,5166.82,5165.82,5166.82,26
SQ:US500,2024-04-15T15:13:00+02:00,5166.82,5167.57,5166.57,5167.57,24
SQ:US500,2024-04-15T15:14:00+02:00,5167.57,5168.32,5167.57,5168.07,18
SQ:US500,2024-04-15T15:15:00+02:00,5167.82,5168.57,5167.32,5168.57,17
SQ:US500,2024-04-15T15:16:00+02:00,5168.57,5169.07,5167.82,5168.07,29
SQ:US500,2024-04-15T15:17:00+02:00,5168.07,5168.32,5167.32,5167.57,29
SQ:US500,2024-04-15T15:18:00+02:00,5167.82,5168.32,5167.07,5167.82,26
SQ:US500,2024-04-15T15:19:00+02:00,5167.57,5167.82,5166.32,5166.57,21
SQ:US500,2024-04-15T15:20:00+02:00,5166.57,5168.07,5166.57,5167.57,25
SQ:US500,2024-04-15T15:21:00+02:00,5167.32,5167.57,5166.82,5167.32,15
SQ:US500,2024-04-15T15:22:00+02:00,5167.32,5167.82,5166.57,5166.57,29
SQ:US500,2024-04-15T15:23:00+02:00,5166.57,5168.07,5166.07,5167.07,26
SQ:US500,2024-04-15T15:24:00+02:00,5167.07,5167.32,5166.57,5166.57,24
SQ:US500,2024-04-15T15:25:00+02:00,5166.57,5166.82,5165.57,5166.82,52
SQ:US500,2024-04-15T15:26:00+02:00,5166.82,5167.07,5165.07,5165.07,41
SQ:US500,2024-04-15T15:27:00+02:00,5165.07,5165.82,5164.82,5165.32,30
SQ:US500,2024-04-15T15:28:00+02:00,5165.07,5167.07,5164.57,5165.82,39
SQ:US500,2024-04-15T15:29:00+02:00,5165.82,5169.57,5165.57,5167.57,75
SQ:US500,2024-04-15T15:30:00+02:00,5167.57,5169.57,5162.32,5163.57,242
SQ:US500,2024-04-15T15:31:00+02:00,5163.82,5166.82,5163.07,5163.57,161
SQ:US500,2024-04-15T15:32:00+02:00,5163.57,5165.57,5162.82,5164.32,149
SQ:US500,2024-04-15T15:33:00+02:00,5164.32,5164.82,5161.32,5161.32,79
SQ:US500,2024-04-15T15:34:00+02:00,5161.32,5163.07,5160.07,5160.32,109
SQ:US500,2024-04-15T15:35:00+02:00,5160.32,5160.82,5158.32,5160.57,83
SQ:US500,2024-04-15T15:36:00+02:00,5161.07,5161.57,5159.07,5160.07,111
SQ:US500,2024-04-15T15:37:00+02:00,5160.07,5162.82,5159.57,5161.07,75
SQ:US500,2024-04-15T15:38:00+02:00,5161.07,5162.32,5160.82,5162.32,70
SQ:US500,2024-04-15T15:39:00+02:00,5162.32,5164.07,5162.07,5163.07,71
SQ:US500,2024-04-15T15:40:00+02:00,5163.32,5168.57,5163.32,5168.32,79
SQ:US500,2024-04-15T15:41:00+02:00,5168.32,5169.07,5166.57,5167.32,70
SQ:US500,2024-04-15T15:42:00+02:00,5167.07,5168.32,5165.82,5166.07,69
SQ:US500,2024-04-15T15:43:00+02:00,5166.32,5167.32,5165.82,5167.32,53
SQ:US500,2024-04-15T15:44:00+02:00,5167.07,5168.07,5166.57,5166.82,50
SQ:US500,2024-04-15T15:45:00+02:00,5167.32,5168.57,5164.57,5164.82,83
SQ:US500,2024-04-15T15:46:00+02:00,5165.07,5166.07,5164.07,5165.32,63
SQ:US500,2024-04-15T15:47:00+02:00,5165.57,5165.57,5159.57,5159.82,73
SQ:US500,2024-04-15T15:48:00+02:00,5159.82,5163.07,5159.82,5162.57,76
SQ:US500,2024-04-15T15:49:00+02:00,5162.82,5165.07,5162.82,5163.32,89
SQ:US500,2024-04-15T15:50:00+02:00,5163.32,5166.57,5163.32,5164.32,95
SQ:US500,2024-04-15T15:51:00+02:00,5164.07,5166.32,5164.07,5164.07,74
SQ:US500,2024-04-15T15:52:00+02:00,5164.07,5165.82,5163.82,5164.57,64
SQ:US500,2024-04-15T15:53:00+02:00,5164.57,5166.32,5163.82,5166.32,76
SQ:US500,2024-04-15T15:54:00+02:00,5165.82,5166.82,5165.57,5166.07,44
SQ:US500,2024-04-15T15:55:00+02:00,5166.07,5167.07,5164.57,5164.57,81
SQ:US500,2024-04-15T15:56:00+02:00,5164.82,5165.07,5163.32,5163.57,69
SQ:US500,2024-04-15T15:57:00+02:00,5163.82,5164.57,5163.07,5163.57,47
SQ:US500,2024-04-15T15:58:00+02:00,5163.32,5164.07,5161.82,5163.07,53
SQ:US500,2024-04-15T15:59:00+02:00,5163.57,5165.57,5163.57,5165.57,47
SQ:US500,2024-04-15T16:00:00+02:00,5165.32,5166.57,5163.57,5165.32,126
SQ:US500,2024-04-15T16:01:00+02:00,5165.32,5166.57,5164.32,5166.07,69
SQ:US500,2024-04-15T16:02:00+02:00,5165.82,5166.57,5164.82,5165.57,60
SQ:US500,2024-04-15T16:03:00+02:00,5165.57,5165.82,5162.82,5162.82,85
SQ:US500,2024-04-15T16:04:00+02:00,5162.82,5163.07,5160.82,5162.07,75
SQ:US500,2024-04-15T16:05:00+02:00,5162.32,5162.57,5160.82,5161.32,65
SQ:US500,2024-04-15T16:06:00+02:00,5161.57,5162.82,5160.07,5160.57,68
SQ:US500,2024-04-15T16:07:00+02:00,5160.57,5160.82,5155.32,5155.32,82
SQ:US500,2024-04-15T16:08:00+02:00,5155.57,5155.57,5149.07,5150.57,149
SQ:US500,2024-04-15T16:09:00+02:00,5150.82,5151.82,5146.82,5146.82,126
SQ:US500,2024-04-15T16:10:00+02:00,5146.07,5147.82,5141.57,5142.32,143
SQ:US500,2024-04-15T16:11:00+02:00,5142.32,5143.32,5135.57,5135.57,139
SQ:US500,2024-04-15T16:12:00+02:00,5135.57,5141.07,5135.57,5141.07,161
SQ:US500,2024-04-15T16:13:00+02:00,5140.82,5144.07,5140.57,5142.57,138
SQ:US500,2024-04-15T16:14:00+02:00,5142.57,5142.82,5139.57,5141.07,127
SQ:US500,2024-04-15T16:15:00+02:00,5141.32,5148.32,5140.82,5148.32,147
SQ:US500,2024-04-15T16:16:00+02:00,5148.07,5150.57,5147.82,5149.32,131
SQ:US500,2024-04-15T16:17:00+02:00,5149.57,5150.07,5147.07,5148.32,102
SQ:US500,2024-04-15T16:18:00+02:00,5148.32,5149.32,5147.32,5149.07,95
SQ:US500,2024-04-15T16:19:00+02:00,5149.07,5149.07,5146.57,5147.32,82
SQ:US500,2024-04-15T16:20:00+02:00,5147.32,5147.82,5143.32,5143.32,91
SQ:US500,2024-04-15T16:21:00+02:00,5143.07,5143.07,5139.07,5140.07,101
SQ:US500,2024-04-15T16:22:00+02:00,5140.32,5142.82,5139.07,5142.82,126
SQ:US500,2024-04-15T16:23:00+02:00,5143.07,5146.07,5142.57,5145.32,144
SQ:US500,2024-04-15T16:24:00+02:00,5145.32,5145.57,5142.57,5142.82,108
SQ:US500,2024-04-15T16:25:00+02:00,5142.82,5144.07,5141.07,5142.32,123
SQ:US500,2024-04-15T16:26:00+02:00,5142.32,5143.32,5141.82,5142.82,106
SQ:US500,2024-04-15T16:27:00+02:00,5142.57,5143.57,5139.32,5139.57,105
SQ:US500,2024-04-15T16:28:00+02:00,5139.57,5140.57,5138.32,5140.07,102
SQ:US500,2024-04-15T16:29:00+02:00,5140.07,5142.32,5138.32,5141.82,142
SQ:US500,2024-04-15T16:30:00+02:00,5141.82,5143.82,5139.82,5142.57,146
SQ:US500,2024-04-15T16:31:00+02:00,5142.57,5144.32,5141.82,5143.82,95
SQ:US500,2024-04-15T16:32:00+02:00,5143.82,5144.57,5142.57,5144.57,82
SQ:US500,2024-04-15T16:33:00+02:00,5144.57,5146.07,5140.57,5141.57,97
SQ:US500,2024-04-15T16:34:00+02:00,5141.32,5142.07,5138.57,5138.57,116
SQ:US500,2024-04-15T16:35:00+02:00,5138.32,5140.07,5137.82,5138.32,131
SQ:US500,2024-04-15T16:36:00+02:00,5138.32,5142.82,5137.57,5141.57,163
SQ:US500,2024-04-15T16:37:00+02:00,5141.57,5142.32,5134.57,5135.07,180
SQ:US500,2024-04-15T16:38:00+02:00,5135.07,5136.07,5131.32,5132.32,202
SQ:US500,2024-04-15T16:39:00+02:00,5132.32,5133.07,5130.57,5133.07,179
SQ:US500,2024-04-15T16:40:00+02:00,5133.32,5137.82,5132.57,5137.07,185
SQ:US500,2024-04-15T16:41:00+02:00,5137.07,5138.32,5134.57,5137.07,147
SQ:US500,2024-04-15T16:42:00+02:00,5137.07,5138.57,5135.07,5135.57,120
SQ:US500,2024-04-15T16:43:00+02:00,5135.82,5136.32,5131.82,5133.82,118
SQ:US500,2024-04-15T16:44:00+02:00,5133.82,5137.32,5133.57,5136.82,142
SQ:US500,2024-04-15T16:45:00+02:00,5136.82,5137.07,5133.82,5134.57,101
SQ:US500,2024-04-15T16:46:00+02:00,5134.57,5136.07,5131.07,5131.82,105
SQ:US500,2024-04-15T16:47:00+02:00,5131.82,5132.57,5131.07,5132.57,101
SQ:US500,2024-04-15T16:48:00+02:00,5132.32,5138.07,5131.57,5137.82,113
SQ:US500,2024-04-15T16:49:00+02:00,5137.57,5139.32,5137.07,5138.32,91
SQ:US500,2024-04-15T16:50:00+02:00,5138.57,5138.57,5136.57,5136.82,91
SQ:US500,2024-04-15T16:51:00+02:00,5136.82,5137.32,5134.32,5134.32,87
SQ:US500,2024-04-15T16:52:00+02:00,5134.57,5135.32,5133.07,5133.32,91
SQ:US500,2024-04-15T16:53:00+02:00,5133.32,5134.82,5129.57,5129.57,98
SQ:US500,2024-04-15T16:54:00+02:00,5129.32,5131.57,5129.32,5130.07,99
SQ:US500,2024-04-15T16:55:00+02:00,5130.07,5131.57,5129.32,5131.57,77
SQ:US500,2024-04-15T16:56:00+02:00,5131.82,5132.57,5129.07,5132.32,86
SQ:US500,2024-04-15T16:57:00+02:00,5132.07,5133.57,5130.82,5131.57,71
SQ:US500,2024-04-15T16:58:00+02:00,5131.57,5131.82,5129.32,5129.32,97
SQ:US500,2024-04-15T16:59:00+02:00,5129.32,5130.07,5126.57,5126.82,88
SQ:US500,2024-04-15T17:00:00+02:00,5127.32,5128.07,5124.32,5125.32,111
SQ:US500,2024-04-15T17:01:00+02:00,5125.32,5128.82,5124.57,5128.32,85
SQ:US500,2024-04-15T17:02:00+02:00,5127.82,5128.82,5125.82,5127.57,103
SQ:US500,2024-04-15T17:03:00+02:00,5127.82,5130.07,5127.57,5129.32,86
SQ:US500,2024-04-15T17:04:00+02:00,5129.07,5130.32,5128.32,5129.07,88
SQ:US500,2024-04-15T17:05:00+02:00,5129.07,5130.32,5128.57,5129.07,87
SQ:US500,2024-04-15T17:06:00+02:00,5129.07,5129.57,5126.07,5126.57,93
SQ:US500,2024-04-15T17:07:00+02:00,5126.57,5129.07,5126.07,5128.57,77
SQ:US500,2024-04-15T17:08:00+02:00,5128.57,5129.07,5127.07,5128.07,66
SQ:US500,2024-04-15T17:09:00+02:00,5127.82,5127.82,5126.07,5126.32,76
SQ:US500,2024-04-15T17:10:00+02:00,5126.57,5129.57,5126.32,5128.57,74
SQ:US500,2024-04-15T17:11:00+02:00,5128.82,5130.82,5127.32,5129.32,83
SQ:US500,2024-04-15T17:12:00+02:00,5129.32,5130.32,5129.07,5130.07,81
SQ:US500,2024-04-15T17:13:00+02:00,5129.82,5131.32,5128.57,5129.32,98
SQ:US500,2024-04-15T17:14:00+02:00,5129.07,5130.07,5128.32,5128.57,90
SQ:US500,2024-04-15T17:15:00+02:00,5128.57,5128.57,5126.07,5126.07,68
SQ:US500,2024-04-15T17:16:00+02:00,5125.82,5128.82,5125.82,5125.82,79
SQ:US500,2024-04-15T17:17:00+02:00,5125.82,5129.07,5125.82,5127.07,76
SQ:US500,2024-04-15T17:18:00+02:00,5126.82,5128.07,5125.57,5126.07,83
SQ:US500,2024-04-15T17:19:00+02:00,5126.32,5127.82,5125.32,5127.82,83
SQ:US500,2024-04-15T17:20:00+02:00,5127.57,5128.07,5125.07,5126.07,88
SQ:US500,2024-04-15T17:21:00+02:00,5126.32,5127.07,5125.07,5125.82,56
SQ:US500,2024-04-15T17:22:00+02:00,5125.82,5126.07,5123.82,5124.57,73
SQ:US500,2024-04-15T17:23:00+02:00,5124.57,5125.82,5123.82,5125.82,68
SQ:US500,2024-04-15T17:24:00+02:00,5125.57,5127.57,5125.07,5126.32,64
SQ:US500,2024-04-15T17:25:00+02:00,5126.07,5127.57,5125.32,5126.82,62
SQ:US500,2024-04-15T17:26:00+02:00,5126.82,5127.07,5125.07,5126.07,69
SQ:US500,2024-04-15T17:27:00+02:00,5126.07,5129.32,5126.07,5129.07,48
SQ:US500,2024-04-15T17:28:00+02:00,5129.07,5131.32,5128.82,5130.57,52
SQ:US500,2024-04-15T17:29:00+02:00,5130.57,5132.07,5130.32,5131.57,62
SQ:US500,2024-04-15T17:30:00+02:00,5131.57,5133.82,5131.32,5132.07,66
SQ:US500,2024-04-15T17:31:00+02:00,5132.07,5133.82,5130.82,5133.07,74
SQ:US500,2024-04-15T17:32:00+02:00,5133.07,5135.57,5132.82,5133.57,60
SQ:US500,2024-04-15T17:33:00+02:00,5133.82,5136.32,5133.07,5135.32,51
SQ:US500,2024-04-15T17:34:00+02:00,5135.57,5137.82,5135.32,5136.82,56
SQ:US500,2024-04-15T17:35:00+02:00,5136.82,5138.82,5135.32,5138.82,110
SQ:US500,2024-04-15T17:36:00+02:00,5138.57,5138.82,5133.57,5135.82,110
SQ:US500,2024-04-15T17:37:00+02:00,5135.82,5139.07,5134.82,5137.07,64
SQ:US500,2024-04-15T17:38:00+02:00,5137.07,5137.82,5136.07,5136.82,72
SQ:US500,2024-04-15T17:39:00+02:00,5136.82,5136.82,5135.57,5135.82,68
SQ:US500,2024-04-15T17:40:00+02:00,5135.82,5138.57,5135.82,5138.07,51
SQ:US500,2024-04-15T17:41:00+02:00,5138.07,5138.57,5135.57,5135.82,62
SQ:US500,2024-04-15T17:42:00+02:00,5135.57,5136.07,5131.82,5132.57,74
SQ:US500,2024-04-15T17:43:00+02:00,5132.57,5133.57,5132.07,5133.07,75
SQ:US500,2024-04-15T17:44:00+02:00,5133.57,5134.32,5132.82,5133.07,54
SQ:US500,2024-04-15T17:45:00+02:00,5133.07,5137.07,5133.07,5135.32,72
SQ:US500,2024-04-15T17:46:00+02:00,5135.32,5136.32,5134.82,5136.07,55
SQ:US500,2024-04-15T17:47:00+02:00,5136.32,5136.82,5133.32,5133.32,61
SQ:US500,2024-04-15T17:48:00+02:00,5133.32,5134.82,5132.32,5134.57,63
SQ:US500,2024-04-15T17:49:00+02:00,5134.57,5134.57,5132.57,5133.07,51
SQ:US500,2024-04-15T17:50:00+02:00,5132.82,5136.32,5132.32,5136.07,68
SQ:US500,2024-04-15T17:51:00+02:00,5136.07,5138.57,5135.82,5138.57,60
SQ:US500,2024-04-15T17:52:00+02:00,5138.57,5141.07,5138.57,5140.57,56
SQ:US500,2024-04-15T17:53:00+02:00,5140.57,5141.32,5138.82,5140.32,49
SQ:US500,2024-04-15T17:54:00+02:00,5140.32,5141.57,5140.32,5141.32,46
SQ:US500,2024-04-15T17:55:00+02:00,5141.32,5141.82,5140.57,5140.57,43
SQ:US500,2024-04-15T17:56:00+02:00,5140.57,5141.82,5140.32,5140.57,44
SQ:US500,2024-04-15T17:57:00+02:00,5140.57,5140.82,5139.57,5139.57,43
SQ:US500,2024-04-15T17:58:00+02:00,5139.57,5140.32,5138.57,5139.07,45
SQ:US500,2024-04-15T17:59:00+02:00,5139.07,5139.32,5138.32,5139.07,33
SQ:US500,2024-04-15T18:00:00+02:00,5139.07,5139.82,5137.57,5139.32,41
SQ:US500,2024-04-15T18:01:00+02:00,5139.32,5140.82,5139.07,5140.82,36
SQ:US500,2024-04-15T18:02:00+02:00,5141.07,5141.57,5139.82,5141.57,23
SQ:US500,2024-04-15T18:03:00+02:00,5141.57,5142.07,5140.82,5141.32,23
SQ:US500,2024-04-15T18:04:00+02:00,5141.32,5141.82,5140.32,5141.82,30
SQ:US500,2024-04-15T18:05:00+02:00,5141.57,5141.82,5140.07,5140.57,35
SQ:US500,2024-04-15T18:06:00+02:00,5140.32,5141.07,5139.57,5139.82,22
SQ:US500,2024-04-15T18:07:00+02:00,5139.82,5140.07,5138.32,5138.32,39
SQ:US500,2024-04-15T18:08:00+02:00,5138.32,5140.57,5138.32,5140.57,32
SQ:US500,2024-04-15T18:09:00+02:00,5140.82,5141.82,5140.57,5141.07,30
SQ:US500,2024-04-15T18:10:00+02:00,5141.07,5142.07,5140.57,5140.57,19
SQ:US500,2024-04-15T18:11:00+02:00,5140.57,5140.57,5138.82,5139.32,28
SQ:US500,2024-04-15T18:12:00+02:00,5139.07,5139.57,5138.82,5138.82,30
SQ:US500,2024-04-15T18:13:00+02:00,5139.07,5139.57,5138.32,5139.07,26
SQ:US500,2024-04-15T18:14:00+02:00,5139.07,5140.32,5139.07,5139.82,32
SQ:US500,2024-04-15T18:15:00+02:00,5139.82,5140.82,5138.82,5138.82,37
SQ:US500,2024-04-15T18:16:00+02:00,5138.82,5139.07,5137.57,5138.32,36
SQ:US500,2024-04-15T18:17:00+02:00,5138.07,5138.32,5136.32,5137.07,40
SQ:US500,2024-04-15T18:18:00+02:00,5136.82,5137.07,5133.82,5134.32,52
SQ:US500,2024-04-15T18:19:00+02:00,5134.32,5134.57,5132.07,5132.57,62
SQ:US500,2024-04-15T18:20:00+02:00,5132.57,5134.82,5132.57,5134.07,38
SQ:US500,2024-04-15T18:21:00+02:00,5133.82,5134.07,5131.32,5131.32,49
SQ:US500,2024-04-15T18:22:00+02:00,5131.32,5131.57,5127.82,5128.32,88
SQ:US500,2024-04-15T18:23:00+02:00,5128.57,5129.07,5125.82,5126.32,73
SQ:US500,2024-04-15T18:24:00+02:00,5126.57,5127.32,5121.82,5122.82,108
SQ:US500,2024-04-15T18:25:00+02:00,5122.82,5124.32,5121.57,5123.82,100
SQ:US500,2024-04-15T18:26:00+02:00,5123.32,5124.07,5121.82,5122.82,78
SQ:US500,2024-04-15T18:27:00+02:00,5122.82,5123.32,5119.32,5121.32,112
SQ:US500,2024-04-15T18:28:00+02:00,5121.57,5123.32,5121.32,5122.32,72
SQ:US500,2024-04-15T18:29:00+02:00,5122.32,5123.07,5121.57,5121.82,71
SQ:US500,2024-04-15T18:30:00+02:00,5121.82,5122.07,5116.32,5117.07,108
SQ:US500,2024-04-15T18:31:00+02:00,5117.07,5117.82,5115.57,5117.07,114
SQ:US500,2024-04-15T18:32:00+02:00,5116.57,5118.57,5115.82,5117.07,76
SQ:US500,2024-04-15T18:33:00+02:00,5117.07,5119.82,5116.57,5118.82,73
SQ:US500,2024-04-15T18:34:00+02:00,5118.82,5119.32,5117.32,5117.82,67
SQ:US500,2024-04-15T18:35:00+02:00,5117.82,5118.82,5117.32,5118.32,77
SQ:US500,2024-04-15T18:36:00+02:00,5118.32,5118.32,5115.57,5116.07,95
SQ:US500,2024-04-15T18:37:00+02:00,5116.07,5117.32,5114.57,5115.32,71
SQ:US500,2024-04-15T18:38:00+02:00,5115.32,5116.07,5112.07,5113.82,104
SQ:US500,2024-04-15T18:39:00+02:00,5113.82,5114.57,5112.57,5114.32,71
SQ:US500,2024-04-15T18:40:00+02:00,5114.82,5118.07,5114.82,5116.07,89
SQ:US500,2024-04-15T18:41:00+02:00,5116.07,5117.07,5115.07,5115.32,76
SQ:US500,2024-04-15T18:42:00+02:00,5115.32,5115.32,5111.32,5111.82,102
SQ:US500,2024-04-15T18:43:00+02:00,5111.82,5112.82,5111.82,5112.32,64
SQ:US500,2024-04-15T18:44:00+02:00,5112.32,5113.82,5110.57,5112.57,84
SQ:US500,2024-04-15T18:45:00+02:00,5112.32,5112.57,5111.07,5111.32,54
SQ:US500,2024-04-15T18:46:00+02:00,5111.32,5112.82,5110.57,5112.82,69
SQ:US500,2024-04-15T18:47:00+02:00,5112.82,5114.32,5112.57,5112.82,73
SQ:US500,2024-04-15T18:48:00+02:00,5112.82,5115.82,5112.57,5115.57,60
SQ:US500,2024-04-15T18:49:00+02:00,5115.57,5115.82,5112.82,5113.32,67
SQ:US500,2024-04-15T18:50:00+02:00,5113.32,5114.57,5113.07,5113.82,51
SQ:US500,2024-04-15T18:51:00+02:00,5113.82,5115.32,5112.07,5114.57,64
SQ:US500,2024-04-15T18:52:00+02:00,5114.57,5114.82,5112.57,5113.82,79
SQ:US500,2024-04-15T18:53:00+02:00,5113.82,5116.32,5113.57,5116.07,62
SQ:US500,2024-04-15T18:54:00+02:00,5115.82,5115.82,5113.07,5114.82,57
SQ:US500,2024-04-15T18:55:00+02:00,5114.82,5114.82,5113.57,5113.57,53
SQ:US500,2024-04-15T18:56:00+02:00,5113.57,5114.82,5112.82,5113.82,48
SQ:US500,2024-04-15T18:57:00+02:00,5114.07,5114.32,5112.82,5113.32,52
SQ:US500,2024-04-15T18:58:00+02:00,5113.32,5115.32,5113.07,5115.32,44
SQ:US500,2024-04-15T18:59:00+02:00,5115.32,5117.57,5114.82,5116.07,60
SQ:US500,2024-04-15T19:00:00+02:00,5116.07,5116.07,5111.82,5112.07,85
SQ:US500,2024-04-15T19:01:00+02:00,5112.07,5113.32,5111.32,5113.32,73
SQ:US500,2024-04-15T19:02:00+02:00,5113.07,5115.07,5113.07,5114.82,61
SQ:US500,2024-04-15T19:03:00+02:00,5114.57,5115.57,5113.32,5115.57,65
SQ:US500,2024-04-15T19:04:00+02:00,5115.57,5117.57,5115.07,5115.07,72
SQ:US500,2024-04-15T19:05:00+02:00,5114.82,5118.32,5114.82,5117.57,59
SQ:US500,2024-04-15T19:06:00+02:00,5117.57,5119.32,5117.57,5118.57,44
SQ:US500,2024-04-15T19:07:00+02:00,5118.57,5119.82,5118.07,5119.32,52
SQ:US500,2024-04-15T19:08:00+02:00,5119.32,5121.32,5118.32,5120.82,61
SQ:US500,2024-04-15T19:09:00+02:00,5121.07,5121.07,5119.07,5120.07,50
SQ:US500,2024-04-15T19:10:00+02:00,5119.82,5119.82,5113.07,5113.57,77
SQ:US500,2024-04-15T19:11:00+02:00,5113.82,5115.32,5113.32,5114.57,69
SQ:US500,2024-04-15T19:12:00+02:00,5114.82,5115.82,5113.82,5114.82,52
SQ:US500,2024-04-15T19:13:00+02:00,5115.07,5115.07,5111.82,5112.07,60
SQ:US500,2024-04-15T19:14:00+02:00,5112.07,5114.07,5111.82,5112.32,55
SQ:US500,2024-04-15T19:15:00+02:00,5112.57,5112.57,5110.82,5110.82,79
SQ:US500,2024-04-15T19:16:00+02:00,5110.82,5112.82,5110.32,5110.32,58
SQ:US500,2024-04-15T19:17:00+02:00,5110.32,5112.32,5110.07,5111.32,56
SQ:US500,2024-04-15T19:18:00+02:00,5111.32,5111.57,5105.07,5105.32,111
SQ:US500,2024-04-15T19:19:00+02:00,5105.57,5106.07,5101.32,5101.82,136
SQ:US500,2024-04-15T19:20:00+02:00,5101.82,5102.32,5098.32,5098.57,132
SQ:US500,2024-04-15T19:21:00+02:00,5098.82,5100.07,5095.57,5096.07,114
SQ:US500,2024-04-15T19:22:00+02:00,5096.07,5097.07,5093.82,5094.82,89
SQ:US500,2024-04-15T19:23:00+02:00,5094.82,5097.32,5094.07,5095.57,108
SQ:US500,2024-04-15T19:24:00+02:00,5095.32,5096.57,5094.32,5094.82,102
SQ:US500,2024-04-15T19:25:00+02:00,5094.32,5096.07,5093.57,5094.07,82
SQ:US500,2024-04-15T19:26:00+02:00,5093.82,5093.82,5088.82,5089.82,129
SQ:US500,2024-04-15T19:27:00+02:00,5089.82,5091.57,5087.32,5088.82,113
SQ:US500,2024-04-15T19:28:00+02:00,5088.32,5088.82,5082.32,5082.82,133
SQ:US500,2024-04-15T19:29:00+02:00,5082.82,5084.32,5080.82,5080.82,143
SQ:US500,2024-04-15T19:30:00+02:00,5081.32,5081.32,5072.57,5073.32,187
SQ:US500,2024-04-15T19:31:00+02:00,5073.32,5078.07,5071.07,5077.07,213
SQ:US500,2024-04-15T19:32:00+02:00,5077.07,5078.57,5071.57,5073.07,191
SQ:US500,2024-04-15T19:33:00+02:00,5073.32,5076.82,5073.07,5076.57,186
SQ:US500,2024-04-15T19:34:00+02:00,5076.32,5080.82,5075.07,5077.07,168
SQ:US500,2024-04-15T19:35:00+02:00,5077.07,5083.82,5077.07,5083.82,158
SQ:US500,2024-04-15T19:36:00+02:00,5083.82,5083.82,5077.82,5078.57,138
SQ:US500,2024-04-15T19:37:00+02:00,5078.57,5081.07,5078.57,5080.07,159
SQ:US500,2024-04-15T19:38:00+02:00,5080.32,5081.07,5075.57,5075.57,114
SQ:US500,2024-04-15T19:39:00+02:00,5075.32,5075.82,5073.32,5073.57,153
SQ:US500,2024-04-15T19:40:00+02:00,5073.57,5075.82,5070.57,5075.57,167
SQ:US500,2024-04-15T19:41:00+02:00,5075.57,5076.57,5073.82,5075.82,109
SQ:US500,2024-04-15T19:42:00+02:00,5075.82,5081.82,5075.82,5081.32,148
SQ:US500,2024-04-15T19:43:00+02:00,5081.07,5081.32,5078.07,5078.82,81
SQ:US500,2024-04-15T19:44:00+02:00,5078.57,5078.57,5074.32,5074.32,119
SQ:US500,2024-04-15T19:45:00+02:00,5074.07,5077.82,5073.82,5077.07,133
SQ:US500,2024-04-15T19:46:00+02:00,5077.07,5077.82,5073.32,5073.57,113
SQ:US500,2024-04-15T19:47:00+02:00,5073.32,5075.07,5072.57,5074.32,109
SQ:US500,2024-04-15T19:48:00+02:00,5073.82,5076.32,5073.32,5074.07,108
SQ:US500,2024-04-15T19:49:00+02:00,5074.07,5074.07,5068.57,5070.57,134
SQ:US500,2024-04-15T19:50:00+02:00,5070.32,5072.57,5069.07,5070.07,119
SQ:US500,2024-04-15T19:51:00+02:00,5070.07,5070.07,5065.07,5066.82,155
SQ:US500,2024-04-15T19:52:00+02:00,5066.82,5073.32,5066.82,5073.32,156
SQ:US500,2024-04-15T19:53:00+02:00,5073.32,5075.57,5071.82,5074.57,146
SQ:US500,2024-04-15T19:54:00+02:00,5074.32,5075.82,5073.07,5073.82,127
SQ:US500,2024-04-15T19:55:00+02:00,5074.07,5075.07,5073.07,5073.32,111
SQ:US500,2024-04-15T19:56:00+02:00,5073.07,5075.32,5072.57,5074.07,104
SQ:US500,2024-04-15T19:57:00+02:00,5073.82,5077.32,5072.32,5075.57,154
SQ:US500,2024-04-15T19:58:00+02:00,5075.57,5081.07,5075.57,5080.07,143
SQ:US500,2024-04-15T19:59:00+02:00,5080.07,5081.57,5077.57,5079.07,104
SQ:US500,2024-04-15T20:00:00+02:00,5079.07,5080.07,5075.57,5078.07,152
SQ:US500,2024-04-15T20:01:00+02:00,5078.07,5078.57,5073.32,5073.57,164
SQ:US500,2024-04-15T20:02:00+02:00,5073.07,5074.32,5071.07,5073.07,175
SQ:US500,2024-04-15T20:03:00+02:00,5073.07,5073.32,5071.07,5072.32,156
SQ:US500,2024-04-15T20:04:00+02:00,5072.07,5076.07,5071.82,5074.82,145
SQ:US500,2024-04-15T20:05:00+02:00,5075.07,5077.82,5074.57,5076.07,121
SQ:US500,2024-04-15T20:06:00+02:00,5076.07,5076.32,5072.57,5072.57,130
SQ:US500,2024-04-15T20:07:00+02:00,5072.82,5074.82,5071.82,5072.07,104
SQ:US500,2024-04-15T20:08:00+02:00,5072.07,5074.07,5070.07,5070.82,132
SQ:US500,2024-04-15T20:09:00+02:00,5070.57,5072.07,5069.32,5071.32,106
SQ:US500,2024-04-15T20:10:00+02:00,5071.32,5071.57,5066.82,5066.82,125
SQ:US500,2024-04-15T20:11:00+02:00,5067.07,5068.07,5065.32,5066.32,118
SQ:US500,2024-04-15T20:12:00+02:00,5066.57,5067.57,5063.32,5064.57,143
SQ:US500,2024-04-15T20:13:00+02:00,5065.07,5068.82,5064.82,5067.57,134
SQ:US500,2024-04-15T20:14:00+02:00,5067.57,5067.82,5065.82,5066.57,99
SQ:US500,2024-04-15T20:15:00+02:00,5066.57,5068.32,5065.57,5067.07,112
SQ:US500,2024-04-15T20:16:00+02:00,5067.07,5068.32,5064.07,5064.57,108
SQ:US500,2024-04-15T20:17:00+02:00,5064.82,5067.07,5064.57,5064.57,95
SQ:US500,2024-04-15T20:18:00+02:00,5064.57,5068.82,5063.32,5067.32,124
SQ:US500,2024-04-15T20:19:00+02:00,5067.57,5069.57,5067.07,5068.82,90
SQ:US500,2024-04-15T20:20:00+02:00,5068.82,5071.32,5068.07,5071.32,94
SQ:US500,2024-04-15T20:21:00+02:00,5071.32,5071.32,5067.07,5067.07,82
SQ:US500,2024-04-15T20:22:00+02:00,5066.82,5067.32,5065.32,5065.32,87
SQ:US500,2024-04-15T20:23:00+02:00,5065.32,5066.32,5062.57,5065.07,88
SQ:US500,2024-04-15T20:24:00+02:00,5065.32,5065.57,5062.82,5064.07,70
SQ:US500,2024-04-15T20:25:00+02:00,5064.07,5069.82,5063.82,5068.82,91
SQ:US500,2024-04-15T20:26:00+02:00,5068.82,5070.82,5067.82,5069.07,91
SQ:US500,2024-04-15T20:27:00+02:00,5069.07,5071.32,5068.57,5069.57,85
SQ:US500,2024-04-15T20:28:00+02:00,5069.82,5070.57,5066.82,5067.82,90
SQ:US500,2024-04-15T20:29:00+02:00,5067.82,5068.82,5066.57,5066.57,95
SQ:US500,2024-04-15T20:30:00+02:00,5066.57,5070.07,5065.07,5069.07,94
SQ:US500,2024-04-15T20:31:00+02:00,5069.32,5070.07,5068.07,5069.07,86
SQ:US500,2024-04-15T20:32:00+02:00,5069.07,5072.82,5068.32,5072.57,101
SQ:US500,2024-04-15T20:33:00+02:00,5072.32,5076.32,5072.32,5074.07,100
SQ:US500,2024-04-15T20:34:00+02:00,5073.82,5076.07,5071.82,5075.32,96
SQ:US500,2024-04-15T20:35:00+02:00,5075.32,5079.57,5075.07,5079.32,104
SQ:US500,2024-04-15T20:36:00+02:00,5079.32,5079.57,5075.57,5078.32,80
SQ:US500,2024-04-15T20:37:00+02:00,5078.32,5080.07,5077.57,5079.07,91
SQ:US500,2024-04-15T20:38:00+02:00,5079.32,5080.32,5075.32,5075.57,104
SQ:US500,2024-04-15T20:39:00+02:00,5075.32,5076.07,5071.32,5072.82,108
SQ:US500,2024-04-15T20:40:00+02:00,5072.82,5076.57,5072.57,5075.07,102
SQ:US500,2024-04-15T20:41:00+02:00,5075.07,5077.07,5073.82,5075.07,79
SQ:US500,2024-04-15T20:42:00+02:00,5075.57,5075.82,5071.57,5072.07,93
SQ:US500,2024-04-15T20:43:00+02:00,5072.07,5072.57,5071.07,5071.07,66
SQ:US500,2024-04-15T20:44:00+02:00,5071.07,5071.82,5069.82,5070.57,83
SQ:US500,2024-04-15T20:45:00+02:00,5070.82,5071.57,5068.32,5068.57,99
SQ:US500,2024-04-15T20:46:00+02:00,5068.57,5070.07,5067.82,5068.57,78
SQ:US500,2024-04-15T20:47:00+02:00,5068.57,5070.07,5068.32,5068.57,64
SQ:US500,2024-04-15T20:48:00+02:00,5068.57,5070.82,5067.82,5067.82,71
SQ:US500,2024-04-15T20:49:00+02:00,5068.07,5068.32,5064.82,5065.32,80
SQ:US500,2024-04-15T20:50:00+02:00,5065.32,5066.32,5063.82,5064.32,76
SQ:US500,2024-04-15T20:51:00+02:00,5064.32,5064.82,5061.57,5063.07,82
SQ:US500,2024-04-15T20:52:00+02:00,5063.07,5064.32,5060.57,5060.57,78
SQ:US500,2024-04-15T20:53:00+02:00,5060.57,5062.07,5060.32,5060.32,82
SQ:US500,2024-04-15T20:54:00+02:00,5060.32,5062.07,5059.82,5060.57,72
SQ:US500,2024-04-15T20:55:00+02:00,5060.57,5063.57,5060.32,5062.07,110
SQ:US500,2024-04-15T20:56:00+02:00,5062.07,5064.07,5062.07,5063.07,93
SQ:US500,2024-04-15T20:57:00+02:00,5063.07,5064.82,5062.32,5064.82,59
SQ:US500,2024-04-15T20:58:00+02:00,5064.82,5070.07,5064.82,5066.82,123
SQ:US500,2024-04-15T20:59:00+02:00,5066.82,5068.07,5066.57,5066.57,89
SQ:US500,2024-04-15T21:00:00+02:00,5066.57,5068.07,5063.82,5068.07,122
SQ:US500,2024-04-15T21:01:00+02:00,5067.82,5067.82,5064.32,5065.82,110
SQ:US500,2024-04-15T21:02:00+02:00,5065.82,5068.32,5065.07,5066.07,113
SQ:US500,2024-04-15T21:03:00+02:00,5065.82,5066.07,5060.07,5061.07,109
SQ:US500,2024-04-15T21:04:00+02:00,5060.57,5061.82,5059.82,5060.07,97
SQ:US500,2024-04-15T21:05:00+02:00,5060.32,5062.07,5057.82,5061.32,108
SQ:US500,2024-04-15T21:06:00+02:00,5061.07,5061.07,5059.57,5059.57,81
SQ:US500,2024-04-15T21:07:00+02:00,5059.57,5061.82,5059.07,5059.57,74
SQ:US500,2024-04-15T21:08:00+02:00,5059.32,5060.57,5059.07,5059.07,77
SQ:US500,2024-04-15T21:09:00+02:00,5059.07,5063.32,5058.82,5063.32,78
SQ:US500,2024-04-15T21:10:00+02:00,5063.32,5063.57,5061.57,5062.32,74
SQ:US500,2024-04-15T21:11:00+02:00,5062.32,5063.82,5061.57,5063.32,73
SQ:US500,2024-04-15T21:12:00+02:00,5063.32,5065.07,5062.32,5062.32,81
SQ:US500,2024-04-15T21:13:00+02:00,5062.07,5063.32,5060.57,5061.32,77
SQ:US500,2024-04-15T21:14:00+02:00,5061.32,5062.07,5059.57,5060.32,84
SQ:US500,2024-04-15T21:15:00+02:00,5060.32,5062.57,5060.07,5060.57,87
SQ:US500,2024-04-15T21:16:00+02:00,5061.07,5061.32,5058.57,5059.07,68
SQ:US500,2024-04-15T21:17:00+02:00,5059.07,5059.07,5052.32,5053.32,120
SQ:US500,2024-04-15T21:18:00+02:00,5053.32,5053.82,5051.82,5052.32,126
SQ:US500,2024-04-15T21:19:00+02:00,5052.57,5053.32,5051.32,5052.07,91
SQ:US500,2024-04-15T21:20:00+02:00,5052.32,5058.57,5052.07,5058.07,100
SQ:US500,2024-04-15T21:21:00+02:00,5058.07,5060.57,5057.32,5060.57,82
SQ:US500,2024-04-15T21:22:00+02:00,5060.57,5062.07,5059.07,5060.07,93
SQ:US500,2024-04-15T21:23:00+02:00,5059.82,5062.07,5059.32,5062.07,83
SQ:US500,2024-04-15T21:24:00+02:00,5062.82,5064.32,5060.57,5061.82,86
SQ:US500,2024-04-15T21:25:00+02:00,5061.82,5064.07,5061.07,5062.82,68
SQ:US500,2024-04-15T21:26:00+02:00,5063.07,5063.07,5059.57,5060.57,86
SQ:US500,2024-04-15T21:27:00+02:00,5060.32,5061.82,5059.82,5060.57,53
SQ:US500,2024-04-15T21:28:00+02:00,5060.57,5061.07,5058.82,5059.32,67
SQ:US500,2024-04-15T21:29:00+02:00,5059.32,5060.07,5057.32,5058.07,68
SQ:US500,2024-04-15T21:30:00+02:00,5058.32,5062.32,5058.07,5061.82,100
SQ:US500,2024-04-15T21:31:00+02:00,5061.57,5066.82,5060.32,5066.07,109
SQ:US500,2024-04-15T21:32:00+02:00,5066.07,5068.07,5064.57,5067.57,93
SQ:US500,2024-04-15T21:33:00+02:00,5067.57,5068.32,5064.82,5064.82,98
SQ:US500,2024-04-15T21:34:00+02:00,5064.82,5066.07,5063.57,5064.07,85
SQ:US500,2024-04-15T21:35:00+02:00,5064.07,5065.82,5062.82,5063.57,94
SQ:US500,2024-04-15T21:36:00+02:00,5064.07,5065.82,5063.82,5064.07,94
SQ:US500,2024-04-15T21:37:00+02:00,5064.07,5064.32,5060.82,5061.07,94
SQ:US500,2024-04-15T21:38:00+02:00,5061.07,5066.57,5060.82,5065.82,85
SQ:US500,2024-04-15T21:39:00+02:00,5065.57,5066.32,5064.57,5065.32,98
SQ:US500,2024-04-15T21:40:00+02:00,5065.32,5066.07,5063.07,5063.57,104
SQ:US500,2024-04-15T21:41:00+02:00,5063.57,5063.82,5060.32,5061.07,104
SQ:US500,2024-04-15T21:42:00+02:00,5061.32,5061.82,5058.57,5060.32,93
SQ:US500,2024-04-15T21:43:00+02:00,5060.32,5063.07,5058.57,5061.32,96
SQ:US500,2024-04-15T21:44:00+02:00,5061.32,5061.82,5058.82,5059.32,99
SQ:US500,2024-04-15T21:45:00+02:00,5059.57,5062.07,5058.07,5061.57,120
SQ:US500,2024-04-15T21:46:00+02:00,5061.57,5062.07,5058.57,5060.32,113
SQ:US500,2024-04-15T21:47:00+02:00,5060.32,5061.82,5059.07,5059.82,109
SQ:US500,2024-04-15T21:48:00+02:00,5059.82,5061.32,5058.82,5060.82,99
SQ:US500,2024-04-15T21:49:00+02:00,5061.32,5068.07,5060.82,5067.32,141
SQ:US500,2024-04-15T21:50:00+02:00,5066.82,5067.07,5064.07,5066.07,147
SQ:US500,2024-04-15T21:51:00+02:00,5066.07,5067.57,5062.57,5064.57,104
SQ:US500,2024-04-15T21:52:00+02:00,5064.57,5067.07,5063.57,5064.57,96
SQ:US500,2024-04-15T21:53:00+02:00,5064.57,5064.82,5062.07,5063.32,95
SQ:US500,2024-04-15T21:54:00+02:00,5063.32,5065.82,5063.32,5065.07,106
SQ:US500,2024-04-15T21:55:00+02:00,5064.32,5067.07,5063.57,5067.07,107
SQ:US500,2024-04-15T21:56:00+02:00,5066.82,5067.57,5065.32,5067.07,55
SQ:US500,2024-04-15T21:57:00+02:00,5067.07,5067.82,5064.32,5065.32,74
SQ:US500,2024-04-15T21:58:00+02:00,5065.57,5065.82,5062.57,5062.57,78
SQ:US500,2024-04-15T21:59:00+02:00,5062.57,5065.07,5060.07,5060.57,157
SQ:US500,2024-04-15T22:00:00+02:00,5061.07,5061.32,5056.07,5057.07,139
SQ:US500,2024-04-15T22:01:00+02:00,5057.57,5058.57,5056.32,5057.57,48
SQ:US500,2024-04-15T22:02:00+02:00,5057.57,5058.32,5056.82,5057.32,25
SQ:US500,2024-04-15T22:03:00+02:00,5057.07,5057.57,5057.07,5057.32,12
SQ:US500,2024-04-15T22:04:00+02:00,5057.07,5057.57,5056.82,5057.07,14
SQ:US500,2024-04-15T22:05:00+02:00,5056.82,5057.57,5056.57,5057.32,12
SQ:US500,2024-04-15T22:06:00+02:00,5057.57,5058.07,5057.32,5057.82,13
SQ:US500,2024-04-15T22:07:00+02:00,5057.57,5057.57,5057.07,5057.32,12
SQ:US500,2024-04-15T22:08:00+02:00,5057.07,5057.57,5056.82,5057.32,10
SQ:US500,2024-04-15T22:09:00+02:00,5057.57,5057.57,5056.82,5057.32,10
SQ:US500,2024-04-15T22:10:00+02:00,5057.32,5057.57,5057.07,5057.57,10
SQ:US500,2024-04-15T22:11:00+02:00,5057.57,5057.57,5057.32,5057.57,5
SQ:US500,2024-04-15T22:12:00+02:00,5057.82,5057.82,5057.57,5057.57,2
SQ:US500,2024-04-15T22:13:00+02:00,5057.57,5057.57,5056.82,5056.82,10
SQ:US500,2024-04-15T22:14:00+02:00,5056.82,5057.32,5056.57,5056.82,7
SQ:US500,2024-04-15T22:15:00+02:00,5056.82,5057.07,5056.82,5056.82,11
SQ:US500,2024-04-15T22:16:00+02:00,5057.07,5057.07,5055.82,5056.07,6
SQ:US500,2024-04-15T22:17:00+02:00,5056.07,5056.57,5055.82,5056.57,13
SQ:US500,2024-04-15T22:18:00+02:00,5056.57,5056.82,5056.32,5056.57,9
SQ:US500,2024-04-15T22:19:00+02:00,5056.57,5056.57,5056.32,5056.57,9
SQ:US500,2024-04-15T22:20:00+02:00,5056.57,5056.57,5055.82,5056.32,7
SQ:US500,2024-04-15T22:21:00+02:00,5056.32,5056.32,5055.82,5055.82,3
SQ:US500,2024-04-15T22:22:00+02:00,5055.57,5056.07,5055.07,5055.82,8
SQ:US500,2024-04-15T22:23:00+02:00,5055.57,5056.07,5055.57,5056.07,3
SQ:US500,2024-04-15T22:24:00+02:00,5056.07,5056.07,5055.82,5056.07,5
SQ:US500,2024-04-15T22:25:00+02:00,5056.07,5056.57,5055.82,5056.32,10
SQ:US500,2024-04-15T22:26:00+02:00,5056.07,5056.07,5055.82,5055.82,2
SQ:US500,2024-04-15T22:27:00+02:00,5055.57,5055.82,5055.57,5055.82,2
SQ:US500,2024-04-15T22:28:00+02:00,5055.57,5055.82,5055.32,5055.82,6
SQ:US500,2024-04-15T22:29:00+02:00,5055.57,5055.82,5055.57,5055.82,2
SQ:US500,2024-04-15T22:30:00+02:00,5055.82,5055.82,5055.32,5055.57,8
SQ:US500,2024-04-15T22:31:00+02:00,5055.32,5055.82,5055.07,5055.82,4
SQ:US500,2024-04-15T22:32:00+02:00,5055.57,5055.82,5055.57,5055.82,2
SQ:US500,2024-04-15T22:33:00+02:00,5055.57,5055.82,5055.32,5055.57,7
SQ:US500,2024-04-15T22:34:00+02:00,5055.57,5055.57,5055.32,5055.32,2
SQ:US500,2024-04-15T22:35:00+02:00,5055.07,5055.07,5055.07,5055.07,1
SQ:US500,2024-04-15T22:36:00+02:00,5054.82,5055.07,5054.82,5055.07,6
SQ:US500,2024-04-15T22:37:00+02:00,5054.82,5054.82,5054.32,5054.32,5
SQ:US500,2024-04-15T22:38:00+02:00,5054.07,5054.07,5053.07,5053.32,10
SQ:US500,2024-04-15T22:39:00+02:00,5053.32,5053.57,5052.82,5053.07,8
SQ:US500,2024-04-15T22:40:00+02:00,5053.07,5054.07,5053.07,5053.57,11
SQ:US500,2024-04-15T22:41:00+02:00,5053.57,5053.57,5053.32,5053.32,4
SQ:US500,2024-04-15T22:42:00+02:00,5053.32,5053.32,5052.82,5052.82,11
SQ:US500,2024-04-15T22:43:00+02:00,5052.82,5052.82,5051.57,5051.57,12
SQ:US500,2024-04-15T22:44:00+02:00,5051.57,5052.32,5051.57,5052.32,6
SQ:US500,2024-04-15T22:45:00+02:00,5052.32,5053.07,5052.32,5052.82,21
SQ:US500,2024-04-15T22:46:00+02:00,5052.82,5053.07,5052.57,5052.82,7
SQ:US500,2024-04-15T22:47:00+02:00,5052.82,5052.82,5052.57,5052.82,3
SQ:US500,2024-04-15T22:48:00+02:00,5052.82,5053.07,5052.57,5052.57,4
SQ:US500,2024-04-15T22:49:00+02:00,5052.82,5053.82,5052.82,5053.82,3
SQ:US500,2024-04-15T22:50:00+02:00,5053.82,5054.32,5053.82,5054.32,5
SQ:US500,2024-04-15T22:51:00+02:00,5054.32,5055.32,5054.32,5055.07,11
SQ:US500,2024-04-15T22:52:00+02:00,5055.07,5055.07,5055.07,5055.07,1
