SQ:XAUUSD,2019-07-08T00:00:00+02:00,1400.540,1400.540,1400.540,1400.540,1
SQ:XAUUSD,2019-07-08T00:01:00+02:00,1400.600,1400.600,1400.080,1400.080,2
SQ:XAUUSD,2019-07-08T00:02:00+02:00,1399.760,1400.380,1399.760,1400.330,5
SQ:XAUUSD,2019-07-08T00:03:00+02:00,1399.990,1399.990,1399.890,1399.890,2
SQ:XAUUSD,2019-07-08T00:04:00+02:00,1399.770,1399.770,1399.060,1399.060,2
SQ:XAUUSD,2019-07-08T00:05:00+02:00,1398.878,1398.900,1398.740,1398.900,8
SQ:XAUUSD,2019-07-08T00:06:00+02:00,1398.820,1398.820,1398.820,1398.820,1
SQ:XAUUSD,2019-07-08T00:07:00+02:00,1398.940,1398.950,1398.940,1398.950,2
SQ:XAUUSD,2019-07-08T00:08:00+02:00,1397.970,1397.970,1395.720,1395.720,2
SQ:XAUUSD,2019-07-08T00:09:00+02:00,1395.930,1396.820,1395.930,1396.820,2
SQ:XAUUSD,2019-07-08T00:10:00+02:00,1396.830,1396.880,1396.780,1396.840,11
SQ:XAUUSD,2019-07-08T00:11:00+02:00,1396.900,1396.930,1396.780,1396.810,11
SQ:XAUUSD,2019-07-08T00:12:00+02:00,1396.340,1396.480,1396.340,1396.480,2
SQ:XAUUSD,2019-07-08T00:13:00+02:00,1396.580,1396.660,1396.580,1396.660,8
SQ:XAUUSD,2019-07-08T00:14:00+02:00,1396.980,1396.980,1396.980,1396.980,1
SQ:XAUUSD,2019-07-08T00:15:00+02:00,1397.010,1397.010,1396.840,1396.840,2
SQ:XAUUSD,2019-07-08T00:16:00+02:00,1396.300,1396.400,1396.290,1396.400,3
SQ:XAUUSD,2019-07-08T00:17:00+02:00,1396.210,1396.270,1396.180,1396.250,5
SQ:XAUUSD,2019-07-08T00:18:00+02:00,1395.870,1395.900,1395.420,1395.440,7
SQ:XAUUSD,2019-07-08T00:19:00+02:00,1395.540,1395.560,1395.520,1395.540,7
SQ:XAUUSD,2019-07-08T00:20:00+02:00,1395.880,1395.880,1395.600,1395.600,2
SQ:XAUUSD,2019-07-08T00:21:00+02:00,1395.400,1395.400,1395.010,1395.010,2
SQ:XAUUSD,2019-07-08T00:22:00+02:00,1394.190,1394.190,1393.990,1393.990,2
SQ:XAUUSD,2019-07-08T00:23:00+02:00,1393.370,1393.370,1393.280,1393.280,3
SQ:XAUUSD,2019-07-08T00:24:00+02:00,1392.730,1393.920,1392.730,1393.890,16
SQ:XAUUSD,2019-07-08T00:25:00+02:00,1394.060,1394.490,1394.010,1394.490,4
SQ:XAUUSD,2019-07-08T00:26:00+02:00,1394.860,1394.900,1394.320,1394.320,9
SQ:XAUUSD,2019-07-08T00:27:00+02:00,1394.320,1394.820,1394.260,1394.750,26
SQ:XAUUSD,2019-07-08T00:28:00+02:00,1394.880,1394.930,1394.810,1394.810,6
SQ:XAUUSD,2019-07-08T00:29:00+02:00,1394.840,1394.890,1394.350,1394.350,11
SQ:XAUUSD,2019-07-08T00:30:00+02:00,1394.540,1394.540,1394.340,1394.440,7
SQ:XAUUSD,2019-07-08T00:31:00+02:00,1394.580,1394.780,1394.540,1394.770,7
SQ:XAUUSD,2019-07-08T00:32:00+02:00,1395.050,1395.150,1395.040,1395.070,8
SQ:XAUUSD,2019-07-08T00:33:00+02:00,1395.020,1395.020,1394.890,1394.890,6
SQ:XAUUSD,2019-07-08T00:34:00+02:00,1394.390,1394.390,1393.900,1393.980,6
SQ:XAUUSD,2019-07-08T00:35:00+02:00,1393.460,1393.470,1393.420,1393.470,5
SQ:XAUUSD,2019-07-08T00:36:00+02:00,1394.080,1394.100,1393.920,1393.920,4
SQ:XAUUSD,2019-07-08T00:37:00+02:00,1394.500,1394.500,1394.320,1394.320,2
SQ:XAUUSD,2019-07-08T00:38:00+02:00,1394.270,1394.270,1394.270,1394.270,1
SQ:XAUUSD,2019-07-08T00:39:00+02:00,1393.860,1394.060,1393.860,1394.060,4
SQ:XAUUSD,2019-07-08T00:40:00+02:00,1394.190,1394.460,1394.190,1394.460,2
SQ:XAUUSD,2019-07-08T00:41:00+02:00,1394.750,1394.750,1394.620,1394.660,6
SQ:XAUUSD,2019-07-08T00:42:00+02:00,1394.550,1394.560,1394.500,1394.560,4
SQ:XAUUSD,2019-07-08T00:43:00+02:00,1394.550,1394.550,1394.430,1394.430,2
SQ:XAUUSD,2019-07-08T00:44:00+02:00,1394.240,1394.320,1394.160,1394.160,14
SQ:XAUUSD,2019-07-08T00:45:00+02:00,1394.450,1394.450,1394.430,1394.430,2
SQ:XAUUSD,2019-07-08T00:46:00+02:00,1394.760,1394.760,1394.760,1394.760,1
SQ:XAUUSD,2019-07-08T00:47:00+02:00,1394.760,1394.930,1394.760,1394.880,4
SQ:XAUUSD,2019-07-08T00:48:00+02:00,1394.900,1394.970,1394.710,1394.750,34
SQ:XAUUSD,2019-07-08T00:49:00+02:00,1394.730,1394.750,1394.640,1394.750,10
SQ:XAUUSD,2019-07-08T00:50:00+02:00,1395.030,1395.160,1395.030,1395.160,6
SQ:XAUUSD,2019-07-08T00:51:00+02:00,1395.120,1395.330,1395.120,1395.290,6
SQ:XAUUSD,2019-07-08T00:52:00+02:00,1395.080,1395.100,1395.070,1395.070,6
SQ:XAUUSD,2019-07-08T00:53:00+02:00,1395.060,1395.170,1394.960,1395.050,17
SQ:XAUUSD,2019-07-08T00:54:00+02:00,1395.030,1395.040,1394.350,1394.350,7
SQ:XAUUSD,2019-07-08T00:55:00+02:00,1394.330,1394.640,1394.330,1394.640,3
SQ:XAUUSD,2019-07-08T00:56:00+02:00,1394.860,1395.090,1394.800,1394.830,11
SQ:XAUUSD,2019-07-08T00:57:00+02:00,1394.830,1395.160,1394.810,1395.130,16
SQ:XAUUSD,2019-07-08T00:58:00+02:00,1395.230,1395.270,1395.230,1395.240,4
SQ:XAUUSD,2019-07-08T00:59:00+02:00,1395.340,1395.460,1395.230,1395.320,19
SQ:XAUUSD,2019-07-08T01:00:00+02:00,1395.390,1395.480,1395.300,1395.480,6
SQ:XAUUSD,2019-07-08T01:01:00+02:00,1396.030,1396.190,1396.030,1396.160,5
SQ:XAUUSD,2019-07-08T01:03:00+02:00,1394.990,1395.430,1394.990,1395.400,6
SQ:XAUUSD,2019-07-08T01:04:00+02:00,1395.530,1395.650,1395.480,1395.480,7
SQ:XAUUSD,2019-07-08T01:05:00+02:00,1395.350,1395.370,1395.330,1395.330,4
SQ:XAUUSD,2019-07-08T01:06:00+02:00,1395.390,1395.800,1395.380,1395.800,4
SQ:XAUUSD,2019-07-08T01:07:00+02:00,1395.770,1395.770,1395.750,1395.760,3
SQ:XAUUSD,2019-07-08T01:08:00+02:00,1396.240,1396.240,1395.940,1396.010,7
SQ:XAUUSD,2019-07-08T01:09:00+02:00,1396.000,1396.110,1396.000,1396.110,6
SQ:XAUUSD,2019-07-08T01:10:00+02:00,1396.110,1396.320,1396.110,1396.320,8
SQ:XAUUSD,2019-07-08T01:11:00+02:00,1396.470,1396.470,1396.180,1396.200,3
SQ:XAUUSD,2019-07-08T01:12:00+02:00,1396.120,1396.120,1395.360,1395.530,10
SQ:XAUUSD,2019-07-08T01:13:00+02:00,1395.740,1395.760,1395.740,1395.760,2
SQ:XAUUSD,2019-07-08T01:14:00+02:00,1395.620,1395.760,1395.570,1395.760,9
SQ:XAUUSD,2019-07-08T01:15:00+02:00,1395.980,1395.980,1395.540,1395.540,2
SQ:XAUUSD,2019-07-08T01:16:00+02:00,1395.330,1395.330,1394.580,1394.580,13
SQ:XAUUSD,2019-07-08T01:17:00+02:00,1394.670,1395.290,1394.560,1395.270,9
SQ:XAUUSD,2019-07-08T01:18:00+02:00,1395.230,1395.240,1395.140,1395.140,3
SQ:XAUUSD,2019-07-08T01:19:00+02:00,1395.630,1395.860,1395.630,1395.860,3
SQ:XAUUSD,2019-07-08T01:20:00+02:00,1395.660,1395.660,1395.660,1395.660,1
SQ:XAUUSD,2019-07-08T01:21:00+02:00,1395.550,1395.560,1395.450,1395.560,6
SQ:XAUUSD,2019-07-08T01:22:00+02:00,1395.730,1395.730,1395.550,1395.550,5
SQ:XAUUSD,2019-07-08T01:23:00+02:00,1395.540,1395.570,1395.340,1395.340,10
SQ:XAUUSD,2019-07-08T01:24:00+02:00,1395.470,1395.470,1395.430,1395.440,8
SQ:XAUUSD,2019-07-08T01:25:00+02:00,1395.540,1395.960,1395.540,1395.940,11
SQ:XAUUSD,2019-07-08T01:26:00+02:00,1395.980,1396.000,1395.830,1396.000,12
SQ:XAUUSD,2019-07-08T01:27:00+02:00,1396.000,1396.010,1395.760,1395.850,12
SQ:XAUUSD,2019-07-08T01:28:00+02:00,1395.850,1396.040,1395.840,1395.850,14
SQ:XAUUSD,2019-07-08T01:29:00+02:00,1395.850,1395.930,1395.530,1395.530,13
SQ:XAUUSD,2019-07-08T01:30:00+02:00,1396.000,1396.000,1395.940,1395.950,12
SQ:XAUUSD,2019-07-08T01:31:00+02:00,1395.840,1395.840,1395.820,1395.830,3
SQ:XAUUSD,2019-07-08T01:32:00+02:00,1395.820,1395.920,1395.820,1395.920,10
SQ:XAUUSD,2019-07-08T01:33:00+02:00,1395.970,1396.170,1395.950,1396.100,15
SQ:XAUUSD,2019-07-08T01:34:00+02:00,1396.120,1396.160,1396.080,1396.100,6
SQ:XAUUSD,2019-07-08T01:35:00+02:00,1396.160,1396.370,1396.160,1396.370,3
SQ:XAUUSD,2019-07-08T01:36:00+02:00,1396.460,1396.470,1396.050,1396.050,3
SQ:XAUUSD,2019-07-08T01:37:00+02:00,1396.070,1396.290,1396.060,1396.290,13
SQ:XAUUSD,2019-07-08T01:38:00+02:00,1396.260,1396.350,1396.150,1396.350,6
SQ:XAUUSD,2019-07-08T01:39:00+02:00,1396.480,1396.670,1396.480,1396.670,2
SQ:XAUUSD,2019-07-08T01:40:00+02:00,1396.580,1396.580,1396.580,1396.580,1
SQ:XAUUSD,2019-07-08T01:41:00+02:00,1396.330,1396.360,1396.180,1396.240,11
SQ:XAUUSD,2019-07-08T01:42:00+02:00,1396.160,1396.170,1396.160,1396.170,2
SQ:XAUUSD,2019-07-08T01:43:00+02:00,1396.070,1396.100,1396.060,1396.090,7
SQ:XAUUSD,2019-07-08T01:44:00+02:00,1396.300,1396.690,1396.300,1396.690,14
SQ:XAUUSD,2019-07-08T01:45:00+02:00,1396.700,1396.730,1395.990,1396.000,9
SQ:XAUUSD,2019-07-08T01:46:00+02:00,1396.360,1396.450,1396.360,1396.450,4
SQ:XAUUSD,2019-07-08T01:47:00+02:00,1396.810,1396.960,1396.790,1396.960,3
SQ:XAUUSD,2019-07-08T01:48:00+02:00,1396.550,1396.550,1396.550,1396.550,1
SQ:XAUUSD,2019-07-08T01:49:00+02:00,1395.770,1396.140,1395.700,1396.140,12
SQ:XAUUSD,2019-07-08T01:50:00+02:00,1396.240,1396.310,1396.230,1396.260,9
SQ:XAUUSD,2019-07-08T01:51:00+02:00,1396.090,1396.090,1396.090,1396.090,1
SQ:XAUUSD,2019-07-08T01:52:00+02:00,1395.990,1396.160,1395.990,1396.160,5
SQ:XAUUSD,2019-07-08T01:53:00+02:00,1396.280,1396.370,1396.260,1396.370,7
SQ:XAUUSD,2019-07-08T01:54:00+02:00,1396.330,1396.450,1396.330,1396.440,6
SQ:XAUUSD,2019-07-08T01:55:00+02:00,1396.290,1396.290,1395.920,1396.110,8
SQ:XAUUSD,2019-07-08T01:56:00+02:00,1396.110,1396.110,1396.050,1396.050,10
SQ:XAUUSD,2019-07-08T01:57:00+02:00,1396.050,1396.150,1396.050,1396.150,2
SQ:XAUUSD,2019-07-08T01:58:00+02:00,1396.160,1396.160,1396.160,1396.160,1
SQ:XAUUSD,2019-07-08T01:59:00+02:00,1395.740,1395.740,1395.250,1395.250,2
SQ:XAUUSD,2019-07-08T02:00:00+02:00,1395.560,1395.560,1395.470,1395.500,6
SQ:XAUUSD,2019-07-08T02:01:00+02:00,1395.210,1395.790,1395.210,1395.770,9
SQ:XAUUSD,2019-07-08T02:02:00+02:00,1395.760,1395.760,1395.740,1395.750,3
SQ:XAUUSD,2019-07-08T02:03:00+02:00,1395.560,1395.580,1395.540,1395.580,3
SQ:XAUUSD,2019-07-08T02:04:00+02:00,1395.960,1396.060,1395.960,1396.050,8
SQ:XAUUSD,2019-07-08T02:05:00+02:00,1396.360,1396.360,1396.340,1396.340,2
SQ:XAUUSD,2019-07-08T02:06:00+02:00,1396.240,1396.280,1396.240,1396.260,5
SQ:XAUUSD,2019-07-08T02:07:00+02:00,1396.160,1396.160,1396.160,1396.160,1
SQ:XAUUSD,2019-07-08T02:08:00+02:00,1396.130,1396.130,1396.120,1396.120,2
SQ:XAUUSD,2019-07-08T02:09:00+02:00,1396.260,1396.530,1396.240,1396.530,6
SQ:XAUUSD,2019-07-08T02:10:00+02:00,1396.460,1396.580,1396.460,1396.480,8
SQ:XAUUSD,2019-07-08T02:11:00+02:00,1396.580,1396.770,1396.580,1396.680,9
SQ:XAUUSD,2019-07-08T02:12:00+02:00,1396.560,1396.830,1396.560,1396.690,15
SQ:XAUUSD,2019-07-08T02:13:00+02:00,1396.450,1396.580,1396.450,1396.580,2
SQ:XAUUSD,2019-07-08T02:14:00+02:00,1396.460,1396.460,1396.240,1396.240,5
SQ:XAUUSD,2019-07-08T02:15:00+02:00,1396.140,1396.240,1396.140,1396.170,4
SQ:XAUUSD,2019-07-08T02:16:00+02:00,1396.460,1396.540,1396.360,1396.540,5
SQ:XAUUSD,2019-07-08T02:17:00+02:00,1396.550,1396.550,1396.550,1396.550,1
SQ:XAUUSD,2019-07-08T02:18:00+02:00,1396.560,1396.940,1396.560,1396.940,8
SQ:XAUUSD,2019-07-08T02:19:00+02:00,1396.990,1397.010,1396.850,1396.850,3
SQ:XAUUSD,2019-07-08T02:20:00+02:00,1397.000,1397.000,1396.900,1396.900,2
SQ:XAUUSD,2019-07-08T02:21:00+02:00,1397.400,1397.400,1397.290,1397.290,6
SQ:XAUUSD,2019-07-08T02:22:00+02:00,1397.260,1397.450,1397.260,1397.450,2
SQ:XAUUSD,2019-07-08T02:23:00+02:00,1397.870,1397.870,1397.740,1397.860,4
SQ:XAUUSD,2019-07-08T02:24:00+02:00,1397.750,1397.750,1397.550,1397.550,10
SQ:XAUUSD,2019-07-08T02:25:00+02:00,1397.580,1397.740,1397.580,1397.740,2
SQ:XAUUSD,2019-07-08T02:26:00+02:00,1398.080,1398.290,1398.060,1398.290,4
SQ:XAUUSD,2019-07-08T02:27:00+02:00,1398.060,1398.170,1398.040,1398.170,4
SQ:XAUUSD,2019-07-08T02:28:00+02:00,1398.030,1398.030,1398.030,1398.030,1
SQ:XAUUSD,2019-07-08T02:29:00+02:00,1398.160,1398.180,1398.000,1398.010,11
SQ:XAUUSD,2019-07-08T02:30:00+02:00,1398.970,1399.600,1398.970,1399.600,2
SQ:XAUUSD,2019-07-08T02:31:00+02:00,1399.160,1399.160,1398.550,1398.550,2
SQ:XAUUSD,2019-07-08T02:32:00+02:00,1398.270,1398.270,1397.940,1397.940,2
SQ:XAUUSD,2019-07-08T02:33:00+02:00,1398.260,1398.260,1397.970,1397.990,3
SQ:XAUUSD,2019-07-08T02:34:00+02:00,1398.160,1398.160,1397.970,1398.030,11
SQ:XAUUSD,2019-07-08T02:35:00+02:00,1397.950,1397.950,1397.780,1397.780,4
SQ:XAUUSD,2019-07-08T02:36:00+02:00,1397.660,1397.800,1397.650,1397.800,5
SQ:XAUUSD,2019-07-08T02:37:00+02:00,1398.050,1398.170,1398.050,1398.170,2
SQ:XAUUSD,2019-07-08T02:38:00+02:00,1398.040,1398.080,1397.980,1397.980,3
SQ:XAUUSD,2019-07-08T02:39:00+02:00,1398.150,1398.150,1398.050,1398.050,5
SQ:XAUUSD,2019-07-08T02:40:00+02:00,1398.600,1398.600,1398.600,1398.600,1
SQ:XAUUSD,2019-07-08T02:41:00+02:00,1398.730,1398.730,1398.390,1398.390,7
SQ:XAUUSD,2019-07-08T02:42:00+02:00,1398.330,1398.360,1398.190,1398.190,11
SQ:XAUUSD,2019-07-08T02:43:00+02:00,1398.450,1398.490,1398.450,1398.480,3
SQ:XAUUSD,2019-07-08T02:44:00+02:00,1398.420,1398.420,1398.200,1398.210,13
SQ:XAUUSD,2019-07-08T02:45:00+02:00,1398.180,1398.380,1398.180,1398.380,13
SQ:XAUUSD,2019-07-08T02:46:00+02:00,1398.380,1398.570,1398.380,1398.490,7
SQ:XAUUSD,2019-07-08T02:47:00+02:00,1398.110,1398.200,1398.050,1398.070,8
SQ:XAUUSD,2019-07-08T02:48:00+02:00,1398.160,1398.190,1398.150,1398.190,4
SQ:XAUUSD,2019-07-08T02:49:00+02:00,1397.980,1397.980,1397.790,1397.870,5
SQ:XAUUSD,2019-07-08T02:50:00+02:00,1397.760,1397.780,1397.160,1397.160,7
SQ:XAUUSD,2019-07-08T02:51:00+02:00,1397.390,1397.410,1397.210,1397.210,3
SQ:XAUUSD,2019-07-08T02:52:00+02:00,1397.390,1397.390,1397.390,1397.390,1
SQ:XAUUSD,2019-07-08T02:53:00+02:00,1397.160,1397.160,1396.920,1396.920,2
SQ:XAUUSD,2019-07-08T02:54:00+02:00,1396.940,1397.090,1396.940,1397.080,3
SQ:XAUUSD,2019-07-08T02:55:00+02:00,1397.600,1397.620,1397.600,1397.620,2
SQ:XAUUSD,2019-07-08T02:56:00+02:00,1397.670,1397.690,1397.590,1397.690,7
SQ:XAUUSD,2019-07-08T02:57:00+02:00,1397.280,1397.390,1397.280,1397.390,2
SQ:XAUUSD,2019-07-08T02:58:00+02:00,1397.500,1397.520,1397.190,1397.190,4
SQ:XAUUSD,2019-07-08T02:59:00+02:00,1397.610,1397.810,1397.610,1397.730,3
SQ:XAUUSD,2019-07-08T03:00:00+02:00,1398.270,1398.310,1397.360,1397.360,7
SQ:XAUUSD,2019-07-08T03:01:00+02:00,1396.510,1396.530,1396.410,1396.410,4
SQ:XAUUSD,2019-07-08T03:02:00+02:00,1396.290,1396.420,1396.250,1396.420,3
SQ:XAUUSD,2019-07-08T03:03:00+02:00,1397.090,1397.110,1396.890,1397.010,6
SQ:XAUUSD,2019-07-08T03:04:00+02:00,1396.810,1396.830,1396.440,1396.440,5
SQ:XAUUSD,2019-07-08T03:05:00+02:00,1396.600,1396.660,1396.600,1396.660,3
SQ:XAUUSD,2019-07-08T03:06:00+02:00,1396.440,1396.450,1395.960,1396.020,11
SQ:XAUUSD,2019-07-08T03:07:00+02:00,1396.200,1396.650,1396.200,1396.650,2
SQ:XAUUSD,2019-07-08T03:08:00+02:00,1396.410,1396.410,1396.410,1396.410,1
SQ:XAUUSD,2019-07-08T03:09:00+02:00,1396.690,1396.920,1396.640,1396.900,8
SQ:XAUUSD,2019-07-08T03:10:00+02:00,1396.820,1396.820,1396.720,1396.740,3
SQ:XAUUSD,2019-07-08T03:11:00+02:00,1396.700,1396.850,1396.700,1396.740,9
SQ:XAUUSD,2019-07-08T03:12:00+02:00,1396.870,1396.870,1396.640,1396.640,2
SQ:XAUUSD,2019-07-08T03:13:00+02:00,1396.600,1396.820,1396.600,1396.820,3
SQ:XAUUSD,2019-07-08T03:14:00+02:00,1396.780,1396.780,1396.700,1396.700,2
SQ:XAUUSD,2019-07-08T03:15:00+02:00,1397.000,1397.110,1397.000,1397.110,2
SQ:XAUUSD,2019-07-08T03:16:00+02:00,1397.300,1397.300,1396.820,1396.830,3
SQ:XAUUSD,2019-07-08T03:17:00+02:00,1396.800,1396.900,1396.650,1396.650,7
SQ:XAUUSD,2019-07-08T03:18:00+02:00,1396.720,1396.840,1396.720,1396.820,3
SQ:XAUUSD,2019-07-08T03:19:00+02:00,1396.610,1396.610,1396.600,1396.610,3
SQ:XAUUSD,2019-07-08T03:20:00+02:00,1396.260,1396.680,1396.260,1396.660,3
SQ:XAUUSD,2019-07-08T03:21:00+02:00,1396.710,1396.730,1396.710,1396.730,2
SQ:XAUUSD,2019-07-08T03:22:00+02:00,1396.640,1396.660,1396.620,1396.620,3
SQ:XAUUSD,2019-07-08T03:23:00+02:00,1396.620,1396.830,1396.620,1396.830,2
SQ:XAUUSD,2019-07-08T03:24:00+02:00,1396.860,1396.860,1396.640,1396.640,4
SQ:XAUUSD,2019-07-08T03:25:00+02:00,1396.720,1396.790,1396.720,1396.780,3
SQ:XAUUSD,2019-07-08T03:26:00+02:00,1396.630,1396.720,1396.570,1396.570,4
SQ:XAUUSD,2019-07-08T03:27:00+02:00,1396.100,1396.260,1396.100,1396.260,4
SQ:XAUUSD,2019-07-08T03:28:00+02:00,1396.120,1396.130,1396.090,1396.090,7
SQ:XAUUSD,2019-07-08T03:29:00+02:00,1396.350,1396.420,1396.330,1396.420,4
SQ:XAUUSD,2019-07-08T03:30:00+02:00,1396.420,1396.630,1396.420,1396.630,3
SQ:XAUUSD,2019-07-08T03:31:00+02:00,1396.930,1397.120,1396.930,1397.110,3
SQ:XAUUSD,2019-07-08T03:32:00+02:00,1396.950,1396.950,1396.950,1396.950,1
SQ:XAUUSD,2019-07-08T03:33:00+02:00,1396.980,1396.990,1396.960,1396.970,5
SQ:XAUUSD,2019-07-08T03:34:00+02:00,1396.410,1396.430,1396.150,1396.150,3
SQ:XAUUSD,2019-07-08T03:35:00+02:00,1396.260,1396.260,1395.780,1395.780,5
SQ:XAUUSD,2019-07-08T03:36:00+02:00,1395.830,1396.050,1395.730,1396.050,4
SQ:XAUUSD,2019-07-08T03:37:00+02:00,1396.080,1396.130,1396.080,1396.100,4
SQ:XAUUSD,2019-07-08T03:38:00+02:00,1396.340,1396.340,1396.200,1396.200,3
SQ:XAUUSD,2019-07-08T03:39:00+02:00,1396.540,1396.540,1396.340,1396.340,2
SQ:XAUUSD,2019-07-08T03:40:00+02:00,1396.330,1396.330,1396.330,1396.330,1
SQ:XAUUSD,2019-07-08T03:41:00+02:00,1396.560,1396.560,1396.450,1396.450,2
SQ:XAUUSD,2019-07-08T03:42:00+02:00,1396.250,1396.350,1396.250,1396.330,4
SQ:XAUUSD,2019-07-08T03:43:00+02:00,1396.250,1396.260,1395.970,1396.020,5
SQ:XAUUSD,2019-07-08T03:44:00+02:00,1395.960,1395.970,1395.860,1395.860,5
SQ:XAUUSD,2019-07-08T03:45:00+02:00,1396.160,1396.160,1396.160,1396.160,1
SQ:XAUUSD,2019-07-08T03:46:00+02:00,1396.370,1396.460,1396.370,1396.450,3
SQ:XAUUSD,2019-07-08T03:47:00+02:00,1396.570,1396.570,1396.370,1396.370,2
SQ:XAUUSD,2019-07-08T03:48:00+02:00,1396.460,1396.470,1396.460,1396.470,2
SQ:XAUUSD,2019-07-08T03:49:00+02:00,1396.470,1396.550,1396.470,1396.470,5
SQ:XAUUSD,2019-07-08T03:50:00+02:00,1396.670,1396.800,1396.670,1396.780,6
SQ:XAUUSD,2019-07-08T03:51:00+02:00,1396.760,1396.980,1396.760,1396.980,3
SQ:XAUUSD,2019-07-08T03:52:00+02:00,1396.970,1397.470,1396.970,1397.470,2
SQ:XAUUSD,2019-07-08T03:53:00+02:00,1397.950,1398.060,1397.950,1398.060,3
SQ:XAUUSD,2019-07-08T03:54:00+02:00,1397.860,1397.860,1397.470,1397.470,2
SQ:XAUUSD,2019-07-08T03:55:00+02:00,1397.860,1397.860,1397.860,1397.860,1
SQ:XAUUSD,2019-07-08T03:56:00+02:00,1397.840,1397.850,1397.840,1397.850,2
SQ:XAUUSD,2019-07-08T03:57:00+02:00,1397.960,1398.180,1397.960,1398.160,3
SQ:XAUUSD,2019-07-08T03:58:00+02:00,1398.150,1398.370,1398.150,1398.350,4
SQ:XAUUSD,2019-07-08T03:59:00+02:00,1398.520,1398.780,1398.520,1398.760,3
SQ:XAUUSD,2019-07-08T04:00:00+02:00,1398.760,1398.880,1398.760,1398.880,3
SQ:XAUUSD,2019-07-08T04:01:00+02:00,1398.870,1399.140,1398.870,1399.140,2
SQ:XAUUSD,2019-07-08T04:02:00+02:00,1398.410,1398.410,1398.230,1398.230,2
SQ:XAUUSD,2019-07-08T04:03:00+02:00,1398.140,1398.550,1398.140,1398.550,2
SQ:XAUUSD,2019-07-08T04:04:00+02:00,1398.270,1398.270,1398.140,1398.140,2
SQ:XAUUSD,2019-07-08T04:05:00+02:00,1397.840,1397.860,1397.840,1397.860,2
SQ:XAUUSD,2019-07-08T04:06:00+02:00,1397.880,1397.880,1397.850,1397.860,4
SQ:XAUUSD,2019-07-08T04:07:00+02:00,1397.790,1397.790,1397.720,1397.720,4
SQ:XAUUSD,2019-07-08T04:08:00+02:00,1398.070,1398.170,1398.060,1398.170,3
SQ:XAUUSD,2019-07-08T04:09:00+02:00,1398.260,1398.260,1398.260,1398.260,1
SQ:XAUUSD,2019-07-08T04:10:00+02:00,1398.460,1398.460,1398.370,1398.370,2
SQ:XAUUSD,2019-07-08T04:11:00+02:00,1398.440,1398.570,1398.440,1398.470,8
SQ:XAUUSD,2019-07-08T04:12:00+02:00,1398.460,1398.460,1398.110,1398.110,2
SQ:XAUUSD,2019-07-08T04:13:00+02:00,1398.240,1398.260,1398.150,1398.160,6
SQ:XAUUSD,2019-07-08T04:14:00+02:00,1398.210,1398.210,1398.060,1398.100,4
SQ:XAUUSD,2019-07-08T04:15:00+02:00,1398.040,1398.160,1398.040,1398.160,2
SQ:XAUUSD,2019-07-08T04:16:00+02:00,1398.260,1398.360,1398.260,1398.360,2
SQ:XAUUSD,2019-07-08T04:17:00+02:00,1398.460,1398.460,1398.360,1398.360,2
SQ:XAUUSD,2019-07-08T04:18:00+02:00,1398.270,1398.270,1398.160,1398.160,2
SQ:XAUUSD,2019-07-08T04:20:00+02:00,1398.140,1398.460,1398.140,1398.460,2
SQ:XAUUSD,2019-07-08T04:21:00+02:00,1398.510,1398.510,1398.360,1398.360,4
SQ:XAUUSD,2019-07-08T04:22:00+02:00,1398.440,1398.460,1398.440,1398.460,2
SQ:XAUUSD,2019-07-08T04:23:00+02:00,1398.360,1398.520,1398.360,1398.520,2
SQ:XAUUSD,2019-07-08T04:24:00+02:00,1398.460,1398.460,1398.450,1398.450,2
SQ:XAUUSD,2019-07-08T04:25:00+02:00,1398.520,1398.520,1398.470,1398.470,2
SQ:XAUUSD,2019-07-08T04:26:00+02:00,1398.360,1398.360,1398.240,1398.250,4
SQ:XAUUSD,2019-07-08T04:27:00+02:00,1398.260,1398.260,1398.170,1398.230,5
SQ:XAUUSD,2019-07-08T04:28:00+02:00,1398.360,1398.360,1398.240,1398.240,2
SQ:XAUUSD,2019-07-08T04:29:00+02:00,1398.320,1398.320,1398.320,1398.320,1
SQ:XAUUSD,2019-07-08T04:30:00+02:00,1398.430,1398.570,1398.430,1398.570,2
SQ:XAUUSD,2019-07-08T04:31:00+02:00,1398.920,1398.920,1398.750,1398.750,2
SQ:XAUUSD,2019-07-08T04:32:00+02:00,1398.740,1398.740,1398.730,1398.730,4
SQ:XAUUSD,2019-07-08T04:33:00+02:00,1398.740,1398.740,1398.540,1398.540,3
SQ:XAUUSD,2019-07-08T04:34:00+02:00,1398.250,1398.270,1398.250,1398.270,2
SQ:XAUUSD,2019-07-08T04:35:00+02:00,1398.270,1398.270,1398.260,1398.260,2
SQ:XAUUSD,2019-07-08T04:36:00+02:00,1398.110,1398.140,1398.110,1398.140,2
SQ:XAUUSD,2019-07-08T04:37:00+02:00,1398.050,1398.060,1397.760,1397.760,4
SQ:XAUUSD,2019-07-08T04:38:00+02:00,1398.160,1398.160,1398.060,1398.060,3
SQ:XAUUSD,2019-07-08T04:39:00+02:00,1397.820,1397.840,1397.820,1397.840,2
SQ:XAUUSD,2019-07-08T04:40:00+02:00,1397.780,1398.040,1397.780,1398.040,3
SQ:XAUUSD,2019-07-08T04:41:00+02:00,1397.950,1398.040,1397.950,1398.040,2
SQ:XAUUSD,2019-07-08T04:42:00+02:00,1398.170,1398.170,1398.160,1398.160,4
SQ:XAUUSD,2019-07-08T04:43:00+02:00,1398.160,1398.260,1398.150,1398.160,4
SQ:XAUUSD,2019-07-08T04:44:00+02:00,1398.160,1398.170,1398.060,1398.060,3
SQ:XAUUSD,2019-07-08T04:45:00+02:00,1398.060,1398.260,1398.060,1398.260,2
SQ:XAUUSD,2019-07-08T04:46:00+02:00,1398.170,1398.170,1398.060,1398.060,2
SQ:XAUUSD,2019-07-08T04:47:00+02:00,1398.070,1398.070,1398.060,1398.060,2
SQ:XAUUSD,2019-07-08T04:48:00+02:00,1398.150,1398.160,1398.150,1398.160,2
SQ:XAUUSD,2019-07-08T04:49:00+02:00,1398.080,1398.080,1397.970,1397.970,2
SQ:XAUUSD,2019-07-08T04:50:00+02:00,1397.970,1397.970,1397.970,1397.970,1
SQ:XAUUSD,2019-07-08T04:51:00+02:00,1397.860,1397.860,1397.580,1397.580,5
SQ:XAUUSD,2019-07-08T04:52:00+02:00,1397.340,1397.560,1397.340,1397.560,2
SQ:XAUUSD,2019-07-08T04:53:00+02:00,1397.750,1397.750,1397.560,1397.560,2
SQ:XAUUSD,2019-07-08T04:54:00+02:00,1397.470,1397.470,1397.270,1397.270,2
SQ:XAUUSD,2019-07-08T04:55:00+02:00,1397.430,1397.430,1397.360,1397.360,4
SQ:XAUUSD,2019-07-08T04:56:00+02:00,1397.360,1397.360,1397.350,1397.350,2
SQ:XAUUSD,2019-07-08T04:57:00+02:00,1397.560,1397.670,1397.560,1397.670,2
SQ:XAUUSD,2019-07-08T04:58:00+02:00,1397.670,1397.760,1397.670,1397.760,2
SQ:XAUUSD,2019-07-08T04:59:00+02:00,1397.770,1397.770,1397.660,1397.660,2
SQ:XAUUSD,2019-07-08T05:00:00+02:00,1397.670,1397.670,1397.650,1397.650,3
SQ:XAUUSD,2019-07-08T05:01:00+02:00,1397.660,1397.680,1397.660,1397.670,3
SQ:XAUUSD,2019-07-08T05:02:00+02:00,1397.680,1397.850,1397.670,1397.850,3
SQ:XAUUSD,2019-07-08T05:03:00+02:00,1397.980,1397.990,1397.940,1397.940,6
SQ:XAUUSD,2019-07-08T05:04:00+02:00,1398.180,1398.180,1398.080,1398.080,2
SQ:XAUUSD,2019-07-08T05:05:00+02:00,1397.790,1397.790,1397.770,1397.770,2
SQ:XAUUSD,2019-07-08T05:06:00+02:00,1397.740,1397.740,1397.670,1397.670,2
SQ:XAUUSD,2019-07-08T05:07:00+02:00,1397.650,1397.670,1397.640,1397.670,3
SQ:XAUUSD,2019-07-08T05:08:00+02:00,1397.860,1398.150,1397.860,1398.150,6
SQ:XAUUSD,2019-07-08T05:09:00+02:00,1398.140,1398.170,1398.140,1398.170,4
SQ:XAUUSD,2019-07-08T05:10:00+02:00,1398.170,1398.360,1398.120,1398.160,14
SQ:XAUUSD,2019-07-08T05:11:00+02:00,1398.170,1398.170,1398.160,1398.160,4
SQ:XAUUSD,2019-07-08T05:12:00+02:00,1398.070,1398.070,1397.990,1398.030,3
SQ:XAUUSD,2019-07-08T05:13:00+02:00,1398.060,1398.070,1398.060,1398.070,2
SQ:XAUUSD,2019-07-08T05:14:00+02:00,1398.000,1398.030,1397.960,1398.030,6
SQ:XAUUSD,2019-07-08T05:15:00+02:00,1398.120,1398.360,1398.120,1398.360,2
SQ:XAUUSD,2019-07-08T05:16:00+02:00,1398.160,1398.160,1398.080,1398.100,4
SQ:XAUUSD,2019-07-08T05:17:00+02:00,1398.100,1398.170,1398.100,1398.100,3
SQ:XAUUSD,2019-07-08T05:18:00+02:00,1398.000,1398.060,1397.990,1398.060,4
SQ:XAUUSD,2019-07-08T05:19:00+02:00,1398.050,1398.160,1398.050,1398.160,2
SQ:XAUUSD,2019-07-08T05:20:00+02:00,1398.160,1398.160,1398.020,1398.020,3
SQ:XAUUSD,2019-07-08T05:21:00+02:00,1398.060,1398.350,1398.060,1398.350,4
SQ:XAUUSD,2019-07-08T05:22:00+02:00,1398.270,1398.280,1398.270,1398.270,3
SQ:XAUUSD,2019-07-08T05:23:00+02:00,1398.370,1398.370,1398.270,1398.270,3
SQ:XAUUSD,2019-07-08T05:24:00+02:00,1398.260,1398.360,1398.260,1398.360,3
SQ:XAUUSD,2019-07-08T05:25:00+02:00,1398.350,1398.450,1398.350,1398.450,2
SQ:XAUUSD,2019-07-08T05:26:00+02:00,1398.560,1398.560,1398.560,1398.560,1
SQ:XAUUSD,2019-07-08T05:27:00+02:00,1398.440,1398.440,1398.440,1398.440,1
SQ:XAUUSD,2019-07-08T05:28:00+02:00,1398.460,1398.460,1398.170,1398.170,2
SQ:XAUUSD,2019-07-08T05:29:00+02:00,1398.190,1398.390,1398.170,1398.390,10
SQ:XAUUSD,2019-07-08T05:30:00+02:00,1398.460,1398.460,1398.460,1398.460,1
SQ:XAUUSD,2019-07-08T05:31:00+02:00,1398.460,1398.460,1398.460,1398.460,1
SQ:XAUUSD,2019-07-08T05:32:00+02:00,1398.450,1398.460,1398.450,1398.460,2
SQ:XAUUSD,2019-07-08T05:33:00+02:00,1398.370,1398.560,1398.370,1398.560,7
SQ:XAUUSD,2019-07-08T05:34:00+02:00,1398.560,1398.800,1398.560,1398.780,4
SQ:XAUUSD,2019-07-08T05:35:00+02:00,1398.800,1399.040,1398.790,1399.020,4
SQ:XAUUSD,2019-07-08T05:36:00+02:00,1398.870,1398.870,1398.870,1398.870,1
SQ:XAUUSD,2019-07-08T05:37:00+02:00,1398.750,1398.750,1398.750,1398.750,1
SQ:XAUUSD,2019-07-08T05:38:00+02:00,1398.570,1398.590,1398.570,1398.590,2
SQ:XAUUSD,2019-07-08T05:39:00+02:00,1398.670,1398.670,1398.580,1398.590,5
SQ:XAUUSD,2019-07-08T05:40:00+02:00,1398.660,1398.740,1398.660,1398.740,2
SQ:XAUUSD,2019-07-08T05:41:00+02:00,1398.690,1398.760,1398.680,1398.760,3
SQ:XAUUSD,2019-07-08T05:42:00+02:00,1398.780,1398.780,1398.570,1398.570,2
SQ:XAUUSD,2019-07-08T05:43:00+02:00,1398.590,1398.630,1398.590,1398.620,9
SQ:XAUUSD,2019-07-08T05:44:00+02:00,1398.620,1398.620,1398.620,1398.620,1
SQ:XAUUSD,2019-07-08T05:45:00+02:00,1398.570,1398.570,1398.560,1398.570,3
SQ:XAUUSD,2019-07-08T05:46:00+02:00,1398.650,1398.670,1398.650,1398.670,3
SQ:XAUUSD,2019-07-08T05:47:00+02:00,1398.620,1398.680,1398.620,1398.660,15
SQ:XAUUSD,2019-07-08T05:48:00+02:00,1398.700,1398.750,1398.700,1398.700,5
SQ:XAUUSD,2019-07-08T05:49:00+02:00,1398.870,1398.870,1398.560,1398.570,6
SQ:XAUUSD,2019-07-08T05:50:00+02:00,1398.570,1398.760,1398.570,1398.760,6
SQ:XAUUSD,2019-07-08T05:51:00+02:00,1398.880,1398.880,1398.780,1398.800,3
SQ:XAUUSD,2019-07-08T05:52:00+02:00,1399.040,1399.050,1399.040,1399.050,2
SQ:XAUUSD,2019-07-08T05:53:00+02:00,1398.970,1399.050,1398.970,1399.050,5
SQ:XAUUSD,2019-07-08T05:54:00+02:00,1399.050,1399.070,1399.050,1399.070,2
SQ:XAUUSD,2019-07-08T05:55:00+02:00,1398.960,1399.020,1398.960,1399.020,2
SQ:XAUUSD,2019-07-08T05:56:00+02:00,1399.060,1399.060,1399.060,1399.060,1
SQ:XAUUSD,2019-07-08T05:57:00+02:00,1398.700,1398.720,1398.560,1398.560,4
SQ:XAUUSD,2019-07-08T05:58:00+02:00,1398.560,1398.560,1398.470,1398.470,2
SQ:XAUUSD,2019-07-08T05:59:00+02:00,1398.470,1398.480,1398.460,1398.480,4
SQ:XAUUSD,2019-07-08T06:00:00+02:00,1398.460,1398.460,1398.370,1398.450,4
SQ:XAUUSD,2019-07-08T06:01:00+02:00,1398.380,1398.380,1398.370,1398.370,4
SQ:XAUUSD,2019-07-08T06:02:00+02:00,1398.470,1398.500,1398.360,1398.370,6
SQ:XAUUSD,2019-07-08T06:03:00+02:00,1398.350,1398.380,1398.350,1398.360,6
SQ:XAUUSD,2019-07-08T06:04:00+02:00,1398.400,1398.460,1398.400,1398.460,3
SQ:XAUUSD,2019-07-08T06:05:00+02:00,1398.360,1398.360,1398.360,1398.360,1
SQ:XAUUSD,2019-07-08T06:06:00+02:00,1398.360,1398.450,1398.360,1398.450,4
SQ:XAUUSD,2019-07-08T06:07:00+02:00,1398.350,1398.350,1398.350,1398.350,1
SQ:XAUUSD,2019-07-08T06:08:00+02:00,1398.280,1398.280,1398.270,1398.270,4
SQ:XAUUSD,2019-07-08T06:09:00+02:00,1398.220,1398.240,1398.180,1398.180,4
SQ:XAUUSD,2019-07-08T06:10:00+02:00,1398.270,1398.270,1398.270,1398.270,1
SQ:XAUUSD,2019-07-08T06:11:00+02:00,1398.260,1398.260,1398.260,1398.260,1
SQ:XAUUSD,2019-07-08T06:12:00+02:00,1398.170,1398.200,1398.170,1398.200,2
SQ:XAUUSD,2019-07-08T06:13:00+02:00,1398.370,1398.550,1398.370,1398.550,2
SQ:XAUUSD,2019-07-08T06:14:00+02:00,1398.580,1398.580,1398.580,1398.580,1
SQ:XAUUSD,2019-07-08T06:15:00+02:00,1398.590,1398.680,1398.590,1398.680,2
SQ:XAUUSD,2019-07-08T06:16:00+02:00,1398.410,1398.500,1398.410,1398.500,3
SQ:XAUUSD,2019-07-08T06:17:00+02:00,1398.560,1398.560,1398.480,1398.540,9
SQ:XAUUSD,2019-07-08T06:18:00+02:00,1398.520,1398.630,1398.490,1398.580,16
SQ:XAUUSD,2019-07-08T06:19:00+02:00,1398.570,1398.640,1398.570,1398.640,2
SQ:XAUUSD,2019-07-08T06:20:00+02:00,1398.840,1398.840,1398.840,1398.840,1
SQ:XAUUSD,2019-07-08T06:21:00+02:00,1398.890,1398.960,1398.880,1398.960,6
SQ:XAUUSD,2019-07-08T06:22:00+02:00,1399.040,1399.380,1399.040,1399.380,5
SQ:XAUUSD,2019-07-08T06:23:00+02:00,1399.040,1399.170,1399.040,1399.170,2
SQ:XAUUSD,2019-07-08T06:24:00+02:00,1399.160,1399.170,1398.940,1398.940,6
SQ:XAUUSD,2019-07-08T06:25:00+02:00,1398.950,1399.050,1398.950,1399.050,4
SQ:XAUUSD,2019-07-08T06:26:00+02:00,1398.760,1398.760,1398.760,1398.760,1
SQ:XAUUSD,2019-07-08T06:27:00+02:00,1398.860,1398.880,1398.860,1398.880,3
SQ:XAUUSD,2019-07-08T06:28:00+02:00,1398.890,1398.890,1398.790,1398.790,2
SQ:XAUUSD,2019-07-08T06:29:00+02:00,1398.780,1398.780,1398.780,1398.780,1
SQ:XAUUSD,2019-07-08T06:30:00+02:00,1398.870,1398.890,1398.810,1398.890,7
SQ:XAUUSD,2019-07-08T06:31:00+02:00,1398.770,1398.770,1398.650,1398.660,4
SQ:XAUUSD,2019-07-08T06:32:00+02:00,1398.670,1398.890,1398.670,1398.880,3
SQ:XAUUSD,2019-07-08T06:33:00+02:00,1398.670,1398.690,1398.670,1398.690,5
SQ:XAUUSD,2019-07-08T06:34:00+02:00,1398.690,1398.760,1398.690,1398.760,2
SQ:XAUUSD,2019-07-08T06:35:00+02:00,1398.770,1398.770,1398.770,1398.770,1
SQ:XAUUSD,2019-07-08T06:36:00+02:00,1398.850,1398.890,1398.850,1398.890,6
SQ:XAUUSD,2019-07-08T06:37:00+02:00,1399.070,1399.070,1398.990,1399.040,7
SQ:XAUUSD,2019-07-08T06:38:00+02:00,1399.070,1399.080,1399.070,1399.080,2
SQ:XAUUSD,2019-07-08T06:39:00+02:00,1399.080,1399.080,1398.880,1398.880,11
SQ:XAUUSD,2019-07-08T06:40:00+02:00,1399.190,1399.190,1399.190,1399.190,1
SQ:XAUUSD,2019-07-08T06:41:00+02:00,1399.230,1399.230,1399.140,1399.140,2
SQ:XAUUSD,2019-07-08T06:42:00+02:00,1399.070,1399.070,1399.070,1399.070,1
SQ:XAUUSD,2019-07-08T06:43:00+02:00,1399.170,1399.330,1399.170,1399.330,2
SQ:XAUUSD,2019-07-08T06:44:00+02:00,1399.270,1399.270,1399.180,1399.180,2
SQ:XAUUSD,2019-07-08T06:45:00+02:00,1399.140,1399.170,1399.140,1399.170,2
SQ:XAUUSD,2019-07-08T06:46:00+02:00,1399.070,1399.170,1399.070,1399.170,2
SQ:XAUUSD,2019-07-08T06:47:00+02:00,1399.170,1399.170,1399.170,1399.170,1
SQ:XAUUSD,2019-07-08T06:48:00+02:00,1399.100,1399.160,1399.100,1399.160,2
SQ:XAUUSD,2019-07-08T06:49:00+02:00,1399.170,1399.170,1399.120,1399.120,2
SQ:XAUUSD,2019-07-08T06:50:00+02:00,1399.040,1399.670,1399.040,1399.670,4
SQ:XAUUSD,2019-07-08T06:51:00+02:00,1399.470,1399.470,1399.320,1399.320,7
SQ:XAUUSD,2019-07-08T06:52:00+02:00,1399.370,1399.370,1399.270,1399.280,6
SQ:XAUUSD,2019-07-08T06:53:00+02:00,1399.370,1399.370,1399.270,1399.270,2
SQ:XAUUSD,2019-07-08T06:54:00+02:00,1399.080,1399.080,1399.080,1399.080,1
SQ:XAUUSD,2019-07-08T06:55:00+02:00,1399.260,1399.320,1399.260,1399.300,5
SQ:XAUUSD,2019-07-08T06:56:00+02:00,1399.270,1399.290,1399.270,1399.290,2
SQ:XAUUSD,2019-07-08T06:57:00+02:00,1399.170,1399.190,1399.170,1399.190,5
SQ:XAUUSD,2019-07-08T06:58:00+02:00,1399.160,1399.200,1399.160,1399.200,5
SQ:XAUUSD,2019-07-08T06:59:00+02:00,1399.370,1399.390,1399.370,1399.380,3
SQ:XAUUSD,2019-07-08T07:00:00+02:00,1399.590,1399.670,1399.590,1399.670,2
SQ:XAUUSD,2019-07-08T07:01:00+02:00,1399.450,1399.480,1399.450,1399.480,3
SQ:XAUUSD,2019-07-08T07:02:00+02:00,1399.370,1399.370,1399.340,1399.370,5
SQ:XAUUSD,2019-07-08T07:03:00+02:00,1399.280,1399.480,1399.280,1399.480,9
SQ:XAUUSD,2019-07-08T07:04:00+02:00,1399.560,1399.560,1399.540,1399.540,3
SQ:XAUUSD,2019-07-08T07:05:00+02:00,1399.510,1399.710,1399.490,1399.710,4
SQ:XAUUSD,2019-07-08T07:06:00+02:00,1399.760,1399.760,1399.750,1399.760,3
SQ:XAUUSD,2019-07-08T07:07:00+02:00,1399.540,1399.540,1399.540,1399.540,1
SQ:XAUUSD,2019-07-08T07:08:00+02:00,1399.790,1399.970,1399.790,1399.970,3
SQ:XAUUSD,2019-07-08T07:09:00+02:00,1399.870,1399.870,1399.800,1399.800,2
SQ:XAUUSD,2019-07-08T07:10:00+02:00,1399.790,1399.790,1399.790,1399.790,1
SQ:XAUUSD,2019-07-08T07:11:00+02:00,1399.900,1399.910,1399.900,1399.910,2
SQ:XAUUSD,2019-07-08T07:12:00+02:00,1400.110,1400.280,1400.110,1400.280,6
SQ:XAUUSD,2019-07-08T07:13:00+02:00,1400.220,1400.590,1400.220,1400.590,5
SQ:XAUUSD,2019-07-08T07:14:00+02:00,1400.310,1400.390,1400.300,1400.390,4
SQ:XAUUSD,2019-07-08T07:15:00+02:00,1400.600,1400.790,1400.600,1400.790,2
SQ:XAUUSD,2019-07-08T07:16:00+02:00,1400.800,1400.800,1400.550,1400.550,4
SQ:XAUUSD,2019-07-08T07:17:00+02:00,1400.570,1401.190,1400.570,1401.190,4
SQ:XAUUSD,2019-07-08T07:18:00+02:00,1401.410,1401.410,1401.090,1401.130,6
SQ:XAUUSD,2019-07-08T07:19:00+02:00,1401.180,1401.200,1401.180,1401.200,2
SQ:XAUUSD,2019-07-08T07:20:00+02:00,1401.370,1402.580,1401.370,1402.580,2
SQ:XAUUSD,2019-07-08T07:21:00+02:00,1402.480,1402.480,1402.480,1402.480,1
SQ:XAUUSD,2019-07-08T07:22:00+02:00,1402.740,1402.750,1402.590,1402.590,3
SQ:XAUUSD,2019-07-08T07:23:00+02:00,1402.510,1402.510,1402.400,1402.400,2
SQ:XAUUSD,2019-07-08T07:24:00+02:00,1402.580,1402.790,1402.580,1402.790,4
SQ:XAUUSD,2019-07-08T07:25:00+02:00,1402.860,1402.860,1402.800,1402.800,2
SQ:XAUUSD,2019-07-08T07:26:00+02:00,1402.860,1402.860,1402.860,1402.860,1
SQ:XAUUSD,2019-07-08T07:27:00+02:00,1402.810,1402.810,1402.490,1402.490,4
SQ:XAUUSD,2019-07-08T07:28:00+02:00,1402.300,1402.390,1402.300,1402.390,2
SQ:XAUUSD,2019-07-08T07:29:00+02:00,1402.290,1402.290,1402.270,1402.270,2
SQ:XAUUSD,2019-07-08T07:30:00+02:00,1402.340,1403.290,1402.340,1403.290,3
SQ:XAUUSD,2019-07-08T07:31:00+02:00,1403.940,1404.870,1403.940,1404.870,2
SQ:XAUUSD,2019-07-08T07:32:00+02:00,1403.980,1403.980,1403.870,1403.870,2
SQ:XAUUSD,2019-07-08T07:33:00+02:00,1404.660,1404.660,1404.450,1404.450,2
SQ:XAUUSD,2019-07-08T07:34:00+02:00,1404.360,1404.360,1404.360,1404.360,1
SQ:XAUUSD,2019-07-08T07:35:00+02:00,1404.470,1404.490,1403.910,1403.910,3
SQ:XAUUSD,2019-07-08T07:36:00+02:00,1403.940,1403.940,1403.270,1403.270,2
SQ:XAUUSD,2019-07-08T07:37:00+02:00,1403.390,1404.070,1403.390,1404.070,2
SQ:XAUUSD,2019-07-08T07:38:00+02:00,1404.590,1405.090,1404.590,1405.090,2
SQ:XAUUSD,2019-07-08T07:39:00+02:00,1404.560,1404.790,1404.560,1404.790,2
SQ:XAUUSD,2019-07-08T07:40:00+02:00,1404.800,1404.800,1404.570,1404.580,3
SQ:XAUUSD,2019-07-08T07:41:00+02:00,1404.780,1404.780,1403.960,1403.960,2
SQ:XAUUSD,2019-07-08T07:42:00+02:00,1404.280,1404.280,1404.080,1404.080,2
SQ:XAUUSD,2019-07-08T07:43:00+02:00,1404.380,1404.380,1404.290,1404.370,4
SQ:XAUUSD,2019-07-08T07:44:00+02:00,1404.190,1404.190,1403.970,1403.970,2
SQ:XAUUSD,2019-07-08T07:45:00+02:00,1403.940,1404.270,1403.860,1404.270,4
SQ:XAUUSD,2019-07-08T07:46:00+02:00,1404.000,1404.000,1404.000,1404.000,1
SQ:XAUUSD,2019-07-08T07:47:00+02:00,1404.100,1404.360,1404.100,1404.360,2
SQ:XAUUSD,2019-07-08T07:48:00+02:00,1404.260,1404.260,1403.990,1403.990,2
SQ:XAUUSD,2019-07-08T07:49:00+02:00,1403.890,1403.890,1403.800,1403.800,2
SQ:XAUUSD,2019-07-08T07:50:00+02:00,1403.190,1403.370,1403.190,1403.370,2
SQ:XAUUSD,2019-07-08T07:51:00+02:00,1403.360,1403.490,1403.360,1403.490,2
SQ:XAUUSD,2019-07-08T07:52:00+02:00,1403.780,1403.840,1403.780,1403.840,2
SQ:XAUUSD,2019-07-08T07:53:00+02:00,1404.140,1404.190,1404.130,1404.190,3
SQ:XAUUSD,2019-07-08T07:54:00+02:00,1404.180,1404.180,1403.810,1403.810,2
SQ:XAUUSD,2019-07-08T07:55:00+02:00,1403.750,1403.830,1403.750,1403.830,2
SQ:XAUUSD,2019-07-08T07:56:00+02:00,1403.730,1403.730,1403.640,1403.640,2
SQ:XAUUSD,2019-07-08T07:57:00+02:00,1403.670,1404.220,1403.650,1404.220,3
SQ:XAUUSD,2019-07-08T07:58:00+02:00,1404.310,1404.330,1404.310,1404.330,2
SQ:XAUUSD,2019-07-08T07:59:00+02:00,1404.520,1404.530,1404.520,1404.530,2
SQ:XAUUSD,2019-07-08T08:00:00+02:00,1404.690,1404.690,1404.690,1404.690,1
SQ:XAUUSD,2019-07-08T08:01:00+02:00,1404.380,1405.110,1404.380,1405.110,2
SQ:XAUUSD,2019-07-08T08:02:00+02:00,1405.170,1405.170,1404.720,1404.720,3
SQ:XAUUSD,2019-07-08T08:03:00+02:00,1404.900,1404.900,1404.350,1404.350,2
SQ:XAUUSD,2019-07-08T08:04:00+02:00,1404.340,1404.340,1403.880,1403.880,2
SQ:XAUUSD,2019-07-08T08:05:00+02:00,1403.990,1403.990,1403.900,1403.900,2
SQ:XAUUSD,2019-07-08T08:06:00+02:00,1403.470,1403.680,1403.470,1403.680,2
SQ:XAUUSD,2019-07-08T08:07:00+02:00,1403.780,1403.830,1403.780,1403.830,2
SQ:XAUUSD,2019-07-08T08:08:00+02:00,1403.490,1403.490,1403.270,1403.270,2
SQ:XAUUSD,2019-07-08T08:09:00+02:00,1403.250,1403.250,1403.070,1403.070,2
SQ:XAUUSD,2019-07-08T08:10:00+02:00,1403.590,1403.590,1403.400,1403.400,2
SQ:XAUUSD,2019-07-08T08:11:00+02:00,1403.600,1403.600,1403.030,1403.030,2
SQ:XAUUSD,2019-07-08T08:12:00+02:00,1402.920,1403.120,1402.920,1403.120,2
SQ:XAUUSD,2019-07-08T08:13:00+02:00,1403.100,1403.100,1402.840,1402.840,3
SQ:XAUUSD,2019-07-08T08:14:00+02:00,1403.020,1403.020,1402.780,1402.780,2
SQ:XAUUSD,2019-07-08T08:15:00+02:00,1402.720,1402.970,1402.720,1402.970,2
SQ:XAUUSD,2019-07-08T08:16:00+02:00,1402.980,1402.980,1402.900,1402.900,2
SQ:XAUUSD,2019-07-08T08:17:00+02:00,1403.120,1403.410,1403.120,1403.410,2
SQ:XAUUSD,2019-07-08T08:18:00+02:00,1403.490,1403.620,1403.480,1403.620,5
SQ:XAUUSD,2019-07-08T08:19:00+02:00,1403.320,1403.320,1403.120,1403.120,2
SQ:XAUUSD,2019-07-08T08:20:00+02:00,1403.220,1403.220,1403.190,1403.190,2
SQ:XAUUSD,2019-07-08T08:21:00+02:00,1403.120,1403.120,1403.120,1403.120,1
SQ:XAUUSD,2019-07-08T08:22:00+02:00,1403.280,1403.370,1403.280,1403.370,2
SQ:XAUUSD,2019-07-08T08:23:00+02:00,1403.640,1403.640,1403.440,1403.440,2
SQ:XAUUSD,2019-07-08T08:24:00+02:00,1403.270,1403.270,1403.040,1403.040,2
SQ:XAUUSD,2019-07-08T08:25:00+02:00,1402.910,1403.170,1402.910,1403.170,2
SQ:XAUUSD,2019-07-08T08:26:00+02:00,1403.080,1403.180,1403.050,1403.160,4
SQ:XAUUSD,2019-07-08T08:27:00+02:00,1403.360,1403.960,1403.360,1403.960,2
SQ:XAUUSD,2019-07-08T08:28:00+02:00,1403.880,1403.880,1403.680,1403.680,3
SQ:XAUUSD,2019-07-08T08:29:00+02:00,1403.360,1403.490,1403.360,1403.490,3
SQ:XAUUSD,2019-07-08T08:30:00+02:00,1403.730,1403.830,1403.730,1403.830,6
SQ:XAUUSD,2019-07-08T08:31:00+02:00,1403.840,1403.840,1403.780,1403.780,2
SQ:XAUUSD,2019-07-08T08:32:00+02:00,1403.940,1404.170,1403.940,1404.170,2
SQ:XAUUSD,2019-07-08T08:33:00+02:00,1403.750,1403.750,1403.750,1403.750,1
SQ:XAUUSD,2019-07-08T08:34:00+02:00,1403.670,1403.800,1403.670,1403.800,2
SQ:XAUUSD,2019-07-08T08:35:00+02:00,1403.670,1403.670,1403.550,1403.550,7
SQ:XAUUSD,2019-07-08T08:36:00+02:00,1403.470,1403.470,1403.360,1403.360,4
SQ:XAUUSD,2019-07-08T08:37:00+02:00,1403.550,1403.690,1403.550,1403.690,2
SQ:XAUUSD,2019-07-08T08:38:00+02:00,1403.690,1403.980,1403.690,1403.980,2
SQ:XAUUSD,2019-07-08T08:39:00+02:00,1403.990,1404.170,1403.990,1404.170,2
SQ:XAUUSD,2019-07-08T08:40:00+02:00,1404.190,1404.210,1404.190,1404.210,2
SQ:XAUUSD,2019-07-08T08:41:00+02:00,1404.400,1404.400,1404.180,1404.180,4
SQ:XAUUSD,2019-07-08T08:42:00+02:00,1404.380,1404.380,1404.300,1404.300,2
SQ:XAUUSD,2019-07-08T08:43:00+02:00,1404.110,1404.110,1403.870,1403.870,2
SQ:XAUUSD,2019-07-08T08:44:00+02:00,1403.970,1403.970,1403.890,1403.890,2
SQ:XAUUSD,2019-07-08T08:45:00+02:00,1403.890,1404.170,1403.890,1404.170,2
SQ:XAUUSD,2019-07-08T08:46:00+02:00,1404.490,1404.590,1404.490,1404.580,4
SQ:XAUUSD,2019-07-08T08:47:00+02:00,1404.520,1404.660,1404.520,1404.610,4
SQ:XAUUSD,2019-07-08T08:48:00+02:00,1404.350,1404.570,1404.320,1404.570,11
SQ:XAUUSD,2019-07-08T08:49:00+02:00,1404.470,1404.470,1404.250,1404.250,3
SQ:XAUUSD,2019-07-08T08:50:00+02:00,1404.170,1404.170,1404.160,1404.160,2
SQ:XAUUSD,2019-07-08T08:51:00+02:00,1404.630,1404.680,1404.630,1404.680,2
SQ:XAUUSD,2019-07-08T08:52:00+02:00,1404.640,1404.640,1404.350,1404.350,2
SQ:XAUUSD,2019-07-08T08:53:00+02:00,1404.410,1404.640,1404.410,1404.640,3
SQ:XAUUSD,2019-07-08T08:54:00+02:00,1405.040,1405.040,1405.040,1405.040,1
SQ:XAUUSD,2019-07-08T08:55:00+02:00,1405.080,1405.170,1405.060,1405.170,3
SQ:XAUUSD,2019-07-08T08:56:00+02:00,1405.180,1405.180,1404.890,1404.890,2
SQ:XAUUSD,2019-07-08T08:57:00+02:00,1404.890,1404.890,1404.890,1404.890,1
SQ:XAUUSD,2019-07-08T08:58:00+02:00,1404.800,1404.800,1404.560,1404.560,2
SQ:XAUUSD,2019-07-08T08:59:00+02:00,1404.620,1404.620,1404.620,1404.620,1
SQ:XAUUSD,2019-07-08T09:00:00+02:00,1404.950,1405.270,1404.950,1405.270,2
SQ:XAUUSD,2019-07-08T09:01:00+02:00,1405.210,1405.300,1405.210,1405.300,2
SQ:XAUUSD,2019-07-08T09:02:00+02:00,1405.370,1405.720,1405.370,1405.720,2
SQ:XAUUSD,2019-07-08T09:03:00+02:00,1405.610,1406.100,1405.610,1406.100,2
SQ:XAUUSD,2019-07-08T09:04:00+02:00,1406.210,1406.210,1406.110,1406.110,2
SQ:XAUUSD,2019-07-08T09:05:00+02:00,1405.620,1405.620,1405.600,1405.600,2
SQ:XAUUSD,2019-07-08T09:06:00+02:00,1405.880,1405.880,1405.780,1405.780,2
SQ:XAUUSD,2019-07-08T09:07:00+02:00,1405.840,1405.840,1405.720,1405.720,2
SQ:XAUUSD,2019-07-08T09:08:00+02:00,1406.290,1406.860,1406.280,1406.860,4
SQ:XAUUSD,2019-07-08T09:09:00+02:00,1406.490,1406.610,1406.490,1406.610,2
SQ:XAUUSD,2019-07-08T09:10:00+02:00,1406.520,1406.820,1406.520,1406.820,2
SQ:XAUUSD,2019-07-08T09:11:00+02:00,1406.420,1406.420,1406.320,1406.320,2
SQ:XAUUSD,2019-07-08T09:12:00+02:00,1406.380,1406.420,1406.310,1406.420,6
SQ:XAUUSD,2019-07-08T09:13:00+02:00,1406.410,1406.500,1406.410,1406.500,3
SQ:XAUUSD,2019-07-08T09:14:00+02:00,1407.200,1407.270,1407.130,1407.130,9
SQ:XAUUSD,2019-07-08T09:15:00+02:00,1407.280,1407.280,1406.960,1406.960,2
SQ:XAUUSD,2019-07-08T09:16:00+02:00,1407.090,1407.090,1406.920,1406.920,2
SQ:XAUUSD,2019-07-08T09:17:00+02:00,1406.860,1407.000,1406.860,1407.000,2
SQ:XAUUSD,2019-07-08T09:18:00+02:00,1407.120,1407.120,1406.620,1406.620,2
SQ:XAUUSD,2019-07-08T09:19:00+02:00,1406.430,1406.470,1406.380,1406.380,5
SQ:XAUUSD,2019-07-08T09:20:00+02:00,1406.750,1406.860,1406.750,1406.860,7
SQ:XAUUSD,2019-07-08T09:21:00+02:00,1406.630,1406.760,1406.620,1406.640,5
SQ:XAUUSD,2019-07-08T09:22:00+02:00,1406.470,1406.480,1406.310,1406.310,4
SQ:XAUUSD,2019-07-08T09:23:00+02:00,1406.410,1406.450,1406.410,1406.450,3
SQ:XAUUSD,2019-07-08T09:24:00+02:00,1406.350,1406.350,1406.350,1406.350,1
SQ:XAUUSD,2019-07-08T09:25:00+02:00,1406.320,1406.320,1406.220,1406.220,2
SQ:XAUUSD,2019-07-08T09:27:00+02:00,1406.330,1406.480,1406.330,1406.480,6
SQ:XAUUSD,2019-07-08T09:28:00+02:00,1406.620,1406.690,1406.620,1406.690,5
SQ:XAUUSD,2019-07-08T09:29:00+02:00,1406.710,1406.710,1406.630,1406.630,4
SQ:XAUUSD,2019-07-08T09:30:00+02:00,1406.620,1406.650,1406.530,1406.540,5
SQ:XAUUSD,2019-07-08T09:31:00+02:00,1406.540,1406.620,1406.540,1406.620,2
SQ:XAUUSD,2019-07-08T09:32:00+02:00,1406.530,1406.530,1406.360,1406.360,2
SQ:XAUUSD,2019-07-08T09:33:00+02:00,1406.480,1406.540,1406.280,1406.280,9
SQ:XAUUSD,2019-07-08T09:34:00+02:00,1406.310,1406.310,1406.060,1406.060,4
SQ:XAUUSD,2019-07-08T09:35:00+02:00,1406.070,1406.110,1405.950,1405.990,9
SQ:XAUUSD,2019-07-08T09:36:00+02:00,1406.320,1406.320,1405.830,1405.830,2
SQ:XAUUSD,2019-07-08T09:37:00+02:00,1405.870,1405.870,1405.540,1405.560,4
SQ:XAUUSD,2019-07-08T09:38:00+02:00,1405.320,1405.910,1405.210,1405.910,15
SQ:XAUUSD,2019-07-08T09:39:00+02:00,1405.910,1406.100,1405.910,1406.100,2
SQ:XAUUSD,2019-07-08T09:40:00+02:00,1406.390,1406.600,1406.390,1406.510,10
SQ:XAUUSD,2019-07-08T09:41:00+02:00,1406.350,1406.350,1406.310,1406.320,6
SQ:XAUUSD,2019-07-08T09:42:00+02:00,1406.290,1406.340,1405.900,1405.900,8
SQ:XAUUSD,2019-07-08T09:43:00+02:00,1405.720,1405.720,1405.410,1405.410,7
SQ:XAUUSD,2019-07-08T09:44:00+02:00,1405.320,1405.530,1405.320,1405.520,9
SQ:XAUUSD,2019-07-08T09:45:00+02:00,1405.420,1405.440,1405.340,1405.350,8
SQ:XAUUSD,2019-07-08T09:46:00+02:00,1405.650,1405.650,1405.490,1405.490,8
SQ:XAUUSD,2019-07-08T09:47:00+02:00,1405.290,1405.480,1405.290,1405.480,2
SQ:XAUUSD,2019-07-08T09:48:00+02:00,1405.730,1405.830,1405.730,1405.830,7
SQ:XAUUSD,2019-07-08T09:49:00+02:00,1405.920,1406.020,1405.920,1406.020,2
SQ:XAUUSD,2019-07-08T09:50:00+02:00,1405.990,1406.000,1405.980,1405.980,4
SQ:XAUUSD,2019-07-08T09:51:00+02:00,1405.940,1405.980,1405.920,1405.980,5
SQ:XAUUSD,2019-07-08T09:52:00+02:00,1406.110,1406.220,1406.110,1406.220,6
SQ:XAUUSD,2019-07-08T09:53:00+02:00,1406.490,1406.490,1406.200,1406.200,6
SQ:XAUUSD,2019-07-08T09:54:00+02:00,1406.420,1406.700,1406.420,1406.700,5
SQ:XAUUSD,2019-07-08T09:55:00+02:00,1406.950,1406.950,1406.800,1406.820,7
SQ:XAUUSD,2019-07-08T09:56:00+02:00,1406.740,1406.740,1406.680,1406.680,6
SQ:XAUUSD,2019-07-08T09:57:00+02:00,1406.380,1406.480,1406.380,1406.480,2
SQ:XAUUSD,2019-07-08T09:58:00+02:00,1406.550,1406.560,1406.390,1406.390,7
SQ:XAUUSD,2019-07-08T09:59:00+02:00,1406.380,1406.380,1406.190,1406.190,2
SQ:XAUUSD,2019-07-08T10:00:00+02:00,1406.510,1406.510,1406.510,1406.510,1
SQ:XAUUSD,2019-07-08T10:01:00+02:00,1406.500,1406.500,1406.420,1406.420,2
SQ:XAUUSD,2019-07-08T10:02:00+02:00,1406.520,1406.520,1406.300,1406.300,3
SQ:XAUUSD,2019-07-08T10:03:00+02:00,1406.420,1406.420,1406.410,1406.410,2
SQ:XAUUSD,2019-07-08T10:04:00+02:00,1406.330,1406.330,1405.980,1405.980,6
SQ:XAUUSD,2019-07-08T10:05:00+02:00,1405.950,1406.090,1405.900,1406.090,5
SQ:XAUUSD,2019-07-08T10:06:00+02:00,1405.660,1405.740,1405.660,1405.690,6
SQ:XAUUSD,2019-07-08T10:07:00+02:00,1405.610,1405.720,1405.490,1405.490,12
SQ:XAUUSD,2019-07-08T10:08:00+02:00,1405.600,1405.600,1405.510,1405.520,7
SQ:XAUUSD,2019-07-08T10:09:00+02:00,1405.520,1405.530,1405.520,1405.520,5
SQ:XAUUSD,2019-07-08T10:10:00+02:00,1405.620,1405.620,1405.420,1405.420,2
SQ:XAUUSD,2019-07-08T10:11:00+02:00,1405.320,1405.330,1405.320,1405.330,2
SQ:XAUUSD,2019-07-08T10:12:00+02:00,1405.420,1405.500,1405.420,1405.500,5
SQ:XAUUSD,2019-07-08T10:13:00+02:00,1405.520,1405.520,1405.330,1405.330,4
SQ:XAUUSD,2019-07-08T10:14:00+02:00,1405.330,1405.400,1405.330,1405.400,2
SQ:XAUUSD,2019-07-08T10:15:00+02:00,1405.400,1405.700,1405.400,1405.700,2
SQ:XAUUSD,2019-07-08T10:16:00+02:00,1405.800,1405.800,1405.670,1405.700,4
SQ:XAUUSD,2019-07-08T10:17:00+02:00,1405.800,1405.800,1405.720,1405.720,2
SQ:XAUUSD,2019-07-08T10:18:00+02:00,1405.710,1405.720,1405.710,1405.720,2
SQ:XAUUSD,2019-07-08T10:19:00+02:00,1405.790,1405.790,1405.630,1405.630,2
SQ:XAUUSD,2019-07-08T10:20:00+02:00,1405.760,1405.760,1405.720,1405.760,15
SQ:XAUUSD,2019-07-08T10:21:00+02:00,1405.760,1405.810,1405.530,1405.530,5
SQ:XAUUSD,2019-07-08T10:22:00+02:00,1405.630,1405.630,1405.630,1405.630,1
SQ:XAUUSD,2019-07-08T10:23:00+02:00,1405.620,1405.700,1405.610,1405.700,7
SQ:XAUUSD,2019-07-08T10:24:00+02:00,1405.700,1405.700,1405.530,1405.530,2
SQ:XAUUSD,2019-07-08T10:25:00+02:00,1405.340,1405.340,1405.150,1405.150,2
SQ:XAUUSD,2019-07-08T10:26:00+02:00,1405.160,1405.210,1405.160,1405.210,2
SQ:XAUUSD,2019-07-08T10:27:00+02:00,1404.900,1405.030,1404.890,1405.000,11
SQ:XAUUSD,2019-07-08T10:28:00+02:00,1405.130,1405.380,1405.130,1405.350,13
SQ:XAUUSD,2019-07-08T10:29:00+02:00,1405.430,1405.600,1405.430,1405.530,6
SQ:XAUUSD,2019-07-08T10:30:00+02:00,1405.640,1405.670,1405.540,1405.540,20
SQ:XAUUSD,2019-07-08T10:31:00+02:00,1405.220,1405.230,1405.000,1405.000,3
SQ:XAUUSD,2019-07-08T10:32:00+02:00,1405.150,1405.180,1405.050,1405.050,6
SQ:XAUUSD,2019-07-08T10:33:00+02:00,1404.960,1404.960,1404.750,1404.750,15
SQ:XAUUSD,2019-07-08T10:34:00+02:00,1404.750,1404.800,1404.520,1404.520,6
SQ:XAUUSD,2019-07-08T10:35:00+02:00,1404.480,1404.480,1404.340,1404.340,2
SQ:XAUUSD,2019-07-08T10:36:00+02:00,1404.540,1404.830,1404.540,1404.830,6
SQ:XAUUSD,2019-07-08T10:37:00+02:00,1404.950,1404.950,1404.720,1404.720,5
SQ:XAUUSD,2019-07-08T10:38:00+02:00,1404.810,1404.820,1404.810,1404.820,2
SQ:XAUUSD,2019-07-08T10:39:00+02:00,1404.940,1405.030,1404.930,1405.030,4
SQ:XAUUSD,2019-07-08T10:40:00+02:00,1405.030,1405.140,1405.030,1405.120,6
SQ:XAUUSD,2019-07-08T10:41:00+02:00,1405.360,1405.360,1405.280,1405.300,6
SQ:XAUUSD,2019-07-08T10:42:00+02:00,1405.040,1405.060,1405.030,1405.030,5
SQ:XAUUSD,2019-07-08T10:43:00+02:00,1405.030,1405.230,1405.030,1405.230,6
SQ:XAUUSD,2019-07-08T10:44:00+02:00,1405.330,1405.390,1405.330,1405.380,7
SQ:XAUUSD,2019-07-08T10:45:00+02:00,1405.380,1405.390,1405.270,1405.270,5
SQ:XAUUSD,2019-07-08T10:46:00+02:00,1405.220,1405.330,1405.220,1405.330,7
SQ:XAUUSD,2019-07-08T10:47:00+02:00,1405.330,1405.350,1405.330,1405.340,4
SQ:XAUUSD,2019-07-08T10:48:00+02:00,1405.320,1405.320,1405.240,1405.240,6
SQ:XAUUSD,2019-07-08T10:49:00+02:00,1405.210,1405.250,1405.210,1405.250,8
SQ:XAUUSD,2019-07-08T10:50:00+02:00,1405.300,1405.360,1405.290,1405.360,4
SQ:XAUUSD,2019-07-08T10:51:00+02:00,1405.450,1405.450,1405.390,1405.390,4
SQ:XAUUSD,2019-07-08T10:52:00+02:00,1405.380,1405.380,1405.370,1405.380,3
SQ:XAUUSD,2019-07-08T10:53:00+02:00,1405.290,1405.350,1405.290,1405.350,2
SQ:XAUUSD,2019-07-08T10:54:00+02:00,1405.390,1405.570,1405.390,1405.560,5
SQ:XAUUSD,2019-07-08T10:55:00+02:00,1405.670,1405.930,1405.670,1405.860,4
SQ:XAUUSD,2019-07-08T10:56:00+02:00,1405.840,1405.840,1405.720,1405.720,4
SQ:XAUUSD,2019-07-08T10:57:00+02:00,1405.730,1405.850,1405.730,1405.840,3
SQ:XAUUSD,2019-07-08T10:58:00+02:00,1405.730,1405.730,1405.730,1405.730,1
SQ:XAUUSD,2019-07-08T10:59:00+02:00,1405.680,1405.680,1405.560,1405.560,2
SQ:XAUUSD,2019-07-08T11:00:00+02:00,1405.730,1405.740,1405.730,1405.740,2
SQ:XAUUSD,2019-07-08T11:01:00+02:00,1405.650,1405.660,1405.640,1405.660,3
SQ:XAUUSD,2019-07-08T11:02:00+02:00,1405.630,1405.640,1405.450,1405.450,5
SQ:XAUUSD,2019-07-08T11:03:00+02:00,1405.340,1405.340,1405.280,1405.280,2
SQ:XAUUSD,2019-07-08T11:04:00+02:00,1405.060,1405.080,1405.060,1405.080,2
SQ:XAUUSD,2019-07-08T11:05:00+02:00,1405.000,1405.060,1405.000,1405.060,5
SQ:XAUUSD,2019-07-08T11:06:00+02:00,1405.200,1405.220,1405.180,1405.190,7
SQ:XAUUSD,2019-07-08T11:07:00+02:00,1405.120,1405.350,1405.120,1405.350,4
SQ:XAUUSD,2019-07-08T11:08:00+02:00,1405.490,1405.550,1405.490,1405.550,3
SQ:XAUUSD,2019-07-08T11:09:00+02:00,1405.650,1405.670,1405.650,1405.670,2
SQ:XAUUSD,2019-07-08T11:10:00+02:00,1405.930,1406.100,1405.930,1406.100,2
SQ:XAUUSD,2019-07-08T11:11:00+02:00,1406.100,1406.100,1406.030,1406.030,3
SQ:XAUUSD,2019-07-08T11:12:00+02:00,1405.980,1405.980,1405.810,1405.810,3
SQ:XAUUSD,2019-07-08T11:13:00+02:00,1405.800,1405.810,1405.740,1405.740,6
SQ:XAUUSD,2019-07-08T11:14:00+02:00,1405.870,1406.020,1405.870,1406.020,2
SQ:XAUUSD,2019-07-08T11:15:00+02:00,1406.060,1406.060,1405.940,1405.940,3
SQ:XAUUSD,2019-07-08T11:16:00+02:00,1405.910,1405.910,1405.700,1405.700,2
SQ:XAUUSD,2019-07-08T11:17:00+02:00,1405.790,1405.790,1405.720,1405.720,2
SQ:XAUUSD,2019-07-08T11:18:00+02:00,1405.710,1405.780,1405.710,1405.740,4
SQ:XAUUSD,2019-07-08T11:19:00+02:00,1405.500,1405.520,1405.500,1405.520,2
SQ:XAUUSD,2019-07-08T11:20:00+02:00,1405.730,1405.770,1405.640,1405.640,8
SQ:XAUUSD,2019-07-08T11:21:00+02:00,1405.610,1405.630,1405.610,1405.630,4
SQ:XAUUSD,2019-07-08T11:22:00+02:00,1405.590,1405.590,1405.500,1405.500,2
SQ:XAUUSD,2019-07-08T11:23:00+02:00,1405.500,1405.560,1405.500,1405.550,6
SQ:XAUUSD,2019-07-08T11:24:00+02:00,1405.510,1405.620,1405.510,1405.620,3
SQ:XAUUSD,2019-07-08T11:25:00+02:00,1405.610,1405.610,1405.330,1405.330,4
SQ:XAUUSD,2019-07-08T11:26:00+02:00,1405.260,1405.270,1405.110,1405.120,5
SQ:XAUUSD,2019-07-08T11:27:00+02:00,1405.140,1405.140,1405.040,1405.050,3
SQ:XAUUSD,2019-07-08T11:28:00+02:00,1404.940,1404.940,1404.740,1404.740,4
SQ:XAUUSD,2019-07-08T11:29:00+02:00,1404.890,1404.900,1404.800,1404.800,4
SQ:XAUUSD,2019-07-08T11:30:00+02:00,1404.830,1404.830,1404.480,1404.480,6
SQ:XAUUSD,2019-07-08T11:31:00+02:00,1404.490,1404.540,1404.490,1404.540,2
SQ:XAUUSD,2019-07-08T11:32:00+02:00,1404.600,1404.700,1404.590,1404.680,8
SQ:XAUUSD,2019-07-08T11:33:00+02:00,1404.830,1405.220,1404.810,1405.220,12
SQ:XAUUSD,2019-07-08T11:34:00+02:00,1405.080,1405.090,1405.050,1405.070,8
SQ:XAUUSD,2019-07-08T11:35:00+02:00,1404.980,1404.990,1404.980,1404.990,2
SQ:XAUUSD,2019-07-08T11:36:00+02:00,1405.000,1405.020,1404.990,1405.010,6
SQ:XAUUSD,2019-07-08T11:37:00+02:00,1404.990,1405.030,1404.880,1404.900,7
SQ:XAUUSD,2019-07-08T11:38:00+02:00,1405.000,1405.010,1404.980,1404.980,7
SQ:XAUUSD,2019-07-08T11:39:00+02:00,1404.730,1404.850,1404.730,1404.830,10
SQ:XAUUSD,2019-07-08T11:40:00+02:00,1404.360,1404.480,1404.360,1404.480,2
SQ:XAUUSD,2019-07-08T11:41:00+02:00,1404.280,1404.450,1404.280,1404.440,4
SQ:XAUUSD,2019-07-08T11:42:00+02:00,1404.620,1404.740,1404.620,1404.680,7
SQ:XAUUSD,2019-07-08T11:43:00+02:00,1404.470,1404.470,1404.400,1404.430,4
SQ:XAUUSD,2019-07-08T11:44:00+02:00,1404.870,1404.870,1404.770,1404.800,10
SQ:XAUUSD,2019-07-08T11:45:00+02:00,1404.800,1404.950,1404.800,1404.940,22
SQ:XAUUSD,2019-07-08T11:46:00+02:00,1405.010,1405.310,1405.000,1405.300,14
SQ:XAUUSD,2019-07-08T11:47:00+02:00,1405.080,1405.100,1405.010,1405.100,6
SQ:XAUUSD,2019-07-08T11:48:00+02:00,1405.160,1405.160,1405.110,1405.110,5
SQ:XAUUSD,2019-07-08T11:49:00+02:00,1404.990,1404.990,1404.830,1404.830,11
SQ:XAUUSD,2019-07-08T11:50:00+02:00,1404.890,1405.010,1404.890,1404.890,6
SQ:XAUUSD,2019-07-08T11:51:00+02:00,1404.840,1404.840,1404.780,1404.780,3
SQ:XAUUSD,2019-07-08T11:52:00+02:00,1404.730,1404.880,1404.710,1404.880,12
SQ:XAUUSD,2019-07-08T11:53:00+02:00,1404.910,1404.980,1404.890,1404.980,5
SQ:XAUUSD,2019-07-08T11:54:00+02:00,1404.970,1404.970,1404.900,1404.900,3
SQ:XAUUSD,2019-07-08T11:55:00+02:00,1404.970,1404.970,1404.950,1404.950,2
SQ:XAUUSD,2019-07-08T11:56:00+02:00,1405.030,1405.070,1404.900,1404.900,5
SQ:XAUUSD,2019-07-08T11:57:00+02:00,1405.000,1405.080,1404.990,1405.080,5
SQ:XAUUSD,2019-07-08T11:58:00+02:00,1405.080,1405.080,1405.070,1405.070,4
SQ:XAUUSD,2019-07-08T11:59:00+02:00,1404.980,1405.070,1404.980,1405.070,6
SQ:XAUUSD,2019-07-08T12:00:00+02:00,1405.010,1405.200,1405.010,1405.180,4
SQ:XAUUSD,2019-07-08T12:01:00+02:00,1405.090,1405.090,1404.930,1404.930,15
SQ:XAUUSD,2019-07-08T12:02:00+02:00,1405.070,1405.200,1405.070,1405.200,5
SQ:XAUUSD,2019-07-08T12:03:00+02:00,1405.210,1405.220,1405.190,1405.220,6
SQ:XAUUSD,2019-07-08T12:04:00+02:00,1405.200,1405.200,1405.110,1405.110,2
SQ:XAUUSD,2019-07-08T12:05:00+02:00,1405.580,1405.780,1405.580,1405.690,10
SQ:XAUUSD,2019-07-08T12:06:00+02:00,1405.170,1405.170,1405.130,1405.130,2
SQ:XAUUSD,2019-07-08T12:07:00+02:00,1405.220,1405.260,1405.220,1405.260,2
SQ:XAUUSD,2019-07-08T12:08:00+02:00,1405.190,1405.190,1405.190,1405.190,1
SQ:XAUUSD,2019-07-08T12:09:00+02:00,1405.200,1405.200,1405.180,1405.180,2
SQ:XAUUSD,2019-07-08T12:10:00+02:00,1405.190,1405.310,1405.190,1405.310,3
SQ:XAUUSD,2019-07-08T12:11:00+02:00,1405.190,1405.440,1405.190,1405.380,6
SQ:XAUUSD,2019-07-08T12:12:00+02:00,1405.380,1405.500,1405.370,1405.470,9
SQ:XAUUSD,2019-07-08T12:13:00+02:00,1405.480,1405.560,1405.380,1405.380,4
SQ:XAUUSD,2019-07-08T12:14:00+02:00,1405.390,1405.390,1405.080,1405.080,3
SQ:XAUUSD,2019-07-08T12:15:00+02:00,1405.180,1405.180,1405.170,1405.170,2
SQ:XAUUSD,2019-07-08T12:16:00+02:00,1405.020,1405.200,1405.020,1405.200,4
SQ:XAUUSD,2019-07-08T12:17:00+02:00,1405.180,1405.180,1405.180,1405.180,1
SQ:XAUUSD,2019-07-08T12:18:00+02:00,1405.180,1405.270,1405.180,1405.200,5
SQ:XAUUSD,2019-07-08T12:19:00+02:00,1405.380,1405.380,1405.380,1405.380,1
SQ:XAUUSD,2019-07-08T12:20:00+02:00,1405.180,1405.180,1405.090,1405.100,5
SQ:XAUUSD,2019-07-08T12:21:00+02:00,1405.200,1405.250,1405.170,1405.170,6
SQ:XAUUSD,2019-07-08T12:22:00+02:00,1405.170,1405.170,1405.170,1405.170,1
SQ:XAUUSD,2019-07-08T12:23:00+02:00,1404.990,1405.200,1404.970,1405.200,5
SQ:XAUUSD,2019-07-08T12:24:00+02:00,1405.370,1405.370,1405.090,1405.090,7
SQ:XAUUSD,2019-07-08T12:25:00+02:00,1404.990,1404.990,1404.990,1404.990,1
SQ:XAUUSD,2019-07-08T12:26:00+02:00,1404.970,1404.970,1404.880,1404.900,5
SQ:XAUUSD,2019-07-08T12:27:00+02:00,1404.970,1405.050,1404.950,1405.050,6
SQ:XAUUSD,2019-07-08T12:28:00+02:00,1405.070,1405.070,1405.070,1405.070,1
SQ:XAUUSD,2019-07-08T12:29:00+02:00,1404.970,1405.000,1404.900,1404.900,6
SQ:XAUUSD,2019-07-08T12:30:00+02:00,1404.910,1404.910,1404.790,1404.790,2
SQ:XAUUSD,2019-07-08T12:31:00+02:00,1404.790,1404.790,1404.680,1404.690,6
SQ:XAUUSD,2019-07-08T12:32:00+02:00,1404.610,1404.610,1404.510,1404.510,3
SQ:XAUUSD,2019-07-08T12:33:00+02:00,1404.590,1404.590,1404.570,1404.570,4
SQ:XAUUSD,2019-07-08T12:34:00+02:00,1404.610,1404.610,1404.600,1404.610,3
SQ:XAUUSD,2019-07-08T12:35:00+02:00,1404.680,1404.680,1404.400,1404.430,4
SQ:XAUUSD,2019-07-08T12:36:00+02:00,1404.270,1404.400,1404.270,1404.390,6
SQ:XAUUSD,2019-07-08T12:37:00+02:00,1404.390,1404.390,1404.390,1404.390,1
SQ:XAUUSD,2019-07-08T12:38:00+02:00,1404.550,1404.570,1404.550,1404.570,2
SQ:XAUUSD,2019-07-08T12:39:00+02:00,1404.300,1404.300,1404.180,1404.180,2
SQ:XAUUSD,2019-07-08T12:40:00+02:00,1404.210,1404.210,1404.170,1404.170,4
SQ:XAUUSD,2019-07-08T12:41:00+02:00,1403.960,1403.960,1403.780,1403.860,16
SQ:XAUUSD,2019-07-08T12:42:00+02:00,1403.800,1403.800,1403.580,1403.580,2
SQ:XAUUSD,2019-07-08T12:43:00+02:00,1404.110,1404.110,1404.090,1404.090,2
SQ:XAUUSD,2019-07-08T12:44:00+02:00,1404.390,1404.470,1404.380,1404.470,4
SQ:XAUUSD,2019-07-08T12:45:00+02:00,1404.270,1404.270,1404.180,1404.210,7
SQ:XAUUSD,2019-07-08T12:46:00+02:00,1404.210,1404.210,1404.010,1404.040,3
SQ:XAUUSD,2019-07-08T12:47:00+02:00,1404.060,1404.130,1404.060,1404.130,4
SQ:XAUUSD,2019-07-08T12:48:00+02:00,1404.210,1404.230,1404.080,1404.080,7
SQ:XAUUSD,2019-07-08T12:49:00+02:00,1404.140,1404.140,1404.140,1404.140,1
SQ:XAUUSD,2019-07-08T12:50:00+02:00,1404.350,1404.480,1404.190,1404.190,7
SQ:XAUUSD,2019-07-08T12:51:00+02:00,1404.200,1404.390,1404.190,1404.370,9
SQ:XAUUSD,2019-07-08T12:52:00+02:00,1404.390,1404.390,1404.390,1404.390,1
SQ:XAUUSD,2019-07-08T12:53:00+02:00,1404.310,1404.410,1404.290,1404.390,5
SQ:XAUUSD,2019-07-08T12:54:00+02:00,1404.390,1404.480,1404.390,1404.480,5
SQ:XAUUSD,2019-07-08T12:55:00+02:00,1404.580,1404.580,1404.490,1404.490,2
SQ:XAUUSD,2019-07-08T12:56:00+02:00,1404.510,1404.510,1404.390,1404.480,4
SQ:XAUUSD,2019-07-08T12:57:00+02:00,1404.490,1404.700,1404.490,1404.670,4
SQ:XAUUSD,2019-07-08T12:58:00+02:00,1404.690,1404.690,1404.630,1404.640,4
SQ:XAUUSD,2019-07-08T12:59:00+02:00,1404.650,1404.650,1404.480,1404.480,7
SQ:XAUUSD,2019-07-08T13:00:00+02:00,1404.330,1404.350,1404.330,1404.350,2
SQ:XAUUSD,2019-07-08T13:01:00+02:00,1404.470,1404.470,1404.370,1404.370,5
SQ:XAUUSD,2019-07-08T13:02:00+02:00,1404.530,1404.530,1404.370,1404.370,2
SQ:XAUUSD,2019-07-08T13:03:00+02:00,1404.320,1404.320,1404.280,1404.280,3
SQ:XAUUSD,2019-07-08T13:04:00+02:00,1404.310,1404.460,1404.310,1404.460,5
SQ:XAUUSD,2019-07-08T13:05:00+02:00,1404.350,1404.390,1404.350,1404.390,4
SQ:XAUUSD,2019-07-08T13:06:00+02:00,1404.270,1404.310,1404.270,1404.270,6
SQ:XAUUSD,2019-07-08T13:07:00+02:00,1404.570,1404.670,1404.570,1404.670,2
SQ:XAUUSD,2019-07-08T13:08:00+02:00,1404.500,1404.520,1404.480,1404.480,4
SQ:XAUUSD,2019-07-08T13:09:00+02:00,1404.460,1404.460,1404.460,1404.460,1
SQ:XAUUSD,2019-07-08T13:10:00+02:00,1404.490,1404.700,1404.490,1404.650,5
SQ:XAUUSD,2019-07-08T13:11:00+02:00,1404.630,1404.680,1404.590,1404.670,11
SQ:XAUUSD,2019-07-08T13:12:00+02:00,1404.810,1404.970,1404.810,1404.970,3
SQ:XAUUSD,2019-07-08T13:13:00+02:00,1405.000,1405.190,1405.000,1405.170,5
SQ:XAUUSD,2019-07-08T13:14:00+02:00,1405.000,1405.000,1404.990,1404.990,2
SQ:XAUUSD,2019-07-08T13:15:00+02:00,1404.980,1404.980,1404.980,1404.980,1
SQ:XAUUSD,2019-07-08T13:16:00+02:00,1404.980,1404.980,1404.980,1404.980,1
SQ:XAUUSD,2019-07-08T13:17:00+02:00,1405.090,1405.090,1405.090,1405.090,1
SQ:XAUUSD,2019-07-08T13:18:00+02:00,1405.000,1405.010,1404.990,1405.000,4
SQ:XAUUSD,2019-07-08T13:19:00+02:00,1404.970,1404.970,1404.890,1404.910,8
SQ:XAUUSD,2019-07-08T13:20:00+02:00,1404.880,1404.990,1404.880,1404.990,6
SQ:XAUUSD,2019-07-08T13:21:00+02:00,1404.990,1405.080,1404.960,1405.070,5
SQ:XAUUSD,2019-07-08T13:22:00+02:00,1405.170,1405.370,1405.140,1405.370,3
SQ:XAUUSD,2019-07-08T13:23:00+02:00,1405.560,1405.580,1405.560,1405.570,4
SQ:XAUUSD,2019-07-08T13:24:00+02:00,1405.590,1405.860,1405.590,1405.860,4
SQ:XAUUSD,2019-07-08T13:25:00+02:00,1405.680,1405.680,1405.570,1405.580,4
SQ:XAUUSD,2019-07-08T13:26:00+02:00,1405.470,1405.470,1405.300,1405.300,5
SQ:XAUUSD,2019-07-08T13:27:00+02:00,1405.180,1405.200,1405.180,1405.200,2
SQ:XAUUSD,2019-07-08T13:28:00+02:00,1404.990,1404.990,1404.890,1404.910,11
SQ:XAUUSD,2019-07-08T13:29:00+02:00,1405.060,1405.200,1404.910,1404.970,12
SQ:XAUUSD,2019-07-08T13:30:00+02:00,1405.010,1405.010,1404.950,1404.950,2
SQ:XAUUSD,2019-07-08T13:31:00+02:00,1404.990,1405.030,1404.900,1404.900,6
SQ:XAUUSD,2019-07-08T13:32:00+02:00,1404.980,1405.100,1404.980,1405.070,4
SQ:XAUUSD,2019-07-08T13:33:00+02:00,1405.080,1405.080,1404.970,1404.970,2
SQ:XAUUSD,2019-07-08T13:34:00+02:00,1404.880,1404.890,1404.780,1404.780,7
SQ:XAUUSD,2019-07-08T13:35:00+02:00,1404.790,1404.820,1404.780,1404.780,10
SQ:XAUUSD,2019-07-08T13:36:00+02:00,1404.770,1404.820,1404.760,1404.800,5
SQ:XAUUSD,2019-07-08T13:37:00+02:00,1404.800,1404.880,1404.670,1404.670,11
SQ:XAUUSD,2019-07-08T13:38:00+02:00,1405.050,1405.170,1405.050,1405.170,6
SQ:XAUUSD,2019-07-08T13:39:00+02:00,1405.100,1405.110,1405.080,1405.080,4
SQ:XAUUSD,2019-07-08T13:40:00+02:00,1405.190,1405.190,1405.190,1405.190,1
SQ:XAUUSD,2019-07-08T13:41:00+02:00,1405.170,1405.180,1405.050,1405.050,3
SQ:XAUUSD,2019-07-08T13:42:00+02:00,1405.060,1405.090,1405.040,1405.090,3
SQ:XAUUSD,2019-07-08T13:43:00+02:00,1405.090,1405.170,1405.070,1405.080,10
SQ:XAUUSD,2019-07-08T13:44:00+02:00,1405.080,1405.080,1405.070,1405.070,2
SQ:XAUUSD,2019-07-08T13:45:00+02:00,1405.070,1405.090,1405.070,1405.090,2
SQ:XAUUSD,2019-07-08T13:46:00+02:00,1405.140,1405.150,1405.090,1405.110,4
SQ:XAUUSD,2019-07-08T13:47:00+02:00,1405.120,1405.270,1405.080,1405.270,9
SQ:XAUUSD,2019-07-08T13:48:00+02:00,1405.170,1405.170,1405.170,1405.170,1
SQ:XAUUSD,2019-07-08T13:49:00+02:00,1405.100,1405.260,1405.100,1405.180,11
SQ:XAUUSD,2019-07-08T13:50:00+02:00,1405.150,1405.170,1405.150,1405.170,2
SQ:XAUUSD,2019-07-08T13:51:00+02:00,1405.270,1405.290,1405.270,1405.290,4
SQ:XAUUSD,2019-07-08T13:52:00+02:00,1405.290,1405.290,1405.280,1405.280,2
SQ:XAUUSD,2019-07-08T13:53:00+02:00,1404.990,1405.100,1404.990,1405.100,2
SQ:XAUUSD,2019-07-08T13:54:00+02:00,1405.090,1405.110,1405.090,1405.110,2
SQ:XAUUSD,2019-07-08T13:55:00+02:00,1404.910,1405.010,1404.910,1405.000,6
SQ:XAUUSD,2019-07-08T13:56:00+02:00,1404.980,1404.980,1404.890,1404.890,3
SQ:XAUUSD,2019-07-08T13:58:00+02:00,1404.900,1405.090,1404.890,1405.090,11
SQ:XAUUSD,2019-07-08T13:59:00+02:00,1405.090,1405.320,1405.000,1405.320,10
SQ:XAUUSD,2019-07-08T14:00:00+02:00,1405.390,1406.430,1405.340,1406.430,8
SQ:XAUUSD,2019-07-08T14:01:00+02:00,1406.360,1406.360,1406.290,1406.290,4
SQ:XAUUSD,2019-07-08T14:02:00+02:00,1406.070,1406.070,1405.820,1405.820,2
SQ:XAUUSD,2019-07-08T14:03:00+02:00,1405.970,1405.970,1405.770,1405.770,2
SQ:XAUUSD,2019-07-08T14:04:00+02:00,1405.450,1405.450,1405.410,1405.410,3
SQ:XAUUSD,2019-07-08T14:05:00+02:00,1404.570,1404.570,1404.440,1404.440,3
SQ:XAUUSD,2019-07-08T14:06:00+02:00,1404.240,1404.240,1403.870,1403.870,2
SQ:XAUUSD,2019-07-08T14:07:00+02:00,1403.750,1403.770,1403.750,1403.770,2
SQ:XAUUSD,2019-07-08T14:08:00+02:00,1403.580,1403.580,1403.280,1403.280,3
SQ:XAUUSD,2019-07-08T14:09:00+02:00,1403.470,1404.080,1403.450,1404.080,7
SQ:XAUUSD,2019-07-08T14:10:00+02:00,1404.060,1404.060,1403.650,1403.650,2
SQ:XAUUSD,2019-07-08T14:11:00+02:00,1404.040,1404.040,1404.040,1404.040,1
SQ:XAUUSD,2019-07-08T14:12:00+02:00,1403.800,1403.800,1403.800,1403.800,1
SQ:XAUUSD,2019-07-08T14:13:00+02:00,1403.840,1403.860,1403.530,1403.590,10
SQ:XAUUSD,2019-07-08T14:14:00+02:00,1403.660,1403.680,1403.660,1403.680,2
SQ:XAUUSD,2019-07-08T14:15:00+02:00,1403.380,1403.380,1403.350,1403.350,2
SQ:XAUUSD,2019-07-08T14:16:00+02:00,1403.480,1403.670,1403.480,1403.670,2
SQ:XAUUSD,2019-07-08T14:17:00+02:00,1403.460,1404.090,1403.460,1404.090,10
SQ:XAUUSD,2019-07-08T14:18:00+02:00,1403.770,1403.860,1403.770,1403.860,2
SQ:XAUUSD,2019-07-08T14:19:00+02:00,1403.800,1403.800,1403.660,1403.670,5
SQ:XAUUSD,2019-07-08T14:20:00+02:00,1405.610,1405.630,1405.290,1405.290,3
SQ:XAUUSD,2019-07-08T14:21:00+02:00,1406.150,1406.340,1406.130,1406.340,3
SQ:XAUUSD,2019-07-08T14:22:00+02:00,1406.300,1406.300,1406.120,1406.120,3
SQ:XAUUSD,2019-07-08T14:23:00+02:00,1405.960,1405.960,1405.520,1405.570,9
SQ:XAUUSD,2019-07-08T14:24:00+02:00,1405.430,1405.430,1405.150,1405.160,8
SQ:XAUUSD,2019-07-08T14:25:00+02:00,1405.360,1405.360,1405.360,1405.360,1
SQ:XAUUSD,2019-07-08T14:26:00+02:00,1405.530,1405.620,1405.360,1405.360,4
SQ:XAUUSD,2019-07-08T14:27:00+02:00,1405.380,1405.380,1405.190,1405.190,2
SQ:XAUUSD,2019-07-08T14:28:00+02:00,1405.080,1405.110,1404.550,1404.550,6
SQ:XAUUSD,2019-07-08T14:29:00+02:00,1404.670,1404.720,1404.670,1404.720,2
SQ:XAUUSD,2019-07-08T14:30:00+02:00,1405.400,1405.450,1405.370,1405.450,3
SQ:XAUUSD,2019-07-08T14:31:00+02:00,1405.280,1405.280,1404.860,1404.860,2
SQ:XAUUSD,2019-07-08T14:32:00+02:00,1404.580,1404.580,1404.560,1404.570,3
SQ:XAUUSD,2019-07-08T14:33:00+02:00,1404.390,1404.640,1404.390,1404.630,3
SQ:XAUUSD,2019-07-08T14:34:00+02:00,1405.260,1405.260,1405.160,1405.160,2
SQ:XAUUSD,2019-07-08T14:35:00+02:00,1405.150,1405.160,1404.680,1404.680,4
SQ:XAUUSD,2019-07-08T14:36:00+02:00,1404.900,1405.060,1404.900,1405.060,2
SQ:XAUUSD,2019-07-08T14:37:00+02:00,1404.390,1404.840,1404.390,1404.840,2
SQ:XAUUSD,2019-07-08T14:38:00+02:00,1404.900,1404.900,1404.880,1404.880,2
SQ:XAUUSD,2019-07-08T14:39:00+02:00,1404.740,1404.820,1404.740,1404.750,5
SQ:XAUUSD,2019-07-08T14:40:00+02:00,1405.290,1405.290,1405.070,1405.070,2
SQ:XAUUSD,2019-07-08T14:41:00+02:00,1404.860,1404.860,1404.860,1404.860,1
SQ:XAUUSD,2019-07-08T14:42:00+02:00,1404.750,1404.750,1404.580,1404.580,2
SQ:XAUUSD,2019-07-08T14:43:00+02:00,1404.490,1404.640,1404.490,1404.640,2
SQ:XAUUSD,2019-07-08T14:44:00+02:00,1403.950,1404.120,1403.950,1404.100,3
SQ:XAUUSD,2019-07-08T14:45:00+02:00,1404.020,1404.120,1404.000,1404.120,3
SQ:XAUUSD,2019-07-08T14:46:00+02:00,1403.850,1403.950,1403.850,1403.950,5
SQ:XAUUSD,2019-07-08T14:47:00+02:00,1404.080,1404.100,1403.780,1403.780,3
SQ:XAUUSD,2019-07-08T14:48:00+02:00,1404.040,1404.040,1404.000,1404.000,2
SQ:XAUUSD,2019-07-08T14:49:00+02:00,1404.130,1404.130,1403.810,1403.810,5
SQ:XAUUSD,2019-07-08T14:50:00+02:00,1404.020,1404.020,1403.890,1403.890,3
SQ:XAUUSD,2019-07-08T14:51:00+02:00,1404.070,1404.130,1404.070,1404.110,5
SQ:XAUUSD,2019-07-08T14:52:00+02:00,1403.910,1403.920,1403.210,1403.210,9
SQ:XAUUSD,2019-07-08T14:53:00+02:00,1403.090,1403.160,1403.090,1403.160,2
SQ:XAUUSD,2019-07-08T14:54:00+02:00,1403.280,1403.630,1403.280,1403.630,2
SQ:XAUUSD,2019-07-08T14:55:00+02:00,1403.690,1403.690,1403.460,1403.460,2
SQ:XAUUSD,2019-07-08T14:56:00+02:00,1403.860,1403.860,1403.860,1403.860,1
SQ:XAUUSD,2019-07-08T14:57:00+02:00,1403.840,1403.840,1403.630,1403.630,2
SQ:XAUUSD,2019-07-08T14:58:00+02:00,1403.630,1403.820,1403.630,1403.820,3
SQ:XAUUSD,2019-07-08T14:59:00+02:00,1403.740,1403.740,1403.440,1403.440,3
SQ:XAUUSD,2019-07-08T15:00:00+02:00,1403.430,1403.720,1403.430,1403.720,2
SQ:XAUUSD,2019-07-08T15:01:00+02:00,1403.850,1403.850,1403.820,1403.820,2
SQ:XAUUSD,2019-07-08T15:02:00+02:00,1403.150,1403.160,1402.980,1402.980,4
SQ:XAUUSD,2019-07-08T15:03:00+02:00,1402.640,1403.330,1402.640,1403.330,2
SQ:XAUUSD,2019-07-08T15:04:00+02:00,1403.050,1403.050,1403.050,1403.050,1
SQ:XAUUSD,2019-07-08T15:05:00+02:00,1402.240,1402.250,1401.840,1401.840,4
SQ:XAUUSD,2019-07-08T15:06:00+02:00,1401.800,1401.800,1401.550,1401.550,2
SQ:XAUUSD,2019-07-08T15:07:00+02:00,1401.990,1402.040,1401.990,1402.040,2
SQ:XAUUSD,2019-07-08T15:08:00+02:00,1401.830,1402.050,1401.830,1402.050,3
SQ:XAUUSD,2019-07-08T15:09:00+02:00,1402.260,1402.260,1402.140,1402.140,2
SQ:XAUUSD,2019-07-08T15:10:00+02:00,1402.220,1402.220,1402.150,1402.150,2
SQ:XAUUSD,2019-07-08T15:11:00+02:00,1401.820,1401.820,1401.820,1401.820,1
SQ:XAUUSD,2019-07-08T15:12:00+02:00,1401.620,1401.620,1401.350,1401.350,2
SQ:XAUUSD,2019-07-08T15:13:00+02:00,1401.720,1401.940,1401.720,1401.940,3
SQ:XAUUSD,2019-07-08T15:14:00+02:00,1401.520,1401.520,1401.460,1401.460,2
SQ:XAUUSD,2019-07-08T15:15:00+02:00,1400.820,1401.020,1400.820,1401.020,2
SQ:XAUUSD,2019-07-08T15:16:00+02:00,1400.920,1400.920,1400.860,1400.860,3
SQ:XAUUSD,2019-07-08T15:17:00+02:00,1400.230,1400.690,1400.230,1400.690,2
SQ:XAUUSD,2019-07-08T15:18:00+02:00,1400.530,1400.530,1400.420,1400.420,2
SQ:XAUUSD,2019-07-08T15:19:00+02:00,1400.350,1400.430,1400.350,1400.360,6
SQ:XAUUSD,2019-07-08T15:20:00+02:00,1400.030,1400.070,1400.030,1400.050,5
SQ:XAUUSD,2019-07-08T15:21:00+02:00,1400.280,1400.280,1400.170,1400.170,3
SQ:XAUUSD,2019-07-08T15:22:00+02:00,1400.350,1400.440,1400.320,1400.440,4
SQ:XAUUSD,2019-07-08T15:23:00+02:00,1400.840,1401.090,1400.830,1401.070,5
SQ:XAUUSD,2019-07-08T15:24:00+02:00,1401.380,1401.380,1401.330,1401.340,4
SQ:XAUUSD,2019-07-08T15:25:00+02:00,1401.450,1401.450,1401.290,1401.290,6
SQ:XAUUSD,2019-07-08T15:26:00+02:00,1401.170,1401.170,1401.170,1401.170,1
SQ:XAUUSD,2019-07-08T15:27:00+02:00,1401.050,1401.300,1401.050,1401.290,3
SQ:XAUUSD,2019-07-08T15:28:00+02:00,1401.570,1401.570,1401.560,1401.560,2
SQ:XAUUSD,2019-07-08T15:29:00+02:00,1401.260,1401.260,1400.980,1400.980,2
SQ:XAUUSD,2019-07-08T15:30:00+02:00,1401.190,1401.530,1401.170,1401.530,3
SQ:XAUUSD,2019-07-08T15:31:00+02:00,1401.840,1402.080,1401.840,1402.070,3
SQ:XAUUSD,2019-07-08T15:32:00+02:00,1402.170,1402.440,1402.170,1402.440,2
SQ:XAUUSD,2019-07-08T15:33:00+02:00,1402.040,1402.060,1401.950,1401.970,4
SQ:XAUUSD,2019-07-08T15:34:00+02:00,1401.700,1401.700,1401.670,1401.670,2
SQ:XAUUSD,2019-07-08T15:35:00+02:00,1401.590,1401.720,1401.580,1401.720,3
SQ:XAUUSD,2019-07-08T15:36:00+02:00,1401.860,1401.860,1401.600,1401.600,3
SQ:XAUUSD,2019-07-08T15:37:00+02:00,1401.700,1402.070,1401.700,1402.070,3
SQ:XAUUSD,2019-07-08T15:38:00+02:00,1402.170,1402.260,1402.170,1402.260,3
SQ:XAUUSD,2019-07-08T15:39:00+02:00,1401.710,1401.710,1401.710,1401.710,1
SQ:XAUUSD,2019-07-08T15:40:00+02:00,1401.420,1401.540,1401.390,1401.540,9
SQ:XAUUSD,2019-07-08T15:41:00+02:00,1401.520,1401.520,1401.110,1401.110,4
SQ:XAUUSD,2019-07-08T15:42:00+02:00,1401.180,1401.180,1401.180,1401.180,1
SQ:XAUUSD,2019-07-08T15:43:00+02:00,1401.140,1401.140,1400.590,1400.590,3
SQ:XAUUSD,2019-07-08T15:44:00+02:00,1400.440,1400.470,1400.440,1400.470,2
SQ:XAUUSD,2019-07-08T15:45:00+02:00,1400.440,1400.510,1400.440,1400.490,3
SQ:XAUUSD,2019-07-08T15:46:00+02:00,1400.500,1400.590,1400.500,1400.590,4
SQ:XAUUSD,2019-07-08T15:47:00+02:00,1400.830,1400.880,1400.830,1400.880,2
SQ:XAUUSD,2019-07-08T15:48:00+02:00,1401.380,1401.380,1401.270,1401.270,2
SQ:XAUUSD,2019-07-08T15:49:00+02:00,1401.870,1401.870,1401.860,1401.860,2
SQ:XAUUSD,2019-07-08T15:50:00+02:00,1401.760,1401.760,1401.530,1401.530,2
SQ:XAUUSD,2019-07-08T15:51:00+02:00,1401.490,1401.510,1401.490,1401.500,3
SQ:XAUUSD,2019-07-08T15:52:00+02:00,1401.590,1401.690,1401.590,1401.690,2
SQ:XAUUSD,2019-07-08T15:53:00+02:00,1401.470,1401.470,1401.290,1401.290,2
SQ:XAUUSD,2019-07-08T15:54:00+02:00,1401.200,1401.230,1400.990,1400.990,4
SQ:XAUUSD,2019-07-08T15:55:00+02:00,1400.680,1400.700,1400.660,1400.660,3
SQ:XAUUSD,2019-07-08T15:56:00+02:00,1400.990,1401.420,1400.990,1401.400,3
SQ:XAUUSD,2019-07-08T15:57:00+02:00,1401.120,1401.120,1401.100,1401.100,2
SQ:XAUUSD,2019-07-08T15:58:00+02:00,1400.970,1400.970,1400.780,1400.800,4
SQ:XAUUSD,2019-07-08T15:59:00+02:00,1401.360,1401.360,1401.270,1401.290,5
SQ:XAUUSD,2019-07-08T16:00:00+02:00,1401.070,1401.090,1400.640,1400.640,3
SQ:XAUUSD,2019-07-08T16:01:00+02:00,1400.490,1400.520,1400.490,1400.520,3
SQ:XAUUSD,2019-07-08T16:02:00+02:00,1400.590,1401.070,1400.590,1401.070,3
SQ:XAUUSD,2019-07-08T16:03:00+02:00,1401.060,1401.110,1401.060,1401.090,4
SQ:XAUUSD,2019-07-08T16:04:00+02:00,1401.360,1401.360,1400.980,1400.980,2
SQ:XAUUSD,2019-07-08T16:05:00+02:00,1400.750,1400.780,1400.750,1400.750,6
SQ:XAUUSD,2019-07-08T16:06:00+02:00,1400.840,1400.840,1400.560,1400.560,2
SQ:XAUUSD,2019-07-08T16:07:00+02:00,1400.680,1400.680,1400.220,1400.220,2
SQ:XAUUSD,2019-07-08T16:08:00+02:00,1400.190,1400.190,1399.580,1399.580,2
SQ:XAUUSD,2019-07-08T16:09:00+02:00,1399.780,1399.780,1399.760,1399.760,2
SQ:XAUUSD,2019-07-08T16:10:00+02:00,1399.280,1399.880,1399.280,1399.880,2
SQ:XAUUSD,2019-07-08T16:11:00+02:00,1399.790,1399.790,1399.790,1399.790,1
SQ:XAUUSD,2019-07-08T16:12:00+02:00,1399.830,1399.990,1399.810,1399.990,3
SQ:XAUUSD,2019-07-08T16:13:00+02:00,1399.900,1399.990,1399.900,1399.990,2
SQ:XAUUSD,2019-07-08T16:14:00+02:00,1400.070,1400.190,1400.070,1400.180,3
SQ:XAUUSD,2019-07-08T16:15:00+02:00,1400.200,1400.290,1400.200,1400.290,2
SQ:XAUUSD,2019-07-08T16:16:00+02:00,1400.230,1400.610,1400.230,1400.610,2
SQ:XAUUSD,2019-07-08T16:17:00+02:00,1400.320,1400.320,1400.010,1400.010,2
SQ:XAUUSD,2019-07-08T16:18:00+02:00,1399.800,1399.800,1399.710,1399.710,3
SQ:XAUUSD,2019-07-08T16:19:00+02:00,1399.800,1399.920,1399.800,1399.910,3
SQ:XAUUSD,2019-07-08T16:20:00+02:00,1399.810,1399.810,1399.770,1399.770,2
SQ:XAUUSD,2019-07-08T16:21:00+02:00,1399.720,1399.720,1399.570,1399.570,2
SQ:XAUUSD,2019-07-08T16:22:00+02:00,1399.620,1399.810,1399.620,1399.810,5
SQ:XAUUSD,2019-07-08T16:23:00+02:00,1400.170,1400.170,1400.120,1400.120,2
SQ:XAUUSD,2019-07-08T16:24:00+02:00,1400.190,1400.190,1399.700,1399.700,2
SQ:XAUUSD,2019-07-08T16:25:00+02:00,1399.430,1399.430,1398.990,1398.990,3
SQ:XAUUSD,2019-07-08T16:26:00+02:00,1398.910,1398.930,1398.880,1398.880,7
SQ:XAUUSD,2019-07-08T16:27:00+02:00,1399.000,1399.000,1398.690,1398.690,4
SQ:XAUUSD,2019-07-08T16:28:00+02:00,1398.310,1398.490,1398.310,1398.400,19
SQ:XAUUSD,2019-07-08T16:29:00+02:00,1398.520,1398.720,1398.520,1398.720,2
SQ:XAUUSD,2019-07-08T16:30:00+02:00,1398.690,1398.700,1398.320,1398.320,3
SQ:XAUUSD,2019-07-08T16:31:00+02:00,1397.970,1397.970,1397.470,1397.470,2
SQ:XAUUSD,2019-07-08T16:32:00+02:00,1397.580,1397.900,1397.550,1397.900,5
SQ:XAUUSD,2019-07-08T16:33:00+02:00,1397.350,1397.350,1397.190,1397.190,8
SQ:XAUUSD,2019-07-08T16:34:00+02:00,1396.720,1396.720,1396.700,1396.710,4
SQ:XAUUSD,2019-07-08T16:35:00+02:00,1395.920,1396.310,1395.920,1396.310,2
SQ:XAUUSD,2019-07-08T16:36:00+02:00,1396.410,1396.530,1396.410,1396.530,3
SQ:XAUUSD,2019-07-08T16:37:00+02:00,1396.900,1396.910,1396.700,1396.720,4
SQ:XAUUSD,2019-07-08T16:38:00+02:00,1396.320,1396.320,1396.190,1396.200,5
SQ:XAUUSD,2019-07-08T16:39:00+02:00,1396.630,1396.630,1396.200,1396.210,15
SQ:XAUUSD,2019-07-08T16:40:00+02:00,1395.600,1395.620,1395.600,1395.620,2
SQ:XAUUSD,2019-07-08T16:41:00+02:00,1396.030,1396.030,1396.030,1396.030,1
SQ:XAUUSD,2019-07-08T16:42:00+02:00,1396.220,1396.830,1396.220,1396.830,3
SQ:XAUUSD,2019-07-08T16:43:00+02:00,1396.900,1396.920,1396.800,1396.800,6
SQ:XAUUSD,2019-07-08T16:44:00+02:00,1397.090,1397.090,1396.890,1396.890,2
SQ:XAUUSD,2019-07-08T16:45:00+02:00,1396.620,1396.680,1396.540,1396.680,3
SQ:XAUUSD,2019-07-08T16:46:00+02:00,1396.660,1397.000,1396.660,1397.000,2
SQ:XAUUSD,2019-07-08T16:47:00+02:00,1397.280,1397.280,1396.890,1396.900,5
SQ:XAUUSD,2019-07-08T16:48:00+02:00,1396.800,1396.900,1396.800,1396.900,2
SQ:XAUUSD,2019-07-08T16:49:00+02:00,1396.800,1396.800,1396.380,1396.420,6
SQ:XAUUSD,2019-07-08T16:50:00+02:00,1396.400,1396.410,1396.080,1396.080,3
SQ:XAUUSD,2019-07-08T16:51:00+02:00,1395.800,1396.170,1395.800,1396.170,2
SQ:XAUUSD,2019-07-08T16:52:00+02:00,1396.390,1396.410,1396.330,1396.370,6
SQ:XAUUSD,2019-07-08T16:53:00+02:00,1396.490,1396.510,1396.490,1396.510,2
SQ:XAUUSD,2019-07-08T16:54:00+02:00,1396.580,1396.670,1396.570,1396.670,3
SQ:XAUUSD,2019-07-08T16:55:00+02:00,1396.790,1396.800,1396.780,1396.780,4
SQ:XAUUSD,2019-07-08T16:56:00+02:00,1396.690,1396.690,1396.380,1396.380,6
SQ:XAUUSD,2019-07-08T16:57:00+02:00,1396.110,1396.120,1395.930,1395.930,5
SQ:XAUUSD,2019-07-08T16:58:00+02:00,1395.800,1395.960,1395.800,1395.940,4
SQ:XAUUSD,2019-07-08T16:59:00+02:00,1396.000,1396.550,1396.000,1396.510,3
SQ:XAUUSD,2019-07-08T17:00:00+02:00,1396.360,1396.590,1396.360,1396.590,2
SQ:XAUUSD,2019-07-08T17:01:00+02:00,1396.470,1396.690,1396.470,1396.690,3
SQ:XAUUSD,2019-07-08T17:02:00+02:00,1396.700,1397.000,1396.690,1397.000,4
SQ:XAUUSD,2019-07-08T17:03:00+02:00,1396.970,1397.050,1396.970,1397.050,3
SQ:XAUUSD,2019-07-08T17:04:00+02:00,1396.890,1397.120,1396.890,1397.120,5
SQ:XAUUSD,2019-07-08T17:05:00+02:00,1396.890,1396.920,1396.780,1396.780,4
SQ:XAUUSD,2019-07-08T17:06:00+02:00,1397.170,1398.450,1397.170,1398.430,3
SQ:XAUUSD,2019-07-08T17:07:00+02:00,1398.170,1398.170,1397.990,1397.990,2
SQ:XAUUSD,2019-07-08T17:08:00+02:00,1398.360,1398.360,1397.860,1397.860,2
SQ:XAUUSD,2019-07-08T17:09:00+02:00,1397.970,1397.970,1397.860,1397.860,7
SQ:XAUUSD,2019-07-08T17:10:00+02:00,1397.710,1397.730,1397.710,1397.720,3
SQ:XAUUSD,2019-07-08T17:11:00+02:00,1398.160,1398.600,1398.160,1398.580,6
SQ:XAUUSD,2019-07-08T17:12:00+02:00,1398.550,1398.550,1397.900,1397.900,2
SQ:XAUUSD,2019-07-08T17:13:00+02:00,1397.880,1397.880,1397.830,1397.830,4
SQ:XAUUSD,2019-07-08T17:14:00+02:00,1397.950,1398.260,1397.950,1398.260,2
SQ:XAUUSD,2019-07-08T17:15:00+02:00,1398.160,1398.160,1397.950,1397.950,8
SQ:XAUUSD,2019-07-08T17:16:00+02:00,1397.860,1397.930,1397.650,1397.650,5
SQ:XAUUSD,2019-07-08T17:17:00+02:00,1397.660,1397.730,1397.660,1397.720,3
SQ:XAUUSD,2019-07-08T17:18:00+02:00,1397.890,1397.890,1397.730,1397.740,4
SQ:XAUUSD,2019-07-08T17:19:00+02:00,1397.770,1397.790,1397.770,1397.790,2
SQ:XAUUSD,2019-07-08T17:20:00+02:00,1397.860,1397.860,1397.680,1397.680,4
SQ:XAUUSD,2019-07-08T17:21:00+02:00,1397.680,1397.680,1397.680,1397.680,1
SQ:XAUUSD,2019-07-08T17:22:00+02:00,1396.860,1396.860,1396.780,1396.780,3
SQ:XAUUSD,2019-07-08T17:23:00+02:00,1396.880,1397.060,1396.880,1397.020,3
SQ:XAUUSD,2019-07-08T17:24:00+02:00,1397.050,1397.330,1397.050,1397.330,2
SQ:XAUUSD,2019-07-08T17:25:00+02:00,1397.270,1397.270,1397.270,1397.270,1
SQ:XAUUSD,2019-07-08T17:26:00+02:00,1396.860,1396.860,1396.760,1396.760,2
SQ:XAUUSD,2019-07-08T17:27:00+02:00,1397.010,1397.040,1397.010,1397.040,3
SQ:XAUUSD,2019-07-08T17:28:00+02:00,1397.200,1397.240,1397.150,1397.220,5
SQ:XAUUSD,2019-07-08T17:29:00+02:00,1397.370,1397.460,1397.330,1397.340,13
SQ:XAUUSD,2019-07-08T17:30:00+02:00,1397.360,1397.360,1396.560,1396.560,150
SQ:XAUUSD,2019-07-08T17:31:00+02:00,1396.560,1396.820,1396.520,1396.820,80
SQ:XAUUSD,2019-07-08T17:32:00+02:00,1396.820,1396.980,1396.760,1396.860,84
SQ:XAUUSD,2019-07-08T17:33:00+02:00,1396.860,1396.890,1396.620,1396.660,63
SQ:XAUUSD,2019-07-08T17:34:00+02:00,1396.660,1396.730,1396.260,1396.440,75
SQ:XAUUSD,2019-07-08T17:35:00+02:00,1396.440,1396.550,1396.280,1396.550,79
SQ:XAUUSD,2019-07-08T17:36:00+02:00,1396.550,1396.560,1396.260,1396.460,84
SQ:XAUUSD,2019-07-08T17:37:00+02:00,1396.460,1396.480,1396.150,1396.170,40
SQ:XAUUSD,2019-07-08T17:38:00+02:00,1396.170,1396.590,1396.130,1396.490,94
SQ:XAUUSD,2019-07-08T17:39:00+02:00,1396.520,1396.590,1396.350,1396.580,69
SQ:XAUUSD,2019-07-08T17:40:00+02:00,1396.590,1396.590,1396.370,1396.380,68
SQ:XAUUSD,2019-07-08T17:41:00+02:00,1396.380,1396.790,1396.380,1396.600,62
SQ:XAUUSD,2019-07-08T17:42:00+02:00,1396.600,1396.610,1396.170,1396.230,72
SQ:XAUUSD,2019-07-08T17:43:00+02:00,1396.240,1396.260,1396.060,1396.060,50
SQ:XAUUSD,2019-07-08T17:44:00+02:00,1396.060,1396.060,1395.780,1395.960,133
SQ:XAUUSD,2019-07-08T17:45:00+02:00,1395.960,1396.180,1395.960,1396.060,61
SQ:XAUUSD,2019-07-08T17:46:00+02:00,1396.060,1396.080,1395.670,1395.680,103
SQ:XAUUSD,2019-07-08T17:47:00+02:00,1395.690,1396.060,1395.670,1395.970,83
SQ:XAUUSD,2019-07-08T17:48:00+02:00,1395.970,1395.990,1395.780,1395.950,41
SQ:XAUUSD,2019-07-08T17:49:00+02:00,1395.950,1395.950,1395.030,1395.110,154
SQ:XAUUSD,2019-07-08T17:50:00+02:00,1395.110,1395.210,1394.260,1394.760,231
SQ:XAUUSD,2019-07-08T17:51:00+02:00,1394.760,1394.830,1394.540,1394.650,129
SQ:XAUUSD,2019-07-08T17:52:00+02:00,1394.650,1394.650,1394.310,1394.510,94
SQ:XAUUSD,2019-07-08T17:53:00+02:00,1394.510,1395.200,1394.460,1395.080,131
SQ:XAUUSD,2019-07-08T17:54:00+02:00,1395.080,1395.310,1394.990,1395.200,40
SQ:XAUUSD,2019-07-08T17:55:00+02:00,1395.200,1395.220,1394.980,1395.110,52
SQ:XAUUSD,2019-07-08T17:56:00+02:00,1395.110,1395.230,1394.990,1395.010,37
SQ:XAUUSD,2019-07-08T17:57:00+02:00,1395.010,1395.010,1394.510,1394.600,94
SQ:XAUUSD,2019-07-08T17:58:00+02:00,1394.600,1394.680,1394.200,1394.330,124
SQ:XAUUSD,2019-07-08T17:59:00+02:00,1394.330,1394.780,1394.320,1394.550,109
SQ:XAUUSD,2019-07-08T18:00:00+02:00,1394.550,1394.830,1394.500,1394.620,98
SQ:XAUUSD,2019-07-08T18:01:00+02:00,1394.620,1394.860,1394.610,1394.630,58
SQ:XAUUSD,2019-07-08T18:02:00+02:00,1394.630,1394.740,1394.140,1394.210,80
SQ:XAUUSD,2019-07-08T18:03:00+02:00,1394.210,1394.760,1394.210,1394.650,91
SQ:XAUUSD,2019-07-08T18:04:00+02:00,1394.650,1394.990,1394.650,1394.910,79
SQ:XAUUSD,2019-07-08T18:05:00+02:00,1394.910,1394.910,1394.450,1394.550,69
SQ:XAUUSD,2019-07-08T18:06:00+02:00,1394.540,1394.660,1394.440,1394.540,45
SQ:XAUUSD,2019-07-08T18:07:00+02:00,1394.560,1394.670,1394.440,1394.670,48
SQ:XAUUSD,2019-07-08T18:08:00+02:00,1394.720,1395.270,1394.720,1394.940,76
SQ:XAUUSD,2019-07-08T18:09:00+02:00,1394.960,1395.050,1394.650,1394.650,39
SQ:XAUUSD,2019-07-08T18:10:00+02:00,1394.650,1394.650,1394.230,1394.240,45
SQ:XAUUSD,2019-07-08T18:11:00+02:00,1394.240,1394.620,1394.240,1394.420,82
SQ:XAUUSD,2019-07-08T18:12:00+02:00,1394.440,1394.540,1394.300,1394.480,38
SQ:XAUUSD,2019-07-08T18:13:00+02:00,1394.480,1394.530,1394.020,1394.110,68
SQ:XAUUSD,2019-07-08T18:14:00+02:00,1394.110,1394.350,1393.550,1393.800,129
SQ:XAUUSD,2019-07-08T18:15:00+02:00,1393.730,1394.140,1393.630,1394.100,83
SQ:XAUUSD,2019-07-08T18:16:00+02:00,1394.100,1394.610,1394.010,1394.610,95
SQ:XAUUSD,2019-07-08T18:17:00+02:00,1394.610,1394.640,1394.410,1394.510,48
SQ:XAUUSD,2019-07-08T18:18:00+02:00,1394.510,1394.610,1394.260,1394.410,42
SQ:XAUUSD,2019-07-08T18:19:00+02:00,1394.410,1394.730,1394.300,1394.310,61
SQ:XAUUSD,2019-07-08T18:20:00+02:00,1394.310,1394.520,1394.230,1394.510,50
SQ:XAUUSD,2019-07-08T18:21:00+02:00,1394.510,1394.620,1394.380,1394.510,53
SQ:XAUUSD,2019-07-08T18:22:00+02:00,1394.510,1394.530,1394.060,1394.110,52
SQ:XAUUSD,2019-07-08T18:23:00+02:00,1394.110,1394.550,1393.890,1394.540,82
SQ:XAUUSD,2019-07-08T18:24:00+02:00,1394.520,1394.710,1394.480,1394.700,51
SQ:XAUUSD,2019-07-08T18:25:00+02:00,1394.700,1394.710,1394.490,1394.510,38
SQ:XAUUSD,2019-07-08T18:26:00+02:00,1394.510,1394.610,1394.220,1394.300,30
SQ:XAUUSD,2019-07-08T18:27:00+02:00,1394.300,1394.510,1394.220,1394.510,47
SQ:XAUUSD,2019-07-08T18:28:00+02:00,1394.500,1394.530,1394.320,1394.460,30
SQ:XAUUSD,2019-07-08T18:29:00+02:00,1394.440,1394.510,1394.290,1394.310,35
SQ:XAUUSD,2019-07-08T18:30:00+02:00,1394.330,1394.640,1394.320,1394.540,36
SQ:XAUUSD,2019-07-08T18:31:00+02:00,1394.520,1394.730,1394.520,1394.730,27
SQ:XAUUSD,2019-07-08T18:32:00+02:00,1394.730,1395.050,1394.700,1395.040,51
SQ:XAUUSD,2019-07-08T18:33:00+02:00,1395.040,1395.110,1394.740,1394.820,47
SQ:XAUUSD,2019-07-08T18:34:00+02:00,1394.820,1395.130,1394.630,1394.630,34
SQ:XAUUSD,2019-07-08T18:35:00+02:00,1394.630,1395.040,1394.610,1395.030,47
SQ:XAUUSD,2019-07-08T18:36:00+02:00,1395.040,1395.440,1395.030,1395.440,58
SQ:XAUUSD,2019-07-08T18:37:00+02:00,1395.440,1395.570,1395.280,1395.510,55
SQ:XAUUSD,2019-07-08T18:38:00+02:00,1395.520,1395.660,1395.400,1395.400,58
SQ:XAUUSD,2019-07-08T18:39:00+02:00,1395.400,1395.860,1395.310,1395.820,73
SQ:XAUUSD,2019-07-08T18:40:00+02:00,1395.830,1395.920,1395.700,1395.920,58
SQ:XAUUSD,2019-07-08T18:41:00+02:00,1395.920,1395.990,1395.770,1395.940,36
SQ:XAUUSD,2019-07-08T18:42:00+02:00,1395.980,1396.150,1395.960,1396.150,32
SQ:XAUUSD,2019-07-08T18:43:00+02:00,1396.150,1396.450,1396.070,1396.110,44
SQ:XAUUSD,2019-07-08T18:44:00+02:00,1396.120,1396.240,1396.020,1396.240,59
SQ:XAUUSD,2019-07-08T18:45:00+02:00,1396.240,1396.510,1396.120,1396.400,52
SQ:XAUUSD,2019-07-08T18:46:00+02:00,1396.450,1396.460,1395.970,1396.050,62
SQ:XAUUSD,2019-07-08T18:47:00+02:00,1396.050,1396.350,1396.020,1396.340,26
SQ:XAUUSD,2019-07-08T18:48:00+02:00,1396.340,1396.350,1396.150,1396.320,43
SQ:XAUUSD,2019-07-08T18:49:00+02:00,1396.320,1396.630,1396.320,1396.620,55
SQ:XAUUSD,2019-07-08T18:50:00+02:00,1396.620,1396.640,1396.460,1396.560,36
SQ:XAUUSD,2019-07-08T18:51:00+02:00,1396.560,1396.560,1396.430,1396.560,13
SQ:XAUUSD,2019-07-08T18:52:00+02:00,1396.560,1396.960,1396.460,1396.860,48
SQ:XAUUSD,2019-07-08T18:53:00+02:00,1396.860,1397.050,1396.580,1396.840,49
SQ:XAUUSD,2019-07-08T18:54:00+02:00,1396.840,1396.970,1396.770,1396.940,20
SQ:XAUUSD,2019-07-08T18:55:00+02:00,1396.940,1397.110,1396.680,1396.680,35
SQ:XAUUSD,2019-07-08T18:56:00+02:00,1396.680,1396.710,1396.380,1396.450,75
SQ:XAUUSD,2019-07-08T18:57:00+02:00,1396.430,1396.710,1396.410,1396.540,37
SQ:XAUUSD,2019-07-08T18:58:00+02:00,1396.540,1396.550,1395.920,1395.940,87
SQ:XAUUSD,2019-07-08T18:59:00+02:00,1395.950,1396.760,1395.950,1396.730,90
SQ:XAUUSD,2019-07-08T19:00:00+02:00,1396.730,1396.830,1396.310,1396.350,50
SQ:XAUUSD,2019-07-08T19:01:00+02:00,1396.350,1396.440,1396.260,1396.360,30
SQ:XAUUSD,2019-07-08T19:02:00+02:00,1396.360,1396.360,1396.160,1396.250,53
SQ:XAUUSD,2019-07-08T19:03:00+02:00,1396.260,1396.950,1396.250,1396.940,47
SQ:XAUUSD,2019-07-08T19:04:00+02:00,1396.930,1397.030,1396.430,1396.520,56
SQ:XAUUSD,2019-07-08T19:05:00+02:00,1396.520,1396.550,1396.430,1396.430,20
SQ:XAUUSD,2019-07-08T19:06:00+02:00,1396.430,1396.570,1396.330,1396.450,46
SQ:XAUUSD,2019-07-08T19:07:00+02:00,1396.430,1396.710,1396.400,1396.650,33
SQ:XAUUSD,2019-07-08T19:08:00+02:00,1396.650,1396.910,1396.620,1396.820,34
SQ:XAUUSD,2019-07-08T19:09:00+02:00,1396.820,1396.860,1396.750,1396.770,31
SQ:XAUUSD,2019-07-08T19:10:00+02:00,1396.750,1396.860,1396.450,1396.520,33
SQ:XAUUSD,2019-07-08T19:11:00+02:00,1396.520,1396.640,1396.520,1396.620,27
SQ:XAUUSD,2019-07-08T19:12:00+02:00,1396.640,1396.640,1396.290,1396.350,34
SQ:XAUUSD,2019-07-08T19:13:00+02:00,1396.420,1396.450,1396.240,1396.320,14
SQ:XAUUSD,2019-07-08T19:14:00+02:00,1396.350,1396.420,1396.320,1396.320,38
SQ:XAUUSD,2019-07-08T19:15:00+02:00,1396.320,1396.450,1396.250,1396.340,44
SQ:XAUUSD,2019-07-08T19:16:00+02:00,1396.340,1396.340,1396.000,1396.020,47
SQ:XAUUSD,2019-07-08T19:17:00+02:00,1396.020,1396.050,1395.930,1395.970,68
SQ:XAUUSD,2019-07-08T19:18:00+02:00,1395.970,1396.260,1395.940,1396.260,40
SQ:XAUUSD,2019-07-08T19:19:00+02:00,1396.260,1396.340,1396.240,1396.340,15
SQ:XAUUSD,2019-07-08T19:20:00+02:00,1396.340,1396.340,1396.150,1396.150,26
SQ:XAUUSD,2019-07-08T19:21:00+02:00,1396.150,1396.270,1396.060,1396.270,45
SQ:XAUUSD,2019-07-08T19:22:00+02:00,1396.270,1396.560,1396.260,1396.450,36
SQ:XAUUSD,2019-07-08T19:23:00+02:00,1396.450,1396.450,1396.350,1396.360,21
SQ:XAUUSD,2019-07-08T19:24:00+02:00,1396.360,1396.540,1396.120,1396.130,48
SQ:XAUUSD,2019-07-08T19:25:00+02:00,1396.150,1396.630,1396.110,1396.630,46
SQ:XAUUSD,2019-07-08T19:26:00+02:00,1396.630,1397.130,1396.630,1397.130,38
SQ:XAUUSD,2019-07-08T19:27:00+02:00,1397.130,1397.540,1397.050,1397.380,133
SQ:XAUUSD,2019-07-08T19:28:00+02:00,1397.380,1397.840,1397.370,1397.540,74
SQ:XAUUSD,2019-07-08T19:29:00+02:00,1397.540,1397.840,1397.440,1397.840,107
SQ:XAUUSD,2019-07-08T19:30:00+02:00,1397.840,1397.950,1397.540,1397.550,60
SQ:XAUUSD,2019-07-08T19:31:00+02:00,1397.550,1397.550,1397.440,1397.540,27
SQ:XAUUSD,2019-07-08T19:32:00+02:00,1397.540,1397.640,1397.480,1397.640,18
SQ:XAUUSD,2019-07-08T19:33:00+02:00,1397.640,1398.440,1397.640,1398.090,100
SQ:XAUUSD,2019-07-08T19:34:00+02:00,1398.090,1398.670,1398.050,1398.120,51
SQ:XAUUSD,2019-07-08T19:35:00+02:00,1398.120,1398.150,1397.170,1397.300,76
SQ:XAUUSD,2019-07-08T19:36:00+02:00,1397.300,1397.790,1397.070,1397.480,65
SQ:XAUUSD,2019-07-08T19:37:00+02:00,1397.480,1397.520,1396.870,1396.880,72
SQ:XAUUSD,2019-07-08T19:38:00+02:00,1396.880,1397.160,1396.700,1397.020,46
SQ:XAUUSD,2019-07-08T19:39:00+02:00,1397.020,1397.060,1396.930,1396.930,14
SQ:XAUUSD,2019-07-08T19:40:00+02:00,1396.930,1397.150,1396.930,1397.020,50
SQ:XAUUSD,2019-07-08T19:41:00+02:00,1397.020,1397.050,1396.530,1396.610,65
SQ:XAUUSD,2019-07-08T19:42:00+02:00,1396.610,1396.860,1396.540,1396.810,36
SQ:XAUUSD,2019-07-08T19:43:00+02:00,1396.820,1396.920,1396.100,1396.340,128
SQ:XAUUSD,2019-07-08T19:44:00+02:00,1396.350,1396.540,1396.250,1396.430,82
SQ:XAUUSD,2019-07-08T19:45:00+02:00,1396.430,1396.450,1396.230,1396.330,55
SQ:XAUUSD,2019-07-08T19:46:00+02:00,1396.330,1396.570,1396.160,1396.370,49
SQ:XAUUSD,2019-07-08T19:47:00+02:00,1396.370,1396.570,1396.170,1396.550,49
SQ:XAUUSD,2019-07-08T19:48:00+02:00,1396.570,1396.600,1396.250,1396.340,53
SQ:XAUUSD,2019-07-08T19:49:00+02:00,1396.370,1396.480,1396.150,1396.280,72
SQ:XAUUSD,2019-07-08T19:50:00+02:00,1396.280,1396.770,1396.280,1396.630,62
SQ:XAUUSD,2019-07-08T19:51:00+02:00,1396.630,1396.650,1396.440,1396.580,40
SQ:XAUUSD,2019-07-08T19:52:00+02:00,1396.590,1396.680,1396.440,1396.440,25
SQ:XAUUSD,2019-07-08T19:53:00+02:00,1396.440,1396.460,1396.330,1396.390,39
SQ:XAUUSD,2019-07-08T19:54:00+02:00,1396.390,1396.470,1396.350,1396.360,23
SQ:XAUUSD,2019-07-08T19:55:00+02:00,1396.360,1396.570,1396.340,1396.550,19
SQ:XAUUSD,2019-07-08T19:56:00+02:00,1396.550,1396.590,1396.470,1396.570,11
SQ:XAUUSD,2019-07-08T19:57:00+02:00,1396.570,1396.570,1396.370,1396.470,20
SQ:XAUUSD,2019-07-08T19:58:00+02:00,1396.470,1396.570,1396.440,1396.470,35
SQ:XAUUSD,2019-07-08T19:59:00+02:00,1396.470,1396.490,1396.170,1396.280,32
SQ:XAUUSD,2019-07-08T20:00:00+02:00,1396.280,1396.470,1396.170,1396.270,41
SQ:XAUUSD,2019-07-08T20:01:00+02:00,1396.270,1396.290,1396.270,1396.270,3
SQ:XAUUSD,2019-07-08T20:02:00+02:00,1396.270,1396.370,1396.250,1396.270,30
SQ:XAUUSD,2019-07-08T20:03:00+02:00,1396.270,1396.460,1396.270,1396.330,34
SQ:XAUUSD,2019-07-08T20:04:00+02:00,1396.330,1396.350,1396.250,1396.250,8
SQ:XAUUSD,2019-07-08T20:05:00+02:00,1396.250,1396.310,1396.200,1396.310,18
SQ:XAUUSD,2019-07-08T20:06:00+02:00,1396.280,1396.420,1396.240,1396.380,40
SQ:XAUUSD,2019-07-08T20:07:00+02:00,1396.370,1396.490,1396.340,1396.350,18
SQ:XAUUSD,2019-07-08T20:08:00+02:00,1396.340,1396.340,1396.280,1396.280,4
SQ:XAUUSD,2019-07-08T20:09:00+02:00,1396.280,1396.500,1395.980,1396.480,51
SQ:XAUUSD,2019-07-08T20:10:00+02:00,1396.470,1396.470,1396.320,1396.330,23
SQ:XAUUSD,2019-07-08T20:11:00+02:00,1396.320,1396.330,1396.130,1396.240,22
SQ:XAUUSD,2019-07-08T20:12:00+02:00,1396.250,1396.300,1396.070,1396.090,27
SQ:XAUUSD,2019-07-08T20:13:00+02:00,1396.090,1396.150,1396.040,1396.050,31
SQ:XAUUSD,2019-07-08T20:14:00+02:00,1396.050,1396.160,1395.400,1395.650,73
SQ:XAUUSD,2019-07-08T20:15:00+02:00,1395.650,1395.940,1395.610,1395.940,50
SQ:XAUUSD,2019-07-08T20:16:00+02:00,1395.940,1396.020,1395.870,1395.960,32
SQ:XAUUSD,2019-07-08T20:17:00+02:00,1395.960,1395.970,1395.770,1395.970,18
SQ:XAUUSD,2019-07-08T20:18:00+02:00,1395.970,1395.980,1395.860,1395.960,25
SQ:XAUUSD,2019-07-08T20:19:00+02:00,1395.960,1396.040,1395.960,1395.970,20
SQ:XAUUSD,2019-07-08T20:20:00+02:00,1395.970,1395.990,1395.960,1395.960,8
SQ:XAUUSD,2019-07-08T20:21:00+02:00,1395.960,1396.190,1395.960,1396.160,15
SQ:XAUUSD,2019-07-08T20:22:00+02:00,1396.180,1396.180,1395.870,1395.870,18
SQ:XAUUSD,2019-07-08T20:23:00+02:00,1395.870,1395.870,1395.810,1395.850,12
SQ:XAUUSD,2019-07-08T20:24:00+02:00,1395.850,1396.270,1395.850,1396.070,31
SQ:XAUUSD,2019-07-08T20:25:00+02:00,1396.070,1396.190,1396.000,1396.160,47
SQ:XAUUSD,2019-07-08T20:26:00+02:00,1396.160,1396.220,1396.010,1396.050,44
SQ:XAUUSD,2019-07-08T20:27:00+02:00,1396.050,1396.780,1396.050,1396.630,50
SQ:XAUUSD,2019-07-08T20:28:00+02:00,1396.630,1396.710,1396.630,1396.690,26
SQ:XAUUSD,2019-07-08T20:29:00+02:00,1396.700,1396.770,1396.650,1396.760,35
SQ:XAUUSD,2019-07-08T20:30:00+02:00,1396.760,1396.910,1396.650,1396.660,49
SQ:XAUUSD,2019-07-08T20:31:00+02:00,1396.670,1396.740,1396.540,1396.580,32
SQ:XAUUSD,2019-07-08T20:32:00+02:00,1396.580,1396.680,1396.490,1396.560,20
SQ:XAUUSD,2019-07-08T20:33:00+02:00,1396.560,1396.700,1396.510,1396.560,48
SQ:XAUUSD,2019-07-08T20:34:00+02:00,1396.560,1396.680,1396.550,1396.680,19
SQ:XAUUSD,2019-07-08T20:35:00+02:00,1396.680,1397.140,1396.680,1397.140,19
SQ:XAUUSD,2019-07-08T20:36:00+02:00,1397.140,1397.520,1397.130,1397.520,32
SQ:XAUUSD,2019-07-08T20:37:00+02:00,1397.520,1397.520,1397.160,1397.210,18
SQ:XAUUSD,2019-07-08T20:38:00+02:00,1397.220,1397.250,1397.000,1397.120,24
SQ:XAUUSD,2019-07-08T20:39:00+02:00,1397.120,1397.500,1397.120,1397.410,31
SQ:XAUUSD,2019-07-08T20:40:00+02:00,1397.410,1397.450,1397.370,1397.410,15
SQ:XAUUSD,2019-07-08T20:41:00+02:00,1397.410,1397.470,1397.400,1397.420,8
SQ:XAUUSD,2019-07-08T20:42:00+02:00,1397.420,1397.450,1397.390,1397.390,13
SQ:XAUUSD,2019-07-08T20:43:00+02:00,1397.390,1397.410,1397.280,1397.290,10
SQ:XAUUSD,2019-07-08T20:44:00+02:00,1397.290,1397.430,1397.270,1397.270,11
SQ:XAUUSD,2019-07-08T20:45:00+02:00,1397.270,1397.280,1397.260,1397.260,3
SQ:XAUUSD,2019-07-08T20:46:00+02:00,1397.260,1397.390,1397.260,1397.370,15
SQ:XAUUSD,2019-07-08T20:47:00+02:00,1397.370,1397.370,1397.270,1397.360,13
SQ:XAUUSD,2019-07-08T20:48:00+02:00,1397.340,1397.340,1396.960,1397.190,30
SQ:XAUUSD,2019-07-08T20:49:00+02:00,1397.190,1397.400,1397.050,1397.380,58
SQ:XAUUSD,2019-07-08T20:50:00+02:00,1397.380,1397.380,1397.190,1397.250,36
SQ:XAUUSD,2019-07-08T20:51:00+02:00,1397.250,1397.280,1397.060,1397.270,43
SQ:XAUUSD,2019-07-08T20:52:00+02:00,1397.270,1397.270,1397.150,1397.190,23
SQ:XAUUSD,2019-07-08T20:53:00+02:00,1397.170,1397.260,1397.090,1397.190,35
SQ:XAUUSD,2019-07-08T20:54:00+02:00,1397.190,1397.190,1397.080,1397.160,21
SQ:XAUUSD,2019-07-08T20:55:00+02:00,1397.160,1397.160,1397.010,1397.010,17
SQ:XAUUSD,2019-07-08T20:56:00+02:00,1397.010,1397.050,1396.930,1396.990,24
SQ:XAUUSD,2019-07-08T20:57:00+02:00,1396.970,1397.130,1396.580,1397.040,40
SQ:XAUUSD,2019-07-08T20:58:00+02:00,1397.040,1397.350,1397.040,1397.350,26
SQ:XAUUSD,2019-07-08T20:59:00+02:00,1397.350,1397.440,1397.010,1397.030,21
SQ:XAUUSD,2019-07-08T21:00:00+02:00,1397.030,1397.030,1396.730,1396.930,29
SQ:XAUUSD,2019-07-08T21:01:00+02:00,1396.930,1397.130,1396.830,1397.040,22
SQ:XAUUSD,2019-07-08T21:02:00+02:00,1397.040,1397.130,1396.860,1396.860,29
SQ:XAUUSD,2019-07-08T21:03:00+02:00,1396.840,1396.850,1395.720,1395.940,101
SQ:XAUUSD,2019-07-08T21:04:00+02:00,1395.950,1395.980,1395.720,1395.830,58
SQ:XAUUSD,2019-07-08T21:05:00+02:00,1395.830,1395.830,1395.140,1395.260,83
SQ:XAUUSD,2019-07-08T21:06:00+02:00,1395.240,1395.240,1395.030,1395.150,30
SQ:XAUUSD,2019-07-08T21:07:00+02:00,1395.150,1395.330,1395.030,1395.130,31
SQ:XAUUSD,2019-07-08T21:08:00+02:00,1395.130,1395.240,1394.630,1394.860,74
SQ:XAUUSD,2019-07-08T21:09:00+02:00,1394.850,1394.950,1394.750,1394.850,49
SQ:XAUUSD,2019-07-08T21:10:00+02:00,1394.850,1394.870,1394.640,1394.870,53
SQ:XAUUSD,2019-07-08T21:11:00+02:00,1394.840,1395.220,1394.840,1395.150,41
SQ:XAUUSD,2019-07-08T21:12:00+02:00,1395.150,1395.500,1395.040,1395.440,78
SQ:XAUUSD,2019-07-08T21:13:00+02:00,1395.460,1395.460,1395.160,1395.160,62
SQ:XAUUSD,2019-07-08T21:14:00+02:00,1395.140,1395.270,1394.890,1394.910,46
SQ:XAUUSD,2019-07-08T21:15:00+02:00,1394.930,1395.070,1394.840,1394.990,64
SQ:XAUUSD,2019-07-08T21:16:00+02:00,1395.040,1395.230,1394.880,1395.230,72
SQ:XAUUSD,2019-07-08T21:17:00+02:00,1395.240,1395.260,1395.060,1395.150,52
SQ:XAUUSD,2019-07-08T21:18:00+02:00,1395.150,1395.440,1395.140,1395.180,40
SQ:XAUUSD,2019-07-08T21:19:00+02:00,1395.250,1395.320,1395.140,1395.160,22
SQ:XAUUSD,2019-07-08T21:20:00+02:00,1395.180,1395.450,1395.130,1395.320,52
SQ:XAUUSD,2019-07-08T21:21:00+02:00,1395.320,1395.430,1395.290,1395.320,30
SQ:XAUUSD,2019-07-08T21:22:00+02:00,1395.320,1395.380,1395.240,1395.360,31
SQ:XAUUSD,2019-07-08T21:23:00+02:00,1395.360,1395.390,1395.140,1395.140,29
SQ:XAUUSD,2019-07-08T21:24:00+02:00,1395.140,1395.180,1395.030,1395.030,30
SQ:XAUUSD,2019-07-08T21:25:00+02:00,1395.030,1395.220,1395.030,1395.040,24
SQ:XAUUSD,2019-07-08T21:26:00+02:00,1395.040,1395.040,1394.750,1394.750,47
SQ:XAUUSD,2019-07-08T21:27:00+02:00,1394.750,1394.750,1394.590,1394.610,47
SQ:XAUUSD,2019-07-08T21:28:00+02:00,1394.630,1395.040,1394.630,1394.930,52
SQ:XAUUSD,2019-07-08T21:29:00+02:00,1394.920,1394.920,1394.540,1394.640,53
SQ:XAUUSD,2019-07-08T21:30:00+02:00,1394.620,1394.760,1394.520,1394.530,54
SQ:XAUUSD,2019-07-08T21:31:00+02:00,1394.520,1394.640,1394.430,1394.510,53
SQ:XAUUSD,2019-07-08T21:32:00+02:00,1394.510,1394.550,1394.430,1394.440,36
SQ:XAUUSD,2019-07-08T21:33:00+02:00,1394.460,1394.560,1394.430,1394.430,26
SQ:XAUUSD,2019-07-08T21:34:00+02:00,1394.450,1394.650,1394.420,1394.550,35
SQ:XAUUSD,2019-07-08T21:35:00+02:00,1394.580,1394.660,1394.510,1394.640,45
SQ:XAUUSD,2019-07-08T21:36:00+02:00,1394.640,1394.720,1394.610,1394.620,27
SQ:XAUUSD,2019-07-08T21:37:00+02:00,1394.640,1394.920,1394.620,1394.820,34
SQ:XAUUSD,2019-07-08T21:38:00+02:00,1394.820,1394.950,1394.820,1394.940,20
SQ:XAUUSD,2019-07-08T21:39:00+02:00,1394.940,1395.000,1394.720,1394.720,52
SQ:XAUUSD,2019-07-08T21:40:00+02:00,1394.730,1394.790,1394.630,1394.670,43
SQ:XAUUSD,2019-07-08T21:41:00+02:00,1394.670,1394.740,1394.610,1394.740,23
SQ:XAUUSD,2019-07-08T21:42:00+02:00,1394.740,1394.750,1394.620,1394.740,22
SQ:XAUUSD,2019-07-08T21:43:00+02:00,1394.740,1394.820,1394.720,1394.720,21
SQ:XAUUSD,2019-07-08T21:44:00+02:00,1394.720,1394.730,1394.600,1394.610,12
SQ:XAUUSD,2019-07-08T21:45:00+02:00,1394.610,1394.650,1394.600,1394.600,33
SQ:XAUUSD,2019-07-08T21:46:00+02:00,1394.610,1394.650,1394.210,1394.280,92
SQ:XAUUSD,2019-07-08T21:47:00+02:00,1394.300,1394.310,1393.920,1394.050,39
SQ:XAUUSD,2019-07-08T21:48:00+02:00,1394.050,1394.050,1393.790,1393.810,85
SQ:XAUUSD,2019-07-08T21:49:00+02:00,1393.810,1393.850,1393.300,1393.410,139
SQ:XAUUSD,2019-07-08T21:50:00+02:00,1393.410,1393.750,1393.410,1393.630,55
SQ:XAUUSD,2019-07-08T21:51:00+02:00,1393.650,1393.730,1393.590,1393.710,42
SQ:XAUUSD,2019-07-08T21:52:00+02:00,1393.710,1393.760,1393.580,1393.590,60
SQ:XAUUSD,2019-07-08T21:53:00+02:00,1393.590,1393.620,1393.220,1393.230,55
SQ:XAUUSD,2019-07-08T21:54:00+02:00,1393.260,1393.450,1393.190,1393.240,77
SQ:XAUUSD,2019-07-08T21:55:00+02:00,1393.350,1393.420,1393.190,1393.230,72
SQ:XAUUSD,2019-07-08T21:56:00+02:00,1393.230,1393.230,1392.600,1392.600,67
SQ:XAUUSD,2019-07-08T21:57:00+02:00,1392.620,1392.640,1392.160,1392.240,103
SQ:XAUUSD,2019-07-08T21:58:00+02:00,1392.250,1392.450,1392.150,1392.270,87
SQ:XAUUSD,2019-07-08T21:59:00+02:00,1392.270,1392.270,1391.510,1391.610,166
SQ:XAUUSD,2019-07-08T22:00:00+02:00,1391.640,1392.180,1391.640,1392.070,99
SQ:XAUUSD,2019-07-08T22:01:00+02:00,1392.070,1392.610,1392.030,1392.520,58
SQ:XAUUSD,2019-07-08T22:02:00+02:00,1392.520,1392.540,1392.120,1392.220,73
SQ:XAUUSD,2019-07-08T22:03:00+02:00,1392.250,1392.550,1392.220,1392.430,33
SQ:XAUUSD,2019-07-08T22:04:00+02:00,1392.430,1392.670,1392.430,1392.640,27
SQ:XAUUSD,2019-07-08T22:05:00+02:00,1392.650,1392.770,1392.630,1392.680,46
SQ:XAUUSD,2019-07-08T22:06:00+02:00,1392.650,1392.650,1392.320,1392.540,44
SQ:XAUUSD,2019-07-08T22:07:00+02:00,1392.560,1392.660,1392.380,1392.380,39
SQ:XAUUSD,2019-07-08T22:08:00+02:00,1392.380,1392.580,1392.370,1392.520,21
SQ:XAUUSD,2019-07-08T22:09:00+02:00,1392.520,1392.590,1392.470,1392.560,12
SQ:XAUUSD,2019-07-08T22:10:00+02:00,1392.560,1392.940,1392.560,1392.850,43
SQ:XAUUSD,2019-07-08T22:11:00+02:00,1392.850,1392.980,1392.820,1392.900,53
SQ:XAUUSD,2019-07-08T22:12:00+02:00,1392.900,1393.130,1392.720,1393.110,50
SQ:XAUUSD,2019-07-08T22:13:00+02:00,1393.070,1393.270,1392.980,1393.270,25
SQ:XAUUSD,2019-07-08T22:14:00+02:00,1393.270,1393.380,1393.150,1393.220,38
SQ:XAUUSD,2019-07-08T22:15:00+02:00,1393.220,1393.220,1392.990,1393.020,21
SQ:XAUUSD,2019-07-08T22:16:00+02:00,1393.020,1393.120,1392.980,1393.120,9
SQ:XAUUSD,2019-07-08T22:17:00+02:00,1393.120,1393.310,1393.050,1393.230,16
SQ:XAUUSD,2019-07-08T22:18:00+02:00,1393.230,1393.420,1393.230,1393.320,11
SQ:XAUUSD,2019-07-08T22:19:00+02:00,1393.420,1393.620,1393.420,1393.520,21
SQ:XAUUSD,2019-07-08T22:20:00+02:00,1393.540,1393.620,1393.490,1393.620,6
SQ:XAUUSD,2019-07-08T22:21:00+02:00,1393.620,1393.740,1393.540,1393.740,13
SQ:XAUUSD,2019-07-08T22:22:00+02:00,1393.740,1394.020,1393.520,1394.020,49
SQ:XAUUSD,2019-07-08T22:23:00+02:00,1394.020,1394.020,1393.820,1393.920,11
SQ:XAUUSD,2019-07-08T22:24:00+02:00,1393.920,1393.930,1393.830,1393.830,10
SQ:XAUUSD,2019-07-08T22:25:00+02:00,1393.820,1393.930,1393.620,1393.930,31
SQ:XAUUSD,2019-07-08T22:26:00+02:00,1393.930,1394.020,1393.730,1393.790,24
SQ:XAUUSD,2019-07-08T22:27:00+02:00,1393.800,1393.940,1393.800,1393.910,12
SQ:XAUUSD,2019-07-08T22:28:00+02:00,1393.920,1394.540,1393.880,1394.530,26
SQ:XAUUSD,2019-07-08T22:29:00+02:00,1394.550,1394.550,1394.440,1394.460,21
SQ:XAUUSD,2019-07-08T22:30:00+02:00,1394.460,1394.720,1394.420,1394.720,34
SQ:XAUUSD,2019-07-08T22:31:00+02:00,1394.720,1394.820,1394.560,1394.820,19
SQ:XAUUSD,2019-07-08T22:32:00+02:00,1394.820,1394.950,1394.740,1394.950,29
SQ:XAUUSD,2019-07-08T22:33:00+02:00,1394.950,1395.250,1394.950,1395.030,25
SQ:XAUUSD,2019-07-08T22:34:00+02:00,1395.030,1395.220,1395.020,1395.120,28
SQ:XAUUSD,2019-07-08T22:35:00+02:00,1395.120,1395.120,1394.920,1395.020,22
SQ:XAUUSD,2019-07-08T22:36:00+02:00,1395.020,1395.040,1395.020,1395.020,3
SQ:XAUUSD,2019-07-08T22:37:00+02:00,1395.080,1395.130,1394.920,1394.920,20
SQ:XAUUSD,2019-07-08T22:38:00+02:00,1394.920,1395.120,1394.920,1395.120,8
SQ:XAUUSD,2019-07-08T22:39:00+02:00,1395.120,1395.160,1395.120,1395.120,21
SQ:XAUUSD,2019-07-08T22:40:00+02:00,1395.120,1395.150,1395.040,1395.130,23
SQ:XAUUSD,2019-07-08T22:41:00+02:00,1395.130,1395.150,1395.040,1395.140,21
SQ:XAUUSD,2019-07-08T22:42:00+02:00,1395.120,1395.220,1395.120,1395.220,6
SQ:XAUUSD,2019-07-08T22:43:00+02:00,1395.220,1395.220,1395.020,1395.070,18
SQ:XAUUSD,2019-07-08T22:44:00+02:00,1395.040,1395.130,1395.030,1395.040,14
SQ:XAUUSD,2019-07-08T22:45:00+02:00,1395.040,1395.070,1394.920,1394.920,12
SQ:XAUUSD,2019-07-08T22:46:00+02:00,1394.920,1395.040,1394.830,1395.040,10
SQ:XAUUSD,2019-07-08T22:47:00+02:00,1395.040,1395.040,1394.950,1394.950,3
SQ:XAUUSD,2019-07-08T22:48:00+02:00,1394.950,1394.960,1394.920,1394.930,9
SQ:XAUUSD,2019-07-08T22:49:00+02:00,1394.930,1395.240,1394.920,1395.220,13
SQ:XAUUSD,2019-07-08T22:50:00+02:00,1395.220,1395.320,1395.220,1395.220,22
SQ:XAUUSD,2019-07-08T22:51:00+02:00,1395.220,1395.250,1395.220,1395.220,7
SQ:XAUUSD,2019-07-08T22:52:00+02:00,1395.220,1395.520,1395.120,1395.420,32
SQ:XAUUSD,2019-07-08T22:53:00+02:00,1395.420,1395.420,1395.230,1395.230,5
SQ:XAUUSD,2019-07-08T22:54:00+02:00,1395.220,1395.220,1395.120,1395.120,5
SQ:XAUUSD,2019-07-08T22:55:00+02:00,1395.120,1395.170,1395.050,1395.150,18
SQ:XAUUSD,2019-07-08T22:56:00+02:00,1395.170,1395.230,1395.150,1395.230,11
SQ:XAUUSD,2019-07-08T22:57:00+02:00,1395.210,1395.250,1395.120,1395.220,18
