SQ:XPTUSD,2018-07-09T00:01:00+02:00,842.370,844.330,842.370,844.330,37
SQ:XPTUSD,2018-07-09T00:02:00+02:00,844.280,844.490,843.150,843.150,46
SQ:XPTUSD,2018-07-09T00:03:00+02:00,843.150,843.160,842.760,842.890,15
SQ:XPTUSD,2018-07-09T00:04:00+02:00,842.890,843.400,842.890,843.390,4
SQ:XPTUSD,2018-07-09T00:05:00+02:00,843.400,843.490,843.400,843.490,7
SQ:XPTUSD,2018-07-09T00:06:00+02:00,843.480,843.480,842.900,842.920,14
SQ:XPTUSD,2018-07-09T00:07:00+02:00,842.940,842.940,842.940,842.940,1
SQ:XPTUSD,2018-07-09T00:08:00+02:00,843.470,843.490,843.460,843.470,5
SQ:XPTUSD,2018-07-09T00:10:00+02:00,843.460,843.490,843.460,843.490,2
SQ:XPTUSD,2018-07-09T00:12:00+02:00,843.570,843.700,843.570,843.690,4
SQ:XPTUSD,2018-07-09T00:13:00+02:00,843.700,843.700,843.320,843.330,5
SQ:XPTUSD,2018-07-09T00:15:00+02:00,843.330,843.420,843.330,843.420,4
SQ:XPTUSD,2018-07-09T00:16:00+02:00,843.400,843.420,843.390,843.420,3
SQ:XPTUSD,2018-07-09T00:17:00+02:00,843.410,844.130,843.410,844.130,12
SQ:XPTUSD,2018-07-09T00:18:00+02:00,844.120,844.910,844.120,844.910,25
SQ:XPTUSD,2018-07-09T00:19:00+02:00,844.870,845.160,844.870,845.130,11
SQ:XPTUSD,2018-07-09T00:20:00+02:00,845.120,845.250,845.070,845.250,6
SQ:XPTUSD,2018-07-09T00:21:00+02:00,845.240,845.240,845.230,845.230,2
SQ:XPTUSD,2018-07-09T00:22:00+02:00,845.230,845.250,845.230,845.240,5
SQ:XPTUSD,2018-07-09T00:23:00+02:00,845.250,845.260,845.250,845.260,3
SQ:XPTUSD,2018-07-09T00:25:00+02:00,845.220,845.220,845.200,845.200,2
SQ:XPTUSD,2018-07-09T00:26:00+02:00,845.210,845.210,844.790,844.850,7
SQ:XPTUSD,2018-07-09T00:27:00+02:00,844.850,844.850,844.850,844.850,1
SQ:XPTUSD,2018-07-09T00:28:00+02:00,844.860,844.860,844.750,844.750,3
SQ:XPTUSD,2018-07-09T00:30:00+02:00,844.800,844.800,844.750,844.750,2
SQ:XPTUSD,2018-07-09T00:31:00+02:00,844.760,844.760,844.760,844.760,1
SQ:XPTUSD,2018-07-09T00:32:00+02:00,844.770,844.830,844.770,844.830,2
SQ:XPTUSD,2018-07-09T00:33:00+02:00,844.810,844.810,844.810,844.810,1
SQ:XPTUSD,2018-07-09T00:35:00+02:00,843.690,843.690,843.690,843.690,1
SQ:XPTUSD,2018-07-09T00:39:00+02:00,843.350,843.370,843.350,843.370,2
SQ:XPTUSD,2018-07-09T00:43:00+02:00,844.800,844.800,844.330,844.330,5
SQ:XPTUSD,2018-07-09T00:44:00+02:00,844.260,844.260,844.260,844.260,1
SQ:XPTUSD,2018-07-09T00:45:00+02:00,844.260,844.260,844.260,844.260,1
SQ:XPTUSD,2018-07-09T00:46:00+02:00,842.990,842.990,842.990,842.990,1
SQ:XPTUSD,2018-07-09T00:48:00+02:00,844.300,844.370,844.300,844.370,2
SQ:XPTUSD,2018-07-09T00:49:00+02:00,844.360,844.360,844.360,844.360,1
SQ:XPTUSD,2018-07-09T00:51:00+02:00,844.480,844.480,844.470,844.470,2
SQ:XPTUSD,2018-07-09T00:53:00+02:00,844.580,844.620,844.580,844.620,2
SQ:XPTUSD,2018-07-09T00:54:00+02:00,844.680,844.810,844.680,844.810,2
SQ:XPTUSD,2018-07-09T00:55:00+02:00,844.820,844.820,844.820,844.820,1
SQ:XPTUSD,2018-07-09T00:58:00+02:00,843.690,843.690,843.690,843.690,1
SQ:XPTUSD,2018-07-09T01:04:00+02:00,843.320,844.820,843.320,844.800,4
SQ:XPTUSD,2018-07-09T01:06:00+02:00,844.800,844.810,844.790,844.810,4
SQ:XPTUSD,2018-07-09T01:07:00+02:00,844.800,844.800,844.800,844.800,1
SQ:XPTUSD,2018-07-09T01:09:00+02:00,844.860,844.860,844.860,844.860,1
SQ:XPTUSD,2018-07-09T01:10:00+02:00,844.830,844.880,844.790,844.800,4
SQ:XPTUSD,2018-07-09T01:11:00+02:00,844.860,844.860,844.860,844.860,1
SQ:XPTUSD,2018-07-09T01:13:00+02:00,844.880,844.880,844.810,844.810,6
SQ:XPTUSD,2018-07-09T01:14:00+02:00,844.820,844.870,844.820,844.870,3
SQ:XPTUSD,2018-07-09T01:15:00+02:00,844.810,844.810,844.810,844.810,1
SQ:XPTUSD,2018-07-09T01:16:00+02:00,844.820,844.820,844.810,844.820,3
SQ:XPTUSD,2018-07-09T01:17:00+02:00,844.840,844.840,844.840,844.840,1
SQ:XPTUSD,2018-07-09T01:18:00+02:00,845.020,845.160,845.010,845.160,5
SQ:XPTUSD,2018-07-09T01:19:00+02:00,845.140,845.140,844.980,844.980,2
SQ:XPTUSD,2018-07-09T01:20:00+02:00,845.010,845.010,845.010,845.010,1
SQ:XPTUSD,2018-07-09T01:22:00+02:00,844.960,844.960,844.800,844.800,4
SQ:XPTUSD,2018-07-09T01:23:00+02:00,844.790,844.790,844.580,844.580,3
SQ:XPTUSD,2018-07-09T01:24:00+02:00,844.530,844.530,844.530,844.530,1
SQ:XPTUSD,2018-07-09T01:26:00+02:00,844.520,844.530,844.520,844.530,2
SQ:XPTUSD,2018-07-09T01:30:00+02:00,844.600,844.600,844.460,844.460,2
SQ:XPTUSD,2018-07-09T01:31:00+02:00,844.510,844.510,844.310,844.310,8
SQ:XPTUSD,2018-07-09T01:32:00+02:00,844.320,844.370,844.220,844.370,4
SQ:XPTUSD,2018-07-09T01:33:00+02:00,844.380,844.380,844.370,844.370,2
SQ:XPTUSD,2018-07-09T01:34:00+02:00,844.420,844.420,844.410,844.410,2
SQ:XPTUSD,2018-07-09T01:38:00+02:00,844.380,844.380,844.380,844.380,1
SQ:XPTUSD,2018-07-09T01:39:00+02:00,844.310,844.390,844.310,844.390,3
SQ:XPTUSD,2018-07-09T01:40:00+02:00,844.370,844.380,844.370,844.380,2
SQ:XPTUSD,2018-07-09T01:41:00+02:00,844.370,844.380,844.370,844.380,2
SQ:XPTUSD,2018-07-09T01:42:00+02:00,844.360,844.360,844.360,844.360,1
SQ:XPTUSD,2018-07-09T01:43:00+02:00,844.390,844.390,844.390,844.390,1
SQ:XPTUSD,2018-07-09T01:44:00+02:00,844.390,844.990,844.390,844.990,13
SQ:XPTUSD,2018-07-09T01:45:00+02:00,845.010,845.190,845.000,845.000,14
SQ:XPTUSD,2018-07-09T01:46:00+02:00,844.920,845.220,844.840,845.220,11
SQ:XPTUSD,2018-07-09T01:47:00+02:00,845.220,845.340,845.210,845.250,6
SQ:XPTUSD,2018-07-09T01:48:00+02:00,845.240,845.240,845.130,845.130,5
SQ:XPTUSD,2018-07-09T01:50:00+02:00,845.160,845.160,845.160,845.160,1
SQ:XPTUSD,2018-07-09T01:51:00+02:00,845.170,845.170,845.160,845.160,3
SQ:XPTUSD,2018-07-09T01:52:00+02:00,845.140,845.270,845.140,845.270,4
SQ:XPTUSD,2018-07-09T01:53:00+02:00,845.210,845.210,845.200,845.200,2
SQ:XPTUSD,2018-07-09T01:54:00+02:00,845.130,845.170,845.030,845.040,5
SQ:XPTUSD,2018-07-09T01:55:00+02:00,844.910,845.130,844.910,845.110,8
SQ:XPTUSD,2018-07-09T01:56:00+02:00,845.090,845.170,845.040,845.170,7
SQ:XPTUSD,2018-07-09T01:57:00+02:00,845.140,845.150,845.140,845.140,5
SQ:XPTUSD,2018-07-09T01:58:00+02:00,845.150,845.150,845.140,845.140,4
SQ:XPTUSD,2018-07-09T01:59:00+02:00,845.170,845.170,845.140,845.140,3
SQ:XPTUSD,2018-07-09T02:00:00+02:00,845.030,845.060,844.960,844.960,13
SQ:XPTUSD,2018-07-09T02:01:00+02:00,844.930,845.000,844.810,845.000,11
SQ:XPTUSD,2018-07-09T02:02:00+02:00,844.980,844.980,844.970,844.970,2
SQ:XPTUSD,2018-07-09T02:03:00+02:00,845.000,845.180,845.000,845.180,7
SQ:XPTUSD,2018-07-09T02:04:00+02:00,845.190,845.190,845.050,845.050,10
SQ:XPTUSD,2018-07-09T02:05:00+02:00,845.040,845.040,844.980,844.990,8
SQ:XPTUSD,2018-07-09T02:06:00+02:00,844.990,844.990,844.970,844.980,5
SQ:XPTUSD,2018-07-09T02:07:00+02:00,844.800,844.850,844.800,844.840,14
SQ:XPTUSD,2018-07-09T02:08:00+02:00,844.800,845.100,844.800,845.070,22
SQ:XPTUSD,2018-07-09T02:09:00+02:00,844.980,845.120,844.930,844.990,23
SQ:XPTUSD,2018-07-09T02:10:00+02:00,844.970,845.000,844.820,844.820,9
SQ:XPTUSD,2018-07-09T02:11:00+02:00,844.810,844.820,844.800,844.800,4
SQ:XPTUSD,2018-07-09T02:12:00+02:00,844.820,844.950,844.700,844.950,13
SQ:XPTUSD,2018-07-09T02:13:00+02:00,844.960,845.000,844.940,845.000,9
SQ:XPTUSD,2018-07-09T02:14:00+02:00,844.990,845.210,844.980,845.100,14
SQ:XPTUSD,2018-07-09T02:15:00+02:00,845.060,845.130,844.950,845.120,15
SQ:XPTUSD,2018-07-09T02:16:00+02:00,845.230,845.250,845.130,845.140,14
SQ:XPTUSD,2018-07-09T02:17:00+02:00,845.150,845.280,845.150,845.240,11
SQ:XPTUSD,2018-07-09T02:18:00+02:00,845.210,845.260,845.050,845.260,14
SQ:XPTUSD,2018-07-09T02:19:00+02:00,845.250,845.440,845.250,845.440,15
SQ:XPTUSD,2018-07-09T02:20:00+02:00,845.450,845.460,845.430,845.430,7
SQ:XPTUSD,2018-07-09T02:21:00+02:00,845.420,845.420,845.300,845.300,4
SQ:XPTUSD,2018-07-09T02:22:00+02:00,845.280,845.280,845.280,845.280,1
SQ:XPTUSD,2018-07-09T02:23:00+02:00,845.290,845.440,845.290,845.440,3
SQ:XPTUSD,2018-07-09T02:24:00+02:00,845.400,845.400,845.330,845.350,5
SQ:XPTUSD,2018-07-09T02:25:00+02:00,845.370,845.410,845.230,845.260,8
SQ:XPTUSD,2018-07-09T02:26:00+02:00,845.260,845.370,845.260,845.300,6
SQ:XPTUSD,2018-07-09T02:27:00+02:00,845.310,845.450,845.310,845.430,7
SQ:XPTUSD,2018-07-09T02:28:00+02:00,845.450,845.450,845.450,845.450,1
SQ:XPTUSD,2018-07-09T02:29:00+02:00,845.430,845.660,845.430,845.650,6
SQ:XPTUSD,2018-07-09T02:30:00+02:00,845.660,845.660,845.470,845.630,17
SQ:XPTUSD,2018-07-09T02:31:00+02:00,845.680,845.700,845.490,845.490,11
SQ:XPTUSD,2018-07-09T02:32:00+02:00,845.530,845.550,845.360,845.360,22
SQ:XPTUSD,2018-07-09T02:33:00+02:00,845.340,845.350,845.290,845.300,12
SQ:XPTUSD,2018-07-09T02:34:00+02:00,845.330,845.490,845.300,845.490,14
SQ:XPTUSD,2018-07-09T02:35:00+02:00,845.460,845.660,845.460,845.650,11
SQ:XPTUSD,2018-07-09T02:36:00+02:00,845.610,845.760,845.610,845.760,8
SQ:XPTUSD,2018-07-09T02:37:00+02:00,845.710,845.710,845.700,845.710,3
SQ:XPTUSD,2018-07-09T02:38:00+02:00,845.700,845.950,845.700,845.800,14
SQ:XPTUSD,2018-07-09T02:39:00+02:00,845.830,846.000,845.760,845.860,22
SQ:XPTUSD,2018-07-09T02:40:00+02:00,845.850,845.860,845.670,845.710,24
SQ:XPTUSD,2018-07-09T02:41:00+02:00,845.770,845.770,845.760,845.760,2
SQ:XPTUSD,2018-07-09T02:42:00+02:00,845.860,845.920,845.800,845.920,9
SQ:XPTUSD,2018-07-09T02:43:00+02:00,845.970,846.150,845.960,846.150,9
SQ:XPTUSD,2018-07-09T02:44:00+02:00,846.160,846.260,846.120,846.260,7
SQ:XPTUSD,2018-07-09T02:45:00+02:00,846.220,846.380,846.220,846.380,11
SQ:XPTUSD,2018-07-09T02:46:00+02:00,846.370,847.800,846.350,847.150,27
SQ:XPTUSD,2018-07-09T02:47:00+02:00,847.250,848.060,847.190,847.960,40
SQ:XPTUSD,2018-07-09T02:48:00+02:00,847.870,848.460,847.820,848.350,20
SQ:XPTUSD,2018-07-09T02:49:00+02:00,848.330,848.460,847.930,847.930,15
SQ:XPTUSD,2018-07-09T02:50:00+02:00,847.970,848.360,847.910,848.360,7
SQ:XPTUSD,2018-07-09T02:51:00+02:00,848.450,848.500,847.620,847.620,28
SQ:XPTUSD,2018-07-09T02:52:00+02:00,847.610,848.040,847.570,848.030,17
SQ:XPTUSD,2018-07-09T02:53:00+02:00,847.970,847.980,847.870,847.870,7
SQ:XPTUSD,2018-07-09T02:54:00+02:00,847.860,848.030,847.860,847.960,14
SQ:XPTUSD,2018-07-09T02:55:00+02:00,847.950,848.020,847.360,847.360,22
SQ:XPTUSD,2018-07-09T02:56:00+02:00,847.350,847.650,847.280,847.650,24
SQ:XPTUSD,2018-07-09T02:57:00+02:00,847.790,847.790,847.280,847.280,15
SQ:XPTUSD,2018-07-09T02:58:00+02:00,847.310,847.440,847.300,847.440,7
SQ:XPTUSD,2018-07-09T02:59:00+02:00,847.430,847.430,847.240,847.320,16
SQ:XPTUSD,2018-07-09T03:00:00+02:00,847.360,847.850,847.360,847.840,50
SQ:XPTUSD,2018-07-09T03:01:00+02:00,847.830,847.830,847.690,847.740,23
SQ:XPTUSD,2018-07-09T03:02:00+02:00,847.750,848.090,847.610,847.610,25
SQ:XPTUSD,2018-07-09T03:03:00+02:00,847.660,847.670,847.560,847.560,6
SQ:XPTUSD,2018-07-09T03:04:00+02:00,847.550,847.700,847.550,847.700,7
SQ:XPTUSD,2018-07-09T03:05:00+02:00,847.690,847.950,847.680,847.950,11
SQ:XPTUSD,2018-07-09T03:06:00+02:00,847.830,847.840,847.460,847.840,15
SQ:XPTUSD,2018-07-09T03:07:00+02:00,848.050,848.050,847.740,847.840,19
SQ:XPTUSD,2018-07-09T03:08:00+02:00,847.950,848.000,847.690,847.950,25
SQ:XPTUSD,2018-07-09T03:09:00+02:00,847.950,848.050,847.950,848.050,21
SQ:XPTUSD,2018-07-09T03:10:00+02:00,847.950,847.950,847.790,847.790,7
SQ:XPTUSD,2018-07-09T03:11:00+02:00,847.800,847.800,847.800,847.800,1
SQ:XPTUSD,2018-07-09T03:12:00+02:00,847.810,847.950,847.810,847.950,5
SQ:XPTUSD,2018-07-09T03:13:00+02:00,847.950,847.950,847.950,847.950,2
SQ:XPTUSD,2018-07-09T03:14:00+02:00,847.950,848.150,847.790,848.150,17
SQ:XPTUSD,2018-07-09T03:15:00+02:00,848.150,848.150,847.900,848.050,19
SQ:XPTUSD,2018-07-09T03:16:00+02:00,848.050,848.150,848.050,848.050,12
SQ:XPTUSD,2018-07-09T03:17:00+02:00,848.050,848.050,847.890,848.050,20
SQ:XPTUSD,2018-07-09T03:18:00+02:00,848.050,848.110,848.050,848.100,12
SQ:XPTUSD,2018-07-09T03:19:00+02:00,848.110,848.110,847.550,847.550,18
SQ:XPTUSD,2018-07-09T03:20:00+02:00,847.550,847.650,847.550,847.550,10
SQ:XPTUSD,2018-07-09T03:21:00+02:00,847.550,847.650,847.150,847.150,29
SQ:XPTUSD,2018-07-09T03:22:00+02:00,847.150,847.650,847.150,847.290,7
SQ:XPTUSD,2018-07-09T03:23:00+02:00,847.450,847.450,847.190,847.230,13
SQ:XPTUSD,2018-07-09T03:24:00+02:00,847.250,848.150,847.240,848.150,16
SQ:XPTUSD,2018-07-09T03:25:00+02:00,848.150,848.190,848.050,848.190,19
SQ:XPTUSD,2018-07-09T03:26:00+02:00,848.230,848.550,848.150,848.220,22
SQ:XPTUSD,2018-07-09T03:27:00+02:00,848.210,848.210,848.050,848.050,11
SQ:XPTUSD,2018-07-09T03:28:00+02:00,848.050,848.150,848.050,848.150,8
SQ:XPTUSD,2018-07-09T03:29:00+02:00,848.150,848.180,848.150,848.170,7
SQ:XPTUSD,2018-07-09T03:30:00+02:00,848.180,848.560,848.170,848.370,15
SQ:XPTUSD,2018-07-09T03:31:00+02:00,848.550,848.950,848.550,848.750,32
SQ:XPTUSD,2018-07-09T03:32:00+02:00,848.760,849.150,848.650,848.690,27
SQ:XPTUSD,2018-07-09T03:33:00+02:00,848.700,849.150,848.670,849.150,42
SQ:XPTUSD,2018-07-09T03:34:00+02:00,849.150,849.550,849.150,849.550,26
SQ:XPTUSD,2018-07-09T03:35:00+02:00,849.450,849.810,849.450,849.670,21
SQ:XPTUSD,2018-07-09T03:36:00+02:00,849.660,849.760,849.650,849.650,27
SQ:XPTUSD,2018-07-09T03:37:00+02:00,849.650,849.680,849.650,849.660,21
SQ:XPTUSD,2018-07-09T03:38:00+02:00,849.650,849.650,849.360,849.360,24
SQ:XPTUSD,2018-07-09T03:39:00+02:00,849.400,849.950,849.400,849.650,49
SQ:XPTUSD,2018-07-09T03:40:00+02:00,849.650,849.950,849.550,849.710,31
SQ:XPTUSD,2018-07-09T03:41:00+02:00,849.800,849.800,849.650,849.710,16
SQ:XPTUSD,2018-07-09T03:42:00+02:00,849.700,849.730,849.650,849.650,13
SQ:XPTUSD,2018-07-09T03:43:00+02:00,849.650,849.800,849.650,849.800,9
SQ:XPTUSD,2018-07-09T03:44:00+02:00,849.790,849.800,849.730,849.800,12
SQ:XPTUSD,2018-07-09T03:45:00+02:00,849.830,849.950,849.830,849.840,10
SQ:XPTUSD,2018-07-09T03:46:00+02:00,849.860,850.050,849.860,849.950,15
SQ:XPTUSD,2018-07-09T03:47:00+02:00,850.050,850.050,850.050,850.050,4
SQ:XPTUSD,2018-07-09T03:48:00+02:00,850.050,850.150,850.050,850.050,11
SQ:XPTUSD,2018-07-09T03:49:00+02:00,850.050,850.060,850.050,850.060,3
SQ:XPTUSD,2018-07-09T03:50:00+02:00,850.050,850.050,849.950,849.950,8
SQ:XPTUSD,2018-07-09T03:51:00+02:00,849.950,850.350,849.950,850.350,19
SQ:XPTUSD,2018-07-09T03:52:00+02:00,850.450,850.650,850.450,850.550,24
SQ:XPTUSD,2018-07-09T03:53:00+02:00,850.550,850.550,850.150,850.550,17
SQ:XPTUSD,2018-07-09T03:54:00+02:00,850.550,850.650,850.550,850.650,21
SQ:XPTUSD,2018-07-09T03:55:00+02:00,850.650,850.650,850.290,850.550,22
SQ:XPTUSD,2018-07-09T03:56:00+02:00,850.550,850.660,850.550,850.650,30
SQ:XPTUSD,2018-07-09T03:57:00+02:00,850.670,850.680,850.290,850.290,30
SQ:XPTUSD,2018-07-09T03:58:00+02:00,850.310,850.550,850.290,850.450,21
SQ:XPTUSD,2018-07-09T03:59:00+02:00,850.450,850.810,850.450,850.650,28
SQ:XPTUSD,2018-07-09T04:00:00+02:00,850.650,851.050,850.270,850.330,30
SQ:XPTUSD,2018-07-09T04:01:00+02:00,850.330,850.450,850.150,850.150,9
SQ:XPTUSD,2018-07-09T04:02:00+02:00,850.150,850.200,850.150,850.200,16
SQ:XPTUSD,2018-07-09T04:03:00+02:00,850.140,850.150,850.140,850.150,10
SQ:XPTUSD,2018-07-09T04:04:00+02:00,850.150,850.550,850.150,850.550,12
SQ:XPTUSD,2018-07-09T04:05:00+02:00,850.550,850.550,850.270,850.550,25
SQ:XPTUSD,2018-07-09T04:06:00+02:00,850.550,850.570,850.550,850.570,3
SQ:XPTUSD,2018-07-09T04:07:00+02:00,850.570,850.580,850.500,850.500,5
SQ:XPTUSD,2018-07-09T04:08:00+02:00,850.500,850.620,850.410,850.410,15
SQ:XPTUSD,2018-07-09T04:09:00+02:00,850.310,850.350,850.310,850.350,5
SQ:XPTUSD,2018-07-09T04:10:00+02:00,850.350,850.550,850.330,850.550,11
SQ:XPTUSD,2018-07-09T04:11:00+02:00,850.550,851.150,850.550,851.150,20
SQ:XPTUSD,2018-07-09T04:12:00+02:00,851.150,851.150,851.050,851.150,17
SQ:XPTUSD,2018-07-09T04:13:00+02:00,851.150,851.450,851.150,851.450,10
SQ:XPTUSD,2018-07-09T04:14:00+02:00,851.450,851.550,850.970,851.050,38
SQ:XPTUSD,2018-07-09T04:15:00+02:00,851.050,851.050,850.650,850.650,21
SQ:XPTUSD,2018-07-09T04:16:00+02:00,850.650,850.950,850.590,850.950,7
SQ:XPTUSD,2018-07-09T04:17:00+02:00,850.950,851.450,850.950,851.450,29
SQ:XPTUSD,2018-07-09T04:18:00+02:00,851.450,851.650,851.450,851.550,25
SQ:XPTUSD,2018-07-09T04:19:00+02:00,851.550,851.950,851.470,851.950,20
SQ:XPTUSD,2018-07-09T04:20:00+02:00,851.950,852.550,851.950,852.550,29
SQ:XPTUSD,2018-07-09T04:21:00+02:00,852.550,852.950,852.550,852.850,24
SQ:XPTUSD,2018-07-09T04:22:00+02:00,852.850,853.050,852.850,853.050,19
SQ:XPTUSD,2018-07-09T04:23:00+02:00,853.050,853.180,852.660,852.660,21
SQ:XPTUSD,2018-07-09T04:24:00+02:00,852.660,852.850,852.650,852.710,11
SQ:XPTUSD,2018-07-09T04:25:00+02:00,852.850,852.950,852.700,852.950,26
SQ:XPTUSD,2018-07-09T04:26:00+02:00,853.070,854.450,852.950,853.960,53
SQ:XPTUSD,2018-07-09T04:27:00+02:00,853.960,854.250,853.960,854.000,20
SQ:XPTUSD,2018-07-09T04:28:00+02:00,854.000,854.110,853.920,853.960,16
SQ:XPTUSD,2018-07-09T04:29:00+02:00,853.970,854.190,853.970,854.150,22
SQ:XPTUSD,2018-07-09T04:30:00+02:00,854.280,854.870,854.230,854.810,25
SQ:XPTUSD,2018-07-09T04:31:00+02:00,854.810,854.810,854.460,854.610,10
SQ:XPTUSD,2018-07-09T04:32:00+02:00,854.610,854.680,854.150,854.150,13
SQ:XPTUSD,2018-07-09T04:33:00+02:00,854.150,854.160,853.900,853.940,15
SQ:XPTUSD,2018-07-09T04:34:00+02:00,853.900,853.940,853.900,853.940,2
SQ:XPTUSD,2018-07-09T04:35:00+02:00,853.930,854.620,853.900,854.620,18
SQ:XPTUSD,2018-07-09T04:36:00+02:00,854.630,854.790,854.620,854.670,20
SQ:XPTUSD,2018-07-09T04:37:00+02:00,854.570,854.570,854.360,854.360,13
SQ:XPTUSD,2018-07-09T04:38:00+02:00,854.230,854.230,854.230,854.230,1
SQ:XPTUSD,2018-07-09T04:39:00+02:00,854.220,854.230,854.000,854.010,10
SQ:XPTUSD,2018-07-09T04:40:00+02:00,854.000,854.010,854.000,854.010,2
SQ:XPTUSD,2018-07-09T04:41:00+02:00,854.010,854.460,854.010,854.460,17
SQ:XPTUSD,2018-07-09T04:42:00+02:00,854.470,854.850,854.460,854.590,31
SQ:XPTUSD,2018-07-09T04:43:00+02:00,854.600,854.800,854.470,854.470,21
SQ:XPTUSD,2018-07-09T04:44:00+02:00,854.510,854.510,854.230,854.230,10
SQ:XPTUSD,2018-07-09T04:45:00+02:00,854.220,854.320,854.010,854.030,21
SQ:XPTUSD,2018-07-09T04:46:00+02:00,854.020,854.310,854.020,854.310,14
SQ:XPTUSD,2018-07-09T04:47:00+02:00,854.370,854.550,854.370,854.500,6
SQ:XPTUSD,2018-07-09T04:48:00+02:00,854.510,854.510,854.010,854.060,27
SQ:XPTUSD,2018-07-09T04:49:00+02:00,854.060,854.130,854.010,854.010,21
SQ:XPTUSD,2018-07-09T04:50:00+02:00,854.000,854.170,853.940,854.060,24
SQ:XPTUSD,2018-07-09T04:51:00+02:00,854.020,854.070,854.010,854.040,20
SQ:XPTUSD,2018-07-09T04:52:00+02:00,854.050,854.070,853.990,854.000,19
SQ:XPTUSD,2018-07-09T04:53:00+02:00,854.140,854.160,854.010,854.030,13
SQ:XPTUSD,2018-07-09T04:54:00+02:00,854.050,854.160,854.050,854.150,18
SQ:XPTUSD,2018-07-09T04:55:00+02:00,854.140,854.150,854.140,854.150,3
SQ:XPTUSD,2018-07-09T04:56:00+02:00,854.160,854.160,854.160,854.160,1
SQ:XPTUSD,2018-07-09T04:57:00+02:00,854.170,854.170,853.960,854.000,10
SQ:XPTUSD,2018-07-09T04:58:00+02:00,854.010,854.020,853.990,854.010,14
SQ:XPTUSD,2018-07-09T04:59:00+02:00,854.000,854.060,854.000,854.050,13
SQ:XPTUSD,2018-07-09T05:00:00+02:00,854.110,854.140,854.110,854.140,2
SQ:XPTUSD,2018-07-09T05:01:00+02:00,854.130,854.150,853.950,854.050,30
SQ:XPTUSD,2018-07-09T05:02:00+02:00,854.040,854.300,854.040,854.290,6
SQ:XPTUSD,2018-07-09T05:03:00+02:00,854.280,854.560,854.240,854.560,9
SQ:XPTUSD,2018-07-09T05:04:00+02:00,854.540,854.540,854.080,854.310,26
SQ:XPTUSD,2018-07-09T05:05:00+02:00,854.310,854.960,854.010,854.950,18
SQ:XPTUSD,2018-07-09T05:06:00+02:00,854.910,854.990,854.640,854.940,19
SQ:XPTUSD,2018-07-09T05:07:00+02:00,854.940,854.950,854.270,854.530,14
SQ:XPTUSD,2018-07-09T05:08:00+02:00,854.520,854.530,854.400,854.400,5
SQ:XPTUSD,2018-07-09T05:09:00+02:00,854.390,854.400,854.270,854.280,10
SQ:XPTUSD,2018-07-09T05:10:00+02:00,854.270,854.280,854.040,854.050,7
SQ:XPTUSD,2018-07-09T05:11:00+02:00,854.070,854.080,854.050,854.080,7
SQ:XPTUSD,2018-07-09T05:12:00+02:00,854.080,854.550,854.070,854.510,16
SQ:XPTUSD,2018-07-09T05:13:00+02:00,854.550,854.850,854.550,854.840,9
SQ:XPTUSD,2018-07-09T05:14:00+02:00,854.850,855.040,854.840,855.040,6
SQ:XPTUSD,2018-07-09T05:15:00+02:00,855.000,855.060,855.000,855.060,10
SQ:XPTUSD,2018-07-09T05:16:00+02:00,855.060,855.100,854.940,854.940,18
SQ:XPTUSD,2018-07-09T05:17:00+02:00,854.930,854.960,854.930,854.950,7
SQ:XPTUSD,2018-07-09T05:18:00+02:00,855.040,855.240,855.030,855.240,17
SQ:XPTUSD,2018-07-09T05:19:00+02:00,855.230,855.280,855.190,855.240,11
SQ:XPTUSD,2018-07-09T05:20:00+02:00,855.230,855.230,854.950,854.950,14
SQ:XPTUSD,2018-07-09T05:21:00+02:00,854.960,854.960,854.350,854.510,20
SQ:XPTUSD,2018-07-09T05:22:00+02:00,854.520,854.840,854.510,854.830,14
SQ:XPTUSD,2018-07-09T05:23:00+02:00,854.850,854.910,854.550,854.550,18
SQ:XPTUSD,2018-07-09T05:24:00+02:00,854.560,854.580,854.550,854.580,4
SQ:XPTUSD,2018-07-09T05:25:00+02:00,854.580,854.850,854.580,854.840,12
SQ:XPTUSD,2018-07-09T05:26:00+02:00,854.840,855.020,854.740,855.020,17
SQ:XPTUSD,2018-07-09T05:27:00+02:00,855.020,855.030,854.970,855.030,6
SQ:XPTUSD,2018-07-09T05:28:00+02:00,855.040,855.040,854.970,854.970,5
SQ:XPTUSD,2018-07-09T05:29:00+02:00,855.000,855.000,854.840,854.840,5
SQ:XPTUSD,2018-07-09T05:30:00+02:00,854.840,855.100,854.700,855.100,10
SQ:XPTUSD,2018-07-09T05:31:00+02:00,855.080,855.080,854.940,854.940,4
SQ:XPTUSD,2018-07-09T05:32:00+02:00,854.950,854.950,854.940,854.950,3
SQ:XPTUSD,2018-07-09T05:33:00+02:00,854.970,855.010,854.960,855.010,6
SQ:XPTUSD,2018-07-09T05:34:00+02:00,855.060,855.060,854.980,854.990,5
SQ:XPTUSD,2018-07-09T05:35:00+02:00,854.940,854.940,854.850,854.850,3
SQ:XPTUSD,2018-07-09T05:36:00+02:00,854.850,854.870,854.850,854.870,2
SQ:XPTUSD,2018-07-09T05:37:00+02:00,854.870,854.980,854.860,854.970,11
SQ:XPTUSD,2018-07-09T05:38:00+02:00,854.960,854.980,854.960,854.980,5
SQ:XPTUSD,2018-07-09T05:39:00+02:00,854.980,855.070,854.970,855.060,7
SQ:XPTUSD,2018-07-09T05:40:00+02:00,855.050,855.050,854.850,854.890,12
SQ:XPTUSD,2018-07-09T05:41:00+02:00,854.870,854.870,854.640,854.670,11
SQ:XPTUSD,2018-07-09T05:42:00+02:00,854.660,854.760,854.660,854.760,6
SQ:XPTUSD,2018-07-09T05:43:00+02:00,854.850,854.850,854.830,854.830,2
SQ:XPTUSD,2018-07-09T05:44:00+02:00,854.860,854.940,854.700,854.890,15
SQ:XPTUSD,2018-07-09T05:45:00+02:00,855.020,855.020,854.900,854.900,3
SQ:XPTUSD,2018-07-09T05:46:00+02:00,854.900,854.900,854.870,854.870,3
SQ:XPTUSD,2018-07-09T05:47:00+02:00,854.850,854.850,854.830,854.830,2
SQ:XPTUSD,2018-07-09T05:48:00+02:00,854.820,854.820,854.490,854.500,9
SQ:XPTUSD,2018-07-09T05:49:00+02:00,854.520,854.700,854.520,854.700,6
SQ:XPTUSD,2018-07-09T05:50:00+02:00,854.710,854.710,854.710,854.710,1
SQ:XPTUSD,2018-07-09T05:51:00+02:00,854.720,854.720,854.690,854.690,2
SQ:XPTUSD,2018-07-09T05:52:00+02:00,854.690,854.750,854.630,854.680,9
SQ:XPTUSD,2018-07-09T05:53:00+02:00,854.630,854.630,854.540,854.570,4
SQ:XPTUSD,2018-07-09T05:54:00+02:00,854.550,854.550,854.550,854.550,1
SQ:XPTUSD,2018-07-09T05:55:00+02:00,854.560,854.750,854.560,854.750,8
SQ:XPTUSD,2018-07-09T05:56:00+02:00,854.760,854.760,854.710,854.710,5
SQ:XPTUSD,2018-07-09T05:57:00+02:00,854.620,854.710,854.610,854.690,5
SQ:XPTUSD,2018-07-09T05:58:00+02:00,854.700,854.710,854.700,854.700,3
SQ:XPTUSD,2018-07-09T05:59:00+02:00,854.710,854.710,854.690,854.710,6
SQ:XPTUSD,2018-07-09T06:00:00+02:00,854.710,855.270,854.710,855.250,17
SQ:XPTUSD,2018-07-09T06:01:00+02:00,855.260,855.270,855.140,855.240,10
SQ:XPTUSD,2018-07-09T06:02:00+02:00,855.250,855.270,855.250,855.270,2
SQ:XPTUSD,2018-07-09T06:03:00+02:00,855.270,855.270,854.900,854.970,13
SQ:XPTUSD,2018-07-09T06:04:00+02:00,854.920,854.960,854.920,854.960,2
SQ:XPTUSD,2018-07-09T06:05:00+02:00,854.970,855.150,854.960,855.150,6
SQ:XPTUSD,2018-07-09T06:06:00+02:00,855.140,855.140,855.140,855.140,1
SQ:XPTUSD,2018-07-09T06:07:00+02:00,855.130,855.190,855.130,855.190,4
SQ:XPTUSD,2018-07-09T06:08:00+02:00,855.200,855.210,855.200,855.210,2
SQ:XPTUSD,2018-07-09T06:09:00+02:00,855.220,855.390,855.220,855.380,8
SQ:XPTUSD,2018-07-09T06:10:00+02:00,855.340,855.350,855.210,855.350,11
SQ:XPTUSD,2018-07-09T06:11:00+02:00,855.350,855.440,855.350,855.440,2
SQ:XPTUSD,2018-07-09T06:12:00+02:00,855.450,855.450,855.350,855.350,6
SQ:XPTUSD,2018-07-09T06:13:00+02:00,855.360,855.360,855.100,855.100,14
SQ:XPTUSD,2018-07-09T06:14:00+02:00,855.120,855.130,854.970,854.970,7
SQ:XPTUSD,2018-07-09T06:15:00+02:00,854.960,854.970,854.960,854.960,3
SQ:XPTUSD,2018-07-09T06:16:00+02:00,854.970,854.970,854.950,854.960,7
SQ:XPTUSD,2018-07-09T06:17:00+02:00,854.970,854.970,854.970,854.970,1
SQ:XPTUSD,2018-07-09T06:18:00+02:00,854.980,855.070,854.980,855.060,3
SQ:XPTUSD,2018-07-09T06:19:00+02:00,854.940,854.940,854.930,854.930,2
SQ:XPTUSD,2018-07-09T06:21:00+02:00,854.930,854.930,854.660,854.660,4
SQ:XPTUSD,2018-07-09T06:22:00+02:00,854.670,854.670,854.670,854.670,1
SQ:XPTUSD,2018-07-09T06:23:00+02:00,854.670,854.730,854.670,854.680,5
SQ:XPTUSD,2018-07-09T06:24:00+02:00,854.670,854.720,854.670,854.670,4
SQ:XPTUSD,2018-07-09T06:25:00+02:00,854.680,854.680,854.670,854.670,3
SQ:XPTUSD,2018-07-09T06:26:00+02:00,854.560,854.560,854.520,854.520,2
SQ:XPTUSD,2018-07-09T06:27:00+02:00,854.580,854.620,854.500,854.500,5
SQ:XPTUSD,2018-07-09T06:28:00+02:00,854.510,854.510,854.450,854.450,3
SQ:XPTUSD,2018-07-09T06:29:00+02:00,854.460,854.460,854.340,854.340,6
SQ:XPTUSD,2018-07-09T06:30:00+02:00,854.280,854.570,854.280,854.570,6
SQ:XPTUSD,2018-07-09T06:31:00+02:00,854.620,854.620,854.610,854.610,2
SQ:XPTUSD,2018-07-09T06:32:00+02:00,854.630,854.760,854.630,854.760,2
SQ:XPTUSD,2018-07-09T06:33:00+02:00,854.710,854.760,854.420,854.610,15
SQ:XPTUSD,2018-07-09T06:34:00+02:00,854.620,854.850,854.620,854.850,6
SQ:XPTUSD,2018-07-09T06:35:00+02:00,854.840,854.840,854.810,854.810,4
SQ:XPTUSD,2018-07-09T06:36:00+02:00,854.800,854.900,854.800,854.900,5
SQ:XPTUSD,2018-07-09T06:37:00+02:00,854.900,854.900,854.870,854.870,2
SQ:XPTUSD,2018-07-09T06:38:00+02:00,854.890,854.890,854.870,854.880,3
SQ:XPTUSD,2018-07-09T06:40:00+02:00,854.880,854.930,854.880,854.890,4
SQ:XPTUSD,2018-07-09T06:41:00+02:00,854.900,854.920,854.900,854.920,3
SQ:XPTUSD,2018-07-09T06:42:00+02:00,854.900,854.910,854.900,854.910,2
SQ:XPTUSD,2018-07-09T06:45:00+02:00,854.850,854.850,854.570,854.620,15
SQ:XPTUSD,2018-07-09T06:46:00+02:00,854.630,854.820,854.630,854.810,7
SQ:XPTUSD,2018-07-09T06:47:00+02:00,854.960,854.960,854.800,854.840,6
SQ:XPTUSD,2018-07-09T06:48:00+02:00,854.850,854.940,854.850,854.940,2
SQ:XPTUSD,2018-07-09T06:49:00+02:00,854.950,854.950,854.900,854.950,5
SQ:XPTUSD,2018-07-09T06:50:00+02:00,854.930,854.930,854.530,854.580,7
SQ:XPTUSD,2018-07-09T06:51:00+02:00,854.580,854.810,854.450,854.450,20
SQ:XPTUSD,2018-07-09T06:52:00+02:00,854.440,854.450,854.430,854.450,5
SQ:XPTUSD,2018-07-09T06:53:00+02:00,854.450,854.450,854.330,854.330,8
SQ:XPTUSD,2018-07-09T06:54:00+02:00,854.180,854.190,854.180,854.180,3
SQ:XPTUSD,2018-07-09T06:55:00+02:00,854.190,854.190,853.990,853.990,9
SQ:XPTUSD,2018-07-09T06:56:00+02:00,853.940,854.090,853.940,854.090,5
SQ:XPTUSD,2018-07-09T06:57:00+02:00,854.100,854.520,854.030,854.500,15
SQ:XPTUSD,2018-07-09T06:58:00+02:00,854.500,854.500,854.260,854.260,4
SQ:XPTUSD,2018-07-09T06:59:00+02:00,854.270,854.270,854.260,854.260,5
SQ:XPTUSD,2018-07-09T07:00:00+02:00,854.270,854.280,854.160,854.160,7
SQ:XPTUSD,2018-07-09T07:01:00+02:00,854.170,854.170,854.170,854.170,1
SQ:XPTUSD,2018-07-09T07:02:00+02:00,854.180,854.280,854.180,854.280,2
SQ:XPTUSD,2018-07-09T07:04:00+02:00,854.280,854.280,854.260,854.280,6
SQ:XPTUSD,2018-07-09T07:05:00+02:00,854.280,854.280,854.250,854.250,3
SQ:XPTUSD,2018-07-09T07:06:00+02:00,854.240,854.250,854.240,854.250,2
SQ:XPTUSD,2018-07-09T07:07:00+02:00,854.270,854.270,854.270,854.270,1
SQ:XPTUSD,2018-07-09T07:08:00+02:00,854.220,854.290,854.090,854.100,5
SQ:XPTUSD,2018-07-09T07:09:00+02:00,854.090,854.580,854.080,854.570,12
SQ:XPTUSD,2018-07-09T07:10:00+02:00,854.560,854.600,854.560,854.600,4
SQ:XPTUSD,2018-07-09T07:11:00+02:00,854.590,854.680,854.580,854.670,11
SQ:XPTUSD,2018-07-09T07:12:00+02:00,854.660,854.680,854.660,854.670,4
SQ:XPTUSD,2018-07-09T07:13:00+02:00,854.680,854.720,854.400,854.440,10
SQ:XPTUSD,2018-07-09T07:14:00+02:00,854.460,854.460,854.450,854.460,4
SQ:XPTUSD,2018-07-09T07:15:00+02:00,854.450,854.680,854.450,854.680,25
SQ:XPTUSD,2018-07-09T07:16:00+02:00,854.690,854.830,854.600,854.610,15
SQ:XPTUSD,2018-07-09T07:17:00+02:00,854.560,854.580,854.370,854.370,21
SQ:XPTUSD,2018-07-09T07:18:00+02:00,854.360,854.360,854.070,854.200,10
SQ:XPTUSD,2018-07-09T07:19:00+02:00,854.210,854.250,854.210,854.240,5
SQ:XPTUSD,2018-07-09T07:20:00+02:00,854.250,854.250,854.230,854.240,5
SQ:XPTUSD,2018-07-09T07:21:00+02:00,854.160,854.170,854.060,854.060,6
SQ:XPTUSD,2018-07-09T07:22:00+02:00,854.050,854.050,854.050,854.050,2
SQ:XPTUSD,2018-07-09T07:23:00+02:00,854.060,854.230,854.060,854.220,6
SQ:XPTUSD,2018-07-09T07:24:00+02:00,854.350,854.460,854.350,854.460,4
SQ:XPTUSD,2018-07-09T07:25:00+02:00,854.450,854.450,854.400,854.400,8
SQ:XPTUSD,2018-07-09T07:26:00+02:00,854.400,854.400,854.190,854.190,7
SQ:XPTUSD,2018-07-09T07:27:00+02:00,854.140,854.240,854.140,854.240,4
SQ:XPTUSD,2018-07-09T07:28:00+02:00,854.240,854.240,854.060,854.060,6
SQ:XPTUSD,2018-07-09T07:29:00+02:00,854.110,854.160,854.060,854.080,9
SQ:XPTUSD,2018-07-09T07:30:00+02:00,854.060,854.340,854.050,854.300,10
SQ:XPTUSD,2018-07-09T07:31:00+02:00,854.200,854.200,854.040,854.050,9
SQ:XPTUSD,2018-07-09T07:32:00+02:00,854.110,854.350,854.050,854.350,9
SQ:XPTUSD,2018-07-09T07:33:00+02:00,854.360,854.360,854.200,854.210,4
SQ:XPTUSD,2018-07-09T07:34:00+02:00,854.200,854.200,854.200,854.200,1
SQ:XPTUSD,2018-07-09T07:35:00+02:00,854.200,854.200,853.960,853.970,10
SQ:XPTUSD,2018-07-09T07:36:00+02:00,853.960,853.960,853.960,853.960,3
SQ:XPTUSD,2018-07-09T07:37:00+02:00,853.940,853.990,853.940,853.990,6
SQ:XPTUSD,2018-07-09T07:38:00+02:00,854.000,854.040,853.970,854.040,6
SQ:XPTUSD,2018-07-09T07:39:00+02:00,854.040,854.040,853.970,853.970,3
SQ:XPTUSD,2018-07-09T07:40:00+02:00,853.970,854.030,853.970,854.030,4
SQ:XPTUSD,2018-07-09T07:41:00+02:00,854.040,854.090,854.020,854.020,4
SQ:XPTUSD,2018-07-09T07:42:00+02:00,854.000,854.020,854.000,854.010,3
SQ:XPTUSD,2018-07-09T07:44:00+02:00,854.010,854.270,854.010,854.250,10
SQ:XPTUSD,2018-07-09T07:45:00+02:00,854.260,854.270,854.250,854.270,9
SQ:XPTUSD,2018-07-09T07:46:00+02:00,854.260,854.260,854.100,854.100,6
SQ:XPTUSD,2018-07-09T07:47:00+02:00,854.320,854.690,854.310,854.570,22
SQ:XPTUSD,2018-07-09T07:48:00+02:00,854.650,854.920,854.650,854.920,17
SQ:XPTUSD,2018-07-09T07:49:00+02:00,854.930,855.010,854.930,854.960,7
SQ:XPTUSD,2018-07-09T07:50:00+02:00,854.980,855.070,854.980,855.070,2
SQ:XPTUSD,2018-07-09T07:51:00+02:00,855.080,855.260,854.910,855.260,9
SQ:XPTUSD,2018-07-09T07:52:00+02:00,855.300,855.360,855.210,855.210,5
SQ:XPTUSD,2018-07-09T07:53:00+02:00,855.210,855.210,854.550,855.060,13
SQ:XPTUSD,2018-07-09T07:54:00+02:00,855.050,855.050,854.670,854.790,10
SQ:XPTUSD,2018-07-09T07:55:00+02:00,854.770,854.780,854.760,854.770,4
SQ:XPTUSD,2018-07-09T07:56:00+02:00,854.770,854.870,854.770,854.870,6
SQ:XPTUSD,2018-07-09T07:57:00+02:00,855.010,855.260,855.010,855.260,6
SQ:XPTUSD,2018-07-09T07:58:00+02:00,855.280,855.480,855.270,855.360,10
SQ:XPTUSD,2018-07-09T07:59:00+02:00,855.380,855.470,855.280,855.290,13
SQ:XPTUSD,2018-07-09T08:00:00+02:00,855.290,855.520,855.180,855.490,15
SQ:XPTUSD,2018-07-09T08:01:00+02:00,855.480,855.540,855.480,855.540,6
SQ:XPTUSD,2018-07-09T08:02:00+02:00,855.540,855.540,855.540,855.540,1
SQ:XPTUSD,2018-07-09T08:03:00+02:00,855.540,855.540,855.540,855.540,1
SQ:XPTUSD,2018-07-09T08:04:00+02:00,855.030,855.390,855.030,855.310,11
SQ:XPTUSD,2018-07-09T08:05:00+02:00,855.310,855.320,854.730,855.320,4
SQ:XPTUSD,2018-07-09T08:06:00+02:00,855.330,855.330,855.330,855.330,1
SQ:XPTUSD,2018-07-09T08:07:00+02:00,855.340,855.770,854.740,855.570,34
SQ:XPTUSD,2018-07-09T08:08:00+02:00,855.570,855.700,854.900,855.540,39
SQ:XPTUSD,2018-07-09T08:09:00+02:00,855.540,855.750,855.530,855.590,79
SQ:XPTUSD,2018-07-09T08:10:00+02:00,855.580,855.600,854.800,855.590,13
SQ:XPTUSD,2018-07-09T08:11:00+02:00,855.590,855.690,854.900,854.900,42
SQ:XPTUSD,2018-07-09T08:12:00+02:00,854.900,855.750,854.900,855.750,23
SQ:XPTUSD,2018-07-09T08:13:00+02:00,854.980,855.770,854.830,855.770,38
SQ:XPTUSD,2018-07-09T08:14:00+02:00,855.760,855.770,854.780,854.780,22
SQ:XPTUSD,2018-07-09T08:15:00+02:00,854.780,854.950,854.670,854.720,33
SQ:XPTUSD,2018-07-09T08:16:00+02:00,854.720,854.800,854.550,854.550,17
SQ:XPTUSD,2018-07-09T08:17:00+02:00,854.550,854.550,854.360,854.360,9
SQ:XPTUSD,2018-07-09T08:18:00+02:00,854.600,854.730,854.590,854.730,9
SQ:XPTUSD,2018-07-09T08:19:00+02:00,854.650,854.730,854.630,854.730,5
SQ:XPTUSD,2018-07-09T08:20:00+02:00,854.720,854.800,854.660,854.660,13
SQ:XPTUSD,2018-07-09T08:21:00+02:00,855.540,855.600,855.540,855.590,7
SQ:XPTUSD,2018-07-09T08:22:00+02:00,855.590,855.660,855.480,855.660,13
SQ:XPTUSD,2018-07-09T08:23:00+02:00,855.710,855.750,855.480,855.480,20
SQ:XPTUSD,2018-07-09T08:24:00+02:00,855.480,855.620,855.440,855.470,21
SQ:XPTUSD,2018-07-09T08:25:00+02:00,855.520,855.650,855.360,855.360,11
SQ:XPTUSD,2018-07-09T08:26:00+02:00,855.320,855.390,855.280,855.350,10
SQ:XPTUSD,2018-07-09T08:27:00+02:00,855.380,855.390,855.290,855.290,7
SQ:XPTUSD,2018-07-09T08:28:00+02:00,855.310,855.390,854.970,855.090,20
SQ:XPTUSD,2018-07-09T08:29:00+02:00,855.080,855.090,854.590,854.610,40
SQ:XPTUSD,2018-07-09T08:30:00+02:00,854.620,854.710,854.400,854.580,27
SQ:XPTUSD,2018-07-09T08:31:00+02:00,854.580,854.630,854.530,854.610,9
SQ:XPTUSD,2018-07-09T08:32:00+02:00,854.580,854.700,854.580,854.590,12
SQ:XPTUSD,2018-07-09T08:33:00+02:00,854.600,854.650,854.590,854.630,8
SQ:XPTUSD,2018-07-09T08:34:00+02:00,854.580,854.590,854.570,854.570,6
SQ:XPTUSD,2018-07-09T08:35:00+02:00,854.550,854.900,854.550,854.850,13
SQ:XPTUSD,2018-07-09T08:36:00+02:00,854.860,855.030,854.680,854.680,16
SQ:XPTUSD,2018-07-09T08:37:00+02:00,854.670,854.670,854.430,854.490,8
SQ:XPTUSD,2018-07-09T08:38:00+02:00,854.480,854.480,854.270,854.280,13
SQ:XPTUSD,2018-07-09T08:39:00+02:00,854.270,854.270,854.140,854.190,12
SQ:XPTUSD,2018-07-09T08:40:00+02:00,854.150,854.430,854.150,854.420,16
SQ:XPTUSD,2018-07-09T08:41:00+02:00,854.350,854.430,854.350,854.380,7
SQ:XPTUSD,2018-07-09T08:42:00+02:00,854.340,854.740,854.280,854.570,17
SQ:XPTUSD,2018-07-09T08:43:00+02:00,854.560,854.570,854.540,854.570,11
SQ:XPTUSD,2018-07-09T08:44:00+02:00,854.590,854.720,854.550,854.720,16
SQ:XPTUSD,2018-07-09T08:45:00+02:00,854.770,855.090,854.770,855.080,9
SQ:XPTUSD,2018-07-09T08:46:00+02:00,854.890,854.990,854.850,854.990,7
SQ:XPTUSD,2018-07-09T08:47:00+02:00,854.990,854.990,854.680,854.710,12
SQ:XPTUSD,2018-07-09T08:48:00+02:00,854.700,854.700,854.450,854.460,12
SQ:XPTUSD,2018-07-09T08:49:00+02:00,854.410,854.440,854.300,854.440,10
SQ:XPTUSD,2018-07-09T08:50:00+02:00,854.460,854.480,854.460,854.470,3
SQ:XPTUSD,2018-07-09T08:51:00+02:00,854.480,854.680,854.480,854.680,15
SQ:XPTUSD,2018-07-09T08:52:00+02:00,854.730,855.000,854.680,855.000,10
SQ:XPTUSD,2018-07-09T08:53:00+02:00,855.000,855.020,854.820,854.820,8
SQ:XPTUSD,2018-07-09T08:54:00+02:00,854.720,854.720,854.280,854.350,10
SQ:XPTUSD,2018-07-09T08:55:00+02:00,854.350,854.420,853.740,853.890,22
SQ:XPTUSD,2018-07-09T08:56:00+02:00,853.880,853.940,853.840,853.860,13
SQ:XPTUSD,2018-07-09T08:57:00+02:00,853.870,854.060,853.840,854.010,22
SQ:XPTUSD,2018-07-09T08:58:00+02:00,854.030,854.710,854.030,854.420,56
SQ:XPTUSD,2018-07-09T08:59:00+02:00,854.430,854.560,854.430,854.560,14
SQ:XPTUSD,2018-07-09T09:00:00+02:00,854.450,854.520,854.000,854.520,52
SQ:XPTUSD,2018-07-09T09:01:00+02:00,854.460,854.610,854.260,854.610,14
SQ:XPTUSD,2018-07-09T09:02:00+02:00,854.600,854.630,854.410,854.500,37
SQ:XPTUSD,2018-07-09T09:03:00+02:00,854.450,854.630,854.330,854.540,18
SQ:XPTUSD,2018-07-09T09:04:00+02:00,854.520,854.520,854.270,854.470,12
SQ:XPTUSD,2018-07-09T09:05:00+02:00,854.460,854.640,854.460,854.630,20
SQ:XPTUSD,2018-07-09T09:06:00+02:00,854.620,854.630,854.600,854.630,10
SQ:XPTUSD,2018-07-09T09:07:00+02:00,854.620,855.310,854.620,855.310,25
SQ:XPTUSD,2018-07-09T09:08:00+02:00,855.290,855.350,855.120,855.350,23
SQ:XPTUSD,2018-07-09T09:09:00+02:00,855.340,855.340,855.160,855.180,19
SQ:XPTUSD,2018-07-09T09:10:00+02:00,855.190,855.360,855.190,855.240,22
SQ:XPTUSD,2018-07-09T09:11:00+02:00,855.240,855.260,855.080,855.260,19
SQ:XPTUSD,2018-07-09T09:12:00+02:00,855.300,855.430,855.190,855.430,11
SQ:XPTUSD,2018-07-09T09:13:00+02:00,855.420,855.420,855.390,855.410,8
SQ:XPTUSD,2018-07-09T09:14:00+02:00,855.400,855.460,855.400,855.460,14
SQ:XPTUSD,2018-07-09T09:15:00+02:00,855.450,855.460,855.350,855.420,14
SQ:XPTUSD,2018-07-09T09:16:00+02:00,855.460,855.460,855.260,855.260,12
SQ:XPTUSD,2018-07-09T09:17:00+02:00,855.230,855.440,855.230,855.430,15
SQ:XPTUSD,2018-07-09T09:18:00+02:00,855.440,855.450,855.360,855.370,13
SQ:XPTUSD,2018-07-09T09:19:00+02:00,855.370,855.460,855.290,855.460,26
SQ:XPTUSD,2018-07-09T09:20:00+02:00,855.450,855.460,855.210,855.210,24
SQ:XPTUSD,2018-07-09T09:21:00+02:00,855.230,855.390,855.230,855.340,24
SQ:XPTUSD,2018-07-09T09:22:00+02:00,855.350,855.420,855.220,855.230,18
SQ:XPTUSD,2018-07-09T09:23:00+02:00,855.220,855.220,854.830,854.870,15
SQ:XPTUSD,2018-07-09T09:24:00+02:00,854.870,854.880,853.800,853.800,13
SQ:XPTUSD,2018-07-09T09:25:00+02:00,853.820,854.340,853.690,853.730,7
SQ:XPTUSD,2018-07-09T09:26:00+02:00,853.630,854.640,853.630,854.640,17
SQ:XPTUSD,2018-07-09T09:27:00+02:00,854.640,854.840,853.620,854.330,28
SQ:XPTUSD,2018-07-09T09:28:00+02:00,854.350,854.820,854.310,854.710,33
SQ:XPTUSD,2018-07-09T09:29:00+02:00,854.720,854.840,854.670,854.830,19
SQ:XPTUSD,2018-07-09T09:30:00+02:00,854.820,854.850,854.650,854.850,17
SQ:XPTUSD,2018-07-09T09:31:00+02:00,855.010,855.220,854.900,854.900,22
SQ:XPTUSD,2018-07-09T09:32:00+02:00,854.900,855.260,854.780,855.260,25
SQ:XPTUSD,2018-07-09T09:33:00+02:00,855.160,855.160,854.860,854.870,29
SQ:XPTUSD,2018-07-09T09:34:00+02:00,854.860,854.870,854.580,854.760,28
SQ:XPTUSD,2018-07-09T09:35:00+02:00,854.730,854.790,854.620,854.620,13
SQ:XPTUSD,2018-07-09T09:36:00+02:00,854.630,854.660,854.130,854.400,27
SQ:XPTUSD,2018-07-09T09:37:00+02:00,854.440,854.640,854.360,854.630,11
SQ:XPTUSD,2018-07-09T09:38:00+02:00,854.580,854.750,854.580,854.750,22
SQ:XPTUSD,2018-07-09T09:39:00+02:00,854.730,854.790,854.390,854.780,21
SQ:XPTUSD,2018-07-09T09:40:00+02:00,854.800,854.990,854.790,854.970,8
SQ:XPTUSD,2018-07-09T09:41:00+02:00,854.920,855.120,854.920,855.110,8
SQ:XPTUSD,2018-07-09T09:42:00+02:00,855.120,855.340,855.110,855.220,20
SQ:XPTUSD,2018-07-09T09:43:00+02:00,855.240,855.240,855.010,855.140,20
SQ:XPTUSD,2018-07-09T09:44:00+02:00,855.120,855.330,855.000,855.140,33
SQ:XPTUSD,2018-07-09T09:45:00+02:00,855.140,855.320,855.120,855.230,29
SQ:XPTUSD,2018-07-09T09:46:00+02:00,855.190,855.330,855.100,855.140,41
SQ:XPTUSD,2018-07-09T09:47:00+02:00,855.100,855.240,855.100,855.240,6
SQ:XPTUSD,2018-07-09T09:48:00+02:00,855.230,855.240,855.210,855.230,6
SQ:XPTUSD,2018-07-09T09:49:00+02:00,855.290,855.380,855.290,855.380,20
SQ:XPTUSD,2018-07-09T09:50:00+02:00,855.320,855.320,855.170,855.170,5
SQ:XPTUSD,2018-07-09T09:51:00+02:00,855.200,855.200,855.180,855.180,9
SQ:XPTUSD,2018-07-09T09:52:00+02:00,855.240,855.300,855.240,855.250,4
SQ:XPTUSD,2018-07-09T09:53:00+02:00,855.300,855.300,855.250,855.300,6
SQ:XPTUSD,2018-07-09T09:54:00+02:00,855.300,855.430,855.300,855.430,19
SQ:XPTUSD,2018-07-09T09:55:00+02:00,855.430,855.440,855.430,855.430,4
SQ:XPTUSD,2018-07-09T09:56:00+02:00,855.280,855.380,855.280,855.380,5
SQ:XPTUSD,2018-07-09T09:57:00+02:00,855.370,855.560,855.370,855.560,12
SQ:XPTUSD,2018-07-09T09:58:00+02:00,855.550,855.770,855.450,855.540,32
SQ:XPTUSD,2018-07-09T09:59:00+02:00,855.540,855.540,855.440,855.490,7
SQ:XPTUSD,2018-07-09T10:00:00+02:00,855.540,855.740,855.540,855.650,15
SQ:XPTUSD,2018-07-09T10:01:00+02:00,855.570,855.790,855.570,855.790,24
SQ:XPTUSD,2018-07-09T10:02:00+02:00,855.780,855.890,855.110,855.890,17
SQ:XPTUSD,2018-07-09T10:03:00+02:00,855.880,855.880,855.050,855.830,28
SQ:XPTUSD,2018-07-09T10:04:00+02:00,855.870,855.890,855.740,855.870,16
SQ:XPTUSD,2018-07-09T10:05:00+02:00,855.880,856.400,855.280,856.390,20
SQ:XPTUSD,2018-07-09T10:06:00+02:00,856.400,856.440,855.450,856.140,37
SQ:XPTUSD,2018-07-09T10:07:00+02:00,856.130,856.150,856.130,856.140,7
SQ:XPTUSD,2018-07-09T10:08:00+02:00,856.180,856.240,855.450,855.450,12
SQ:XPTUSD,2018-07-09T10:09:00+02:00,855.450,856.250,855.450,855.450,18
SQ:XPTUSD,2018-07-09T10:10:00+02:00,855.450,856.240,855.320,856.020,19
SQ:XPTUSD,2018-07-09T10:11:00+02:00,855.320,856.140,855.250,855.250,20
SQ:XPTUSD,2018-07-09T10:12:00+02:00,855.280,856.250,855.280,855.450,15
SQ:XPTUSD,2018-07-09T10:13:00+02:00,856.250,856.250,855.450,856.140,14
SQ:XPTUSD,2018-07-09T10:14:00+02:00,856.150,856.300,856.140,856.300,9
SQ:XPTUSD,2018-07-09T10:15:00+02:00,856.300,856.590,855.790,855.830,18
SQ:XPTUSD,2018-07-09T10:16:00+02:00,855.830,856.530,855.740,855.810,11
SQ:XPTUSD,2018-07-09T10:17:00+02:00,855.810,856.530,855.800,855.810,12
SQ:XPTUSD,2018-07-09T10:18:00+02:00,855.790,855.820,855.770,855.770,4
SQ:XPTUSD,2018-07-09T10:19:00+02:00,856.480,856.550,855.770,855.820,8
SQ:XPTUSD,2018-07-09T10:20:00+02:00,855.830,856.440,855.720,855.720,6
SQ:XPTUSD,2018-07-09T10:21:00+02:00,855.780,856.550,855.750,856.450,9
SQ:XPTUSD,2018-07-09T10:22:00+02:00,855.750,856.440,855.750,856.430,8
SQ:XPTUSD,2018-07-09T10:23:00+02:00,856.430,856.590,855.780,856.590,18
SQ:XPTUSD,2018-07-09T10:24:00+02:00,856.580,856.600,855.710,856.530,25
SQ:XPTUSD,2018-07-09T10:25:00+02:00,856.540,856.550,855.780,855.780,9
SQ:XPTUSD,2018-07-09T10:26:00+02:00,855.830,856.530,855.830,856.050,7
SQ:XPTUSD,2018-07-09T10:27:00+02:00,856.050,856.350,855.630,855.720,13
SQ:XPTUSD,2018-07-09T10:28:00+02:00,855.720,855.760,855.720,855.760,4
SQ:XPTUSD,2018-07-09T10:29:00+02:00,855.950,856.050,855.950,855.950,8
SQ:XPTUSD,2018-07-09T10:30:00+02:00,856.050,856.050,855.720,855.760,13
SQ:XPTUSD,2018-07-09T10:31:00+02:00,855.760,856.540,855.660,856.340,23
SQ:XPTUSD,2018-07-09T10:32:00+02:00,856.240,856.450,856.240,856.430,13
SQ:XPTUSD,2018-07-09T10:33:00+02:00,856.440,856.490,856.120,856.140,22
SQ:XPTUSD,2018-07-09T10:34:00+02:00,856.130,856.480,856.130,856.480,15
SQ:XPTUSD,2018-07-09T10:35:00+02:00,856.500,856.600,856.490,856.490,12
SQ:XPTUSD,2018-07-09T10:36:00+02:00,856.540,856.600,856.540,856.590,4
SQ:XPTUSD,2018-07-09T10:37:00+02:00,856.600,856.600,856.380,856.380,10
SQ:XPTUSD,2018-07-09T10:38:00+02:00,856.370,856.370,856.300,856.300,5
SQ:XPTUSD,2018-07-09T10:39:00+02:00,856.170,856.170,855.730,855.950,23
SQ:XPTUSD,2018-07-09T10:40:00+02:00,856.130,856.920,856.120,856.910,50
SQ:XPTUSD,2018-07-09T10:41:00+02:00,856.920,857.690,856.760,857.690,34
SQ:XPTUSD,2018-07-09T10:42:00+02:00,857.780,857.780,857.370,857.630,26
SQ:XPTUSD,2018-07-09T10:43:00+02:00,857.640,857.650,857.530,857.530,8
SQ:XPTUSD,2018-07-09T10:44:00+02:00,857.540,858.190,857.230,858.170,17
SQ:XPTUSD,2018-07-09T10:45:00+02:00,858.060,858.180,858.060,858.090,15
SQ:XPTUSD,2018-07-09T10:46:00+02:00,858.080,858.170,857.990,858.170,12
SQ:XPTUSD,2018-07-09T10:47:00+02:00,858.180,858.180,858.060,858.060,4
SQ:XPTUSD,2018-07-09T10:48:00+02:00,858.060,858.080,857.670,857.670,30
SQ:XPTUSD,2018-07-09T10:49:00+02:00,857.660,858.350,857.650,858.350,14
SQ:XPTUSD,2018-07-09T10:50:00+02:00,858.340,858.340,857.440,857.450,21
SQ:XPTUSD,2018-07-09T10:51:00+02:00,857.430,857.840,857.430,857.840,18
SQ:XPTUSD,2018-07-09T10:52:00+02:00,857.830,858.240,857.820,858.240,19
SQ:XPTUSD,2018-07-09T10:53:00+02:00,858.290,858.390,857.770,857.780,24
SQ:XPTUSD,2018-07-09T10:54:00+02:00,857.770,857.940,857.730,857.830,15
SQ:XPTUSD,2018-07-09T10:55:00+02:00,857.850,857.900,857.760,857.760,16
SQ:XPTUSD,2018-07-09T10:56:00+02:00,857.580,857.910,857.580,857.910,15
SQ:XPTUSD,2018-07-09T10:57:00+02:00,857.920,857.920,857.910,857.910,7
SQ:XPTUSD,2018-07-09T10:58:00+02:00,857.900,857.910,857.090,857.090,19
SQ:XPTUSD,2018-07-09T10:59:00+02:00,857.100,857.450,857.070,857.440,20
SQ:XPTUSD,2018-07-09T11:00:00+02:00,857.430,857.720,857.430,857.450,20
SQ:XPTUSD,2018-07-09T11:01:00+02:00,857.440,857.510,857.120,857.140,17
SQ:XPTUSD,2018-07-09T11:02:00+02:00,857.130,857.130,857.120,857.120,2
SQ:XPTUSD,2018-07-09T11:03:00+02:00,857.120,857.120,857.060,857.070,8
SQ:XPTUSD,2018-07-09T11:04:00+02:00,857.080,857.240,856.780,857.240,20
SQ:XPTUSD,2018-07-09T11:05:00+02:00,857.270,857.560,857.270,857.330,23
SQ:XPTUSD,2018-07-09T11:06:00+02:00,857.360,857.430,857.360,857.430,13
SQ:XPTUSD,2018-07-09T11:07:00+02:00,857.440,857.980,857.440,857.890,26
SQ:XPTUSD,2018-07-09T11:08:00+02:00,857.940,858.050,857.610,857.630,17
SQ:XPTUSD,2018-07-09T11:09:00+02:00,857.680,857.680,857.570,857.620,14
SQ:XPTUSD,2018-07-09T11:10:00+02:00,857.620,857.930,857.620,857.910,17
SQ:XPTUSD,2018-07-09T11:11:00+02:00,857.920,857.920,857.670,857.800,14
SQ:XPTUSD,2018-07-09T11:12:00+02:00,857.770,857.770,857.770,857.770,1
SQ:XPTUSD,2018-07-09T11:13:00+02:00,857.790,857.790,857.560,857.580,13
SQ:XPTUSD,2018-07-09T11:14:00+02:00,857.610,857.610,857.380,857.380,16
SQ:XPTUSD,2018-07-09T11:15:00+02:00,857.390,857.390,857.090,857.090,18
SQ:XPTUSD,2018-07-09T11:16:00+02:00,857.100,857.100,857.080,857.080,4
SQ:XPTUSD,2018-07-09T11:17:00+02:00,857.070,857.080,856.920,856.920,14
SQ:XPTUSD,2018-07-09T11:18:00+02:00,856.910,856.960,856.790,856.800,15
SQ:XPTUSD,2018-07-09T11:19:00+02:00,856.850,857.480,856.850,857.480,37
SQ:XPTUSD,2018-07-09T11:20:00+02:00,857.490,857.580,857.470,857.580,10
SQ:XPTUSD,2018-07-09T11:21:00+02:00,857.570,857.570,857.230,857.230,8
SQ:XPTUSD,2018-07-09T11:22:00+02:00,857.220,857.230,857.200,857.220,5
SQ:XPTUSD,2018-07-09T11:23:00+02:00,857.200,857.220,857.200,857.210,4
SQ:XPTUSD,2018-07-09T11:24:00+02:00,857.280,857.400,857.280,857.400,6
SQ:XPTUSD,2018-07-09T11:26:00+02:00,856.730,856.730,856.730,856.730,1
SQ:XPTUSD,2018-07-09T11:27:00+02:00,856.730,856.730,856.730,856.730,1
SQ:XPTUSD,2018-07-09T11:30:00+02:00,856.730,857.400,856.730,857.400,7
SQ:XPTUSD,2018-07-09T11:32:00+02:00,856.730,858.270,856.730,858.240,28
SQ:XPTUSD,2018-07-09T11:33:00+02:00,858.250,858.390,858.020,858.030,30
SQ:XPTUSD,2018-07-09T11:34:00+02:00,858.020,858.160,858.010,858.010,24
SQ:XPTUSD,2018-07-09T11:35:00+02:00,858.040,858.080,858.000,858.020,18
SQ:XPTUSD,2018-07-09T11:36:00+02:00,858.000,858.000,857.860,857.910,15
SQ:XPTUSD,2018-07-09T11:37:00+02:00,857.930,858.290,857.930,858.250,15
SQ:XPTUSD,2018-07-09T11:38:00+02:00,858.260,858.260,858.170,858.240,10
SQ:XPTUSD,2018-07-09T11:39:00+02:00,858.270,858.280,858.020,858.100,9
SQ:XPTUSD,2018-07-09T11:40:00+02:00,858.100,858.580,858.100,858.530,20
SQ:XPTUSD,2018-07-09T11:41:00+02:00,858.540,858.600,858.420,858.420,16
SQ:XPTUSD,2018-07-09T11:42:00+02:00,858.330,858.460,858.330,858.460,5
SQ:XPTUSD,2018-07-09T11:43:00+02:00,858.380,858.400,858.120,858.120,9
SQ:XPTUSD,2018-07-09T11:44:00+02:00,858.130,858.390,858.070,858.390,13
SQ:XPTUSD,2018-07-09T11:45:00+02:00,858.410,858.460,858.400,858.460,10
SQ:XPTUSD,2018-07-09T11:46:00+02:00,858.500,858.590,858.330,858.420,20
SQ:XPTUSD,2018-07-09T11:47:00+02:00,858.290,858.450,858.250,858.450,11
SQ:XPTUSD,2018-07-09T11:48:00+02:00,858.440,858.520,858.340,858.380,13
SQ:XPTUSD,2018-07-09T11:49:00+02:00,858.370,858.410,857.910,857.930,18
SQ:XPTUSD,2018-07-09T11:50:00+02:00,857.940,858.100,857.920,857.930,13
SQ:XPTUSD,2018-07-09T11:51:00+02:00,857.940,858.060,857.920,857.940,12
SQ:XPTUSD,2018-07-09T11:52:00+02:00,857.930,858.060,857.930,858.060,8
SQ:XPTUSD,2018-07-09T11:53:00+02:00,858.050,858.050,857.670,857.670,16
SQ:XPTUSD,2018-07-09T11:54:00+02:00,857.800,857.900,857.680,857.830,48
SQ:XPTUSD,2018-07-09T11:55:00+02:00,857.840,857.850,857.720,857.830,25
SQ:XPTUSD,2018-07-09T11:56:00+02:00,857.760,857.880,857.710,857.880,12
SQ:XPTUSD,2018-07-09T11:57:00+02:00,858.130,858.540,858.130,858.410,15
SQ:XPTUSD,2018-07-09T11:58:00+02:00,858.420,858.540,858.350,858.530,16
SQ:XPTUSD,2018-07-09T11:59:00+02:00,858.540,858.560,858.520,858.540,10
SQ:XPTUSD,2018-07-09T12:00:00+02:00,858.530,858.600,858.530,858.590,7
SQ:XPTUSD,2018-07-09T12:01:00+02:00,858.530,858.530,857.890,857.990,21
SQ:XPTUSD,2018-07-09T12:02:00+02:00,857.980,858.320,857.970,858.220,14
SQ:XPTUSD,2018-07-09T12:03:00+02:00,858.210,858.210,858.170,858.180,7
SQ:XPTUSD,2018-07-09T12:04:00+02:00,858.190,858.410,858.190,858.390,29
SQ:XPTUSD,2018-07-09T12:05:00+02:00,858.400,858.400,858.390,858.390,4
SQ:XPTUSD,2018-07-09T12:06:00+02:00,858.410,858.550,858.390,858.390,12
SQ:XPTUSD,2018-07-09T12:07:00+02:00,858.420,858.440,858.360,858.370,9
SQ:XPTUSD,2018-07-09T12:08:00+02:00,858.390,858.600,858.390,858.570,12
SQ:XPTUSD,2018-07-09T12:09:00+02:00,858.510,858.530,858.180,858.190,10
SQ:XPTUSD,2018-07-09T12:10:00+02:00,858.180,858.440,858.180,858.440,9
SQ:XPTUSD,2018-07-09T12:11:00+02:00,858.240,858.290,858.180,858.250,7
SQ:XPTUSD,2018-07-09T12:12:00+02:00,858.240,858.590,858.230,858.400,20
SQ:XPTUSD,2018-07-09T12:13:00+02:00,858.380,858.410,858.380,858.400,9
SQ:XPTUSD,2018-07-09T12:14:00+02:00,858.390,858.390,858.310,858.320,13
SQ:XPTUSD,2018-07-09T12:15:00+02:00,858.360,858.540,858.280,858.540,14
SQ:XPTUSD,2018-07-09T12:16:00+02:00,858.530,858.570,858.510,858.520,7
SQ:XPTUSD,2018-07-09T12:17:00+02:00,858.530,858.530,858.370,858.370,7
SQ:XPTUSD,2018-07-09T12:18:00+02:00,858.380,858.540,858.380,858.540,14
SQ:XPTUSD,2018-07-09T12:19:00+02:00,858.530,858.600,858.530,858.530,13
SQ:XPTUSD,2018-07-09T12:20:00+02:00,858.420,858.530,858.420,858.520,5
SQ:XPTUSD,2018-07-09T12:21:00+02:00,858.510,858.530,858.510,858.530,7
SQ:XPTUSD,2018-07-09T12:22:00+02:00,858.540,858.590,858.390,858.390,7
SQ:XPTUSD,2018-07-09T12:23:00+02:00,858.390,858.530,858.390,858.520,5
SQ:XPTUSD,2018-07-09T12:24:00+02:00,858.540,858.600,858.500,858.550,30
SQ:XPTUSD,2018-07-09T12:25:00+02:00,858.540,858.580,858.530,858.560,14
SQ:XPTUSD,2018-07-09T12:26:00+02:00,858.550,858.600,858.530,858.600,7
SQ:XPTUSD,2018-07-09T12:27:00+02:00,858.590,858.690,858.550,858.580,27
SQ:XPTUSD,2018-07-09T12:28:00+02:00,858.580,858.670,858.170,858.170,25
SQ:XPTUSD,2018-07-09T12:29:00+02:00,858.170,858.590,858.170,858.570,12
SQ:XPTUSD,2018-07-09T12:30:00+02:00,858.530,858.530,858.360,858.530,10
SQ:XPTUSD,2018-07-09T12:31:00+02:00,858.510,858.530,858.380,858.400,11
SQ:XPTUSD,2018-07-09T12:32:00+02:00,858.430,858.480,858.420,858.480,9
SQ:XPTUSD,2018-07-09T12:33:00+02:00,858.480,858.480,858.310,858.310,16
SQ:XPTUSD,2018-07-09T12:34:00+02:00,858.310,858.340,858.160,858.340,16
SQ:XPTUSD,2018-07-09T12:35:00+02:00,858.390,858.400,858.350,858.350,7
SQ:XPTUSD,2018-07-09T12:36:00+02:00,858.360,858.390,858.360,858.370,4
SQ:XPTUSD,2018-07-09T12:37:00+02:00,858.350,858.360,858.340,858.360,5
SQ:XPTUSD,2018-07-09T12:38:00+02:00,858.380,858.380,858.380,858.380,1
SQ:XPTUSD,2018-07-09T12:39:00+02:00,858.380,858.560,858.370,858.550,17
SQ:XPTUSD,2018-07-09T12:40:00+02:00,858.650,858.720,858.600,858.620,8
SQ:XPTUSD,2018-07-09T12:41:00+02:00,858.600,858.650,858.580,858.590,10
SQ:XPTUSD,2018-07-09T12:42:00+02:00,858.580,858.620,858.480,858.610,11
SQ:XPTUSD,2018-07-09T12:43:00+02:00,858.600,858.620,858.560,858.610,10
SQ:XPTUSD,2018-07-09T12:44:00+02:00,858.500,858.620,858.500,858.600,5
SQ:XPTUSD,2018-07-09T12:45:00+02:00,858.500,858.540,858.390,858.390,15
SQ:XPTUSD,2018-07-09T12:46:00+02:00,858.400,858.690,858.400,858.620,13
SQ:XPTUSD,2018-07-09T12:47:00+02:00,858.620,858.640,858.290,858.640,22
SQ:XPTUSD,2018-07-09T12:48:00+02:00,858.620,858.650,858.520,858.530,7
SQ:XPTUSD,2018-07-09T12:49:00+02:00,858.550,858.650,858.510,858.630,22
SQ:XPTUSD,2018-07-09T12:50:00+02:00,858.610,858.630,858.610,858.620,4
SQ:XPTUSD,2018-07-09T12:51:00+02:00,858.650,858.660,858.500,858.500,12
SQ:XPTUSD,2018-07-09T12:52:00+02:00,858.510,858.640,858.510,858.610,11
SQ:XPTUSD,2018-07-09T12:53:00+02:00,858.660,858.680,858.610,858.610,9
SQ:XPTUSD,2018-07-09T12:54:00+02:00,858.610,858.690,858.610,858.690,10
SQ:XPTUSD,2018-07-09T12:55:00+02:00,858.680,858.690,858.680,858.690,3
SQ:XPTUSD,2018-07-09T12:59:00+02:00,858.150,858.680,858.150,858.680,3
SQ:XPTUSD,2018-07-09T13:00:00+02:00,858.690,858.690,858.440,858.470,16
SQ:XPTUSD,2018-07-09T13:01:00+02:00,858.460,858.460,858.260,858.260,14
SQ:XPTUSD,2018-07-09T13:02:00+02:00,858.270,858.680,858.270,858.680,37
SQ:XPTUSD,2018-07-09T13:03:00+02:00,858.650,858.670,858.560,858.660,15
SQ:XPTUSD,2018-07-09T13:04:00+02:00,858.650,858.680,858.550,858.610,24
SQ:XPTUSD,2018-07-09T13:05:00+02:00,858.620,858.660,858.550,858.650,18
SQ:XPTUSD,2018-07-09T13:06:00+02:00,858.660,858.660,858.650,858.650,7
SQ:XPTUSD,2018-07-09T13:07:00+02:00,858.660,858.670,858.650,858.670,10
SQ:XPTUSD,2018-07-09T13:08:00+02:00,858.660,858.690,858.660,858.690,6
SQ:XPTUSD,2018-07-09T13:09:00+02:00,858.670,858.680,858.570,858.670,15
SQ:XPTUSD,2018-07-09T13:10:00+02:00,858.670,858.670,858.550,858.550,8
SQ:XPTUSD,2018-07-09T13:11:00+02:00,858.560,858.570,858.510,858.550,9
SQ:XPTUSD,2018-07-09T13:12:00+02:00,858.510,858.510,858.510,858.510,1
SQ:XPTUSD,2018-07-09T13:13:00+02:00,858.520,858.670,858.520,858.660,5
SQ:XPTUSD,2018-07-09T13:14:00+02:00,858.660,858.660,858.500,858.550,8
SQ:XPTUSD,2018-07-09T13:15:00+02:00,858.560,858.560,858.500,858.540,9
SQ:XPTUSD,2018-07-09T13:16:00+02:00,858.550,858.690,858.550,858.640,8
SQ:XPTUSD,2018-07-09T13:17:00+02:00,858.650,858.690,858.530,858.690,12
SQ:XPTUSD,2018-07-09T13:18:00+02:00,858.560,858.560,858.430,858.430,14
SQ:XPTUSD,2018-07-09T13:19:00+02:00,858.440,858.440,857.450,858.400,20
SQ:XPTUSD,2018-07-09T13:20:00+02:00,858.410,858.570,858.070,858.140,24
SQ:XPTUSD,2018-07-09T13:21:00+02:00,858.140,858.290,858.140,858.290,9
SQ:XPTUSD,2018-07-09T13:22:00+02:00,858.360,858.610,858.320,858.320,13
SQ:XPTUSD,2018-07-09T13:23:00+02:00,858.290,858.450,858.080,858.150,27
SQ:XPTUSD,2018-07-09T13:24:00+02:00,858.160,858.490,858.130,858.470,11
SQ:XPTUSD,2018-07-09T13:25:00+02:00,858.460,858.460,858.340,858.340,12
SQ:XPTUSD,2018-07-09T13:26:00+02:00,858.360,858.360,858.330,858.340,6
SQ:XPTUSD,2018-07-09T13:27:00+02:00,858.400,858.610,858.380,858.390,15
SQ:XPTUSD,2018-07-09T13:28:00+02:00,858.400,858.600,858.380,858.580,12
SQ:XPTUSD,2018-07-09T13:29:00+02:00,858.590,858.610,858.590,858.610,3
SQ:XPTUSD,2018-07-09T13:30:00+02:00,858.600,858.600,858.390,858.590,15
SQ:XPTUSD,2018-07-09T13:31:00+02:00,858.610,858.610,858.420,858.430,9
SQ:XPTUSD,2018-07-09T13:32:00+02:00,858.440,858.440,857.960,858.110,16
SQ:XPTUSD,2018-07-09T13:33:00+02:00,858.110,858.110,857.860,857.860,8
SQ:XPTUSD,2018-07-09T13:34:00+02:00,857.880,858.090,857.880,858.060,25
SQ:XPTUSD,2018-07-09T13:35:00+02:00,858.070,858.500,858.070,858.440,18
SQ:XPTUSD,2018-07-09T13:36:00+02:00,858.450,858.580,858.410,858.420,22
SQ:XPTUSD,2018-07-09T13:37:00+02:00,858.420,858.590,858.420,858.580,10
SQ:XPTUSD,2018-07-09T13:38:00+02:00,858.590,858.600,858.430,858.470,19
SQ:XPTUSD,2018-07-09T13:39:00+02:00,858.560,858.600,858.430,858.480,15
SQ:XPTUSD,2018-07-09T13:40:00+02:00,858.520,858.590,858.520,858.570,9
SQ:XPTUSD,2018-07-09T13:41:00+02:00,858.580,858.600,858.420,858.480,14
SQ:XPTUSD,2018-07-09T13:42:00+02:00,858.480,858.580,858.460,858.570,9
SQ:XPTUSD,2018-07-09T13:43:00+02:00,858.590,858.670,858.380,858.380,9
SQ:XPTUSD,2018-07-09T13:44:00+02:00,858.370,858.440,858.370,858.430,7
SQ:XPTUSD,2018-07-09T13:45:00+02:00,858.420,858.420,857.930,858.310,12
SQ:XPTUSD,2018-07-09T13:46:00+02:00,858.290,858.590,858.290,858.590,7
SQ:XPTUSD,2018-07-09T13:47:00+02:00,858.580,858.590,858.420,858.450,7
SQ:XPTUSD,2018-07-09T13:48:00+02:00,858.450,858.590,858.450,858.580,8
SQ:XPTUSD,2018-07-09T13:49:00+02:00,858.590,858.590,858.470,858.480,15
SQ:XPTUSD,2018-07-09T13:50:00+02:00,858.490,858.500,858.470,858.480,6
SQ:XPTUSD,2018-07-09T13:51:00+02:00,858.470,858.590,858.470,858.570,6
SQ:XPTUSD,2018-07-09T13:52:00+02:00,858.510,858.510,858.080,858.080,10
SQ:XPTUSD,2018-07-09T13:53:00+02:00,858.090,858.090,857.880,857.880,4
SQ:XPTUSD,2018-07-09T13:54:00+02:00,857.870,857.910,857.870,857.900,8
SQ:XPTUSD,2018-07-09T13:55:00+02:00,857.910,858.020,857.910,858.020,5
SQ:XPTUSD,2018-07-09T13:56:00+02:00,858.070,858.150,858.050,858.130,11
SQ:XPTUSD,2018-07-09T13:57:00+02:00,858.170,858.180,857.620,857.620,13
SQ:XPTUSD,2018-07-09T13:58:00+02:00,857.630,857.730,857.180,857.240,9
SQ:XPTUSD,2018-07-09T13:59:00+02:00,857.300,857.490,857.030,857.030,11
SQ:XPTUSD,2018-07-09T14:00:00+02:00,856.980,857.150,855.980,856.220,61
SQ:XPTUSD,2018-07-09T14:01:00+02:00,856.270,856.560,855.770,855.770,37
SQ:XPTUSD,2018-07-09T14:02:00+02:00,855.830,855.970,855.110,855.130,34
SQ:XPTUSD,2018-07-09T14:03:00+02:00,855.180,856.670,855.180,856.620,37
SQ:XPTUSD,2018-07-09T14:04:00+02:00,856.630,857.440,856.630,856.970,37
SQ:XPTUSD,2018-07-09T14:05:00+02:00,856.960,857.300,856.740,857.130,28
SQ:XPTUSD,2018-07-09T14:06:00+02:00,857.160,857.300,856.920,857.120,22
SQ:XPTUSD,2018-07-09T14:07:00+02:00,857.130,857.280,857.110,857.130,7
SQ:XPTUSD,2018-07-09T14:08:00+02:00,857.140,857.140,856.780,856.780,11
SQ:XPTUSD,2018-07-09T14:09:00+02:00,856.840,856.840,856.780,856.790,6
SQ:XPTUSD,2018-07-09T14:10:00+02:00,856.890,857.490,856.890,857.120,23
SQ:XPTUSD,2018-07-09T14:11:00+02:00,857.140,857.180,856.120,856.120,25
SQ:XPTUSD,2018-07-09T14:12:00+02:00,856.110,856.110,855.770,856.100,23
SQ:XPTUSD,2018-07-09T14:13:00+02:00,856.140,856.530,856.140,856.520,28
SQ:XPTUSD,2018-07-09T14:14:00+02:00,856.570,856.570,856.130,856.130,17
SQ:XPTUSD,2018-07-09T14:15:00+02:00,856.150,856.430,856.150,856.390,13
SQ:XPTUSD,2018-07-09T14:16:00+02:00,856.440,856.440,856.070,856.080,13
SQ:XPTUSD,2018-07-09T14:17:00+02:00,856.060,856.060,855.390,855.480,15
SQ:XPTUSD,2018-07-09T14:18:00+02:00,855.480,855.520,855.020,855.230,30
SQ:XPTUSD,2018-07-09T14:19:00+02:00,855.220,855.740,855.180,855.680,31
SQ:XPTUSD,2018-07-09T14:20:00+02:00,855.730,856.160,855.320,856.150,49
SQ:XPTUSD,2018-07-09T14:21:00+02:00,856.140,856.200,856.110,856.110,8
SQ:XPTUSD,2018-07-09T14:22:00+02:00,856.120,856.340,855.440,855.580,57
SQ:XPTUSD,2018-07-09T14:23:00+02:00,855.340,855.340,854.730,855.300,23
SQ:XPTUSD,2018-07-09T14:24:00+02:00,855.470,855.890,855.450,855.880,27
SQ:XPTUSD,2018-07-09T14:25:00+02:00,855.770,855.770,855.160,855.170,24
SQ:XPTUSD,2018-07-09T14:26:00+02:00,855.180,855.180,854.920,854.920,19
SQ:XPTUSD,2018-07-09T14:27:00+02:00,854.910,855.020,854.820,854.830,18
SQ:XPTUSD,2018-07-09T14:28:00+02:00,854.790,855.200,854.740,854.750,12
SQ:XPTUSD,2018-07-09T14:29:00+02:00,854.780,855.150,854.780,855.150,19
SQ:XPTUSD,2018-07-09T14:30:00+02:00,855.220,855.250,854.870,855.230,32
SQ:XPTUSD,2018-07-09T14:31:00+02:00,855.190,855.190,855.160,855.170,11
SQ:XPTUSD,2018-07-09T14:32:00+02:00,855.140,855.140,854.320,854.350,29
SQ:XPTUSD,2018-07-09T14:33:00+02:00,854.340,854.550,854.260,854.330,27
SQ:XPTUSD,2018-07-09T14:34:00+02:00,854.370,854.390,854.200,854.210,13
SQ:XPTUSD,2018-07-09T14:35:00+02:00,854.110,854.150,854.060,854.110,18
SQ:XPTUSD,2018-07-09T14:36:00+02:00,854.080,854.160,853.960,854.090,13
SQ:XPTUSD,2018-07-09T14:37:00+02:00,854.150,854.150,853.520,853.520,18
SQ:XPTUSD,2018-07-09T14:38:00+02:00,853.510,853.510,852.550,852.610,68
SQ:XPTUSD,2018-07-09T14:39:00+02:00,852.620,852.670,851.860,851.890,34
SQ:XPTUSD,2018-07-09T14:40:00+02:00,851.880,853.230,851.880,853.230,51
SQ:XPTUSD,2018-07-09T14:41:00+02:00,853.240,853.290,852.520,852.890,27
SQ:XPTUSD,2018-07-09T14:42:00+02:00,852.930,853.040,852.160,852.230,43
SQ:XPTUSD,2018-07-09T14:43:00+02:00,852.240,852.240,851.880,852.110,24
SQ:XPTUSD,2018-07-09T14:44:00+02:00,852.140,852.580,851.990,852.260,18
SQ:XPTUSD,2018-07-09T14:45:00+02:00,852.250,852.280,851.740,852.280,26
SQ:XPTUSD,2018-07-09T14:46:00+02:00,852.270,852.270,851.780,852.200,25
SQ:XPTUSD,2018-07-09T14:47:00+02:00,852.170,852.170,852.020,852.040,9
SQ:XPTUSD,2018-07-09T14:48:00+02:00,852.070,852.080,851.860,851.930,17
SQ:XPTUSD,2018-07-09T14:49:00+02:00,851.940,852.000,851.890,852.000,13
SQ:XPTUSD,2018-07-09T14:50:00+02:00,851.950,851.950,851.030,851.690,34
SQ:XPTUSD,2018-07-09T14:51:00+02:00,851.710,851.710,850.970,851.040,19
SQ:XPTUSD,2018-07-09T14:52:00+02:00,851.030,851.070,850.720,850.830,24
SQ:XPTUSD,2018-07-09T14:53:00+02:00,850.890,851.360,850.870,851.070,27
SQ:XPTUSD,2018-07-09T14:54:00+02:00,851.090,851.100,850.940,851.080,14
SQ:XPTUSD,2018-07-09T14:55:00+02:00,851.070,851.300,851.050,851.300,15
SQ:XPTUSD,2018-07-09T14:56:00+02:00,851.290,851.710,851.290,851.710,8
SQ:XPTUSD,2018-07-09T14:57:00+02:00,851.840,851.850,851.660,851.670,15
SQ:XPTUSD,2018-07-09T14:58:00+02:00,851.570,851.950,851.370,851.940,19
SQ:XPTUSD,2018-07-09T14:59:00+02:00,851.950,852.880,851.940,852.860,29
SQ:XPTUSD,2018-07-09T15:00:00+02:00,852.810,853.170,851.310,851.380,76
SQ:XPTUSD,2018-07-09T15:01:00+02:00,851.390,851.400,849.860,850.280,71
SQ:XPTUSD,2018-07-09T15:02:00+02:00,850.260,850.720,849.770,850.570,51
SQ:XPTUSD,2018-07-09T15:03:00+02:00,850.580,850.880,849.850,850.630,32
SQ:XPTUSD,2018-07-09T15:04:00+02:00,850.640,850.670,850.270,850.480,20
SQ:XPTUSD,2018-07-09T15:05:00+02:00,850.730,850.920,850.690,850.740,20
SQ:XPTUSD,2018-07-09T15:06:00+02:00,850.730,850.770,850.600,850.710,21
SQ:XPTUSD,2018-07-09T15:07:00+02:00,850.730,850.730,850.300,850.350,40
SQ:XPTUSD,2018-07-09T15:08:00+02:00,850.430,850.440,850.310,850.440,21
SQ:XPTUSD,2018-07-09T15:09:00+02:00,850.430,850.660,850.180,850.640,28
SQ:XPTUSD,2018-07-09T15:10:00+02:00,850.650,851.050,850.630,851.030,23
SQ:XPTUSD,2018-07-09T15:11:00+02:00,851.040,851.220,850.740,850.910,31
SQ:XPTUSD,2018-07-09T15:12:00+02:00,850.900,851.130,850.850,851.130,8
SQ:XPTUSD,2018-07-09T15:13:00+02:00,851.140,851.690,851.140,851.630,23
SQ:XPTUSD,2018-07-09T15:14:00+02:00,851.640,852.130,851.640,852.130,32
SQ:XPTUSD,2018-07-09T15:15:00+02:00,852.150,852.980,852.120,852.430,39
SQ:XPTUSD,2018-07-09T15:16:00+02:00,852.440,852.540,852.210,852.340,17
SQ:XPTUSD,2018-07-09T15:17:00+02:00,852.320,852.340,852.130,852.340,15
SQ:XPTUSD,2018-07-09T15:18:00+02:00,852.320,852.330,852.270,852.320,7
SQ:XPTUSD,2018-07-09T15:19:00+02:00,852.330,853.020,852.330,852.790,28
SQ:XPTUSD,2018-07-09T15:20:00+02:00,852.800,853.040,852.780,853.040,18
SQ:XPTUSD,2018-07-09T15:21:00+02:00,853.080,853.250,852.670,852.670,24
SQ:XPTUSD,2018-07-09T15:22:00+02:00,852.680,852.780,852.530,852.530,11
SQ:XPTUSD,2018-07-09T15:23:00+02:00,852.540,852.680,852.460,852.680,9
SQ:XPTUSD,2018-07-09T15:24:00+02:00,852.720,852.750,852.720,852.720,7
SQ:XPTUSD,2018-07-09T15:25:00+02:00,852.790,853.090,852.780,852.940,13
SQ:XPTUSD,2018-07-09T15:26:00+02:00,852.990,853.000,852.890,852.890,16
SQ:XPTUSD,2018-07-09T15:27:00+02:00,852.840,852.950,852.770,852.930,19
SQ:XPTUSD,2018-07-09T15:28:00+02:00,852.940,852.950,852.930,852.930,8
SQ:XPTUSD,2018-07-09T15:29:00+02:00,852.820,852.830,852.630,852.640,8
SQ:XPTUSD,2018-07-09T15:30:00+02:00,852.630,852.750,851.990,852.000,49
SQ:XPTUSD,2018-07-09T15:31:00+02:00,852.030,852.220,851.280,852.220,62
SQ:XPTUSD,2018-07-09T15:32:00+02:00,852.230,852.440,852.140,852.150,19
SQ:XPTUSD,2018-07-09T15:33:00+02:00,852.160,852.300,852.150,852.230,19
SQ:XPTUSD,2018-07-09T15:34:00+02:00,852.210,853.090,852.210,853.090,39
SQ:XPTUSD,2018-07-09T15:35:00+02:00,853.130,853.840,853.130,853.780,52
SQ:XPTUSD,2018-07-09T15:36:00+02:00,853.800,853.980,853.610,853.960,31
SQ:XPTUSD,2018-07-09T15:37:00+02:00,853.970,853.970,853.640,853.720,41
SQ:XPTUSD,2018-07-09T15:38:00+02:00,853.730,854.590,853.730,854.560,39
SQ:XPTUSD,2018-07-09T15:39:00+02:00,854.580,854.590,854.360,854.390,25
SQ:XPTUSD,2018-07-09T15:40:00+02:00,854.400,854.720,854.330,854.720,37
SQ:XPTUSD,2018-07-09T15:41:00+02:00,854.740,855.150,854.700,855.150,34
SQ:XPTUSD,2018-07-09T15:42:00+02:00,855.110,855.440,855.110,855.180,72
SQ:XPTUSD,2018-07-09T15:43:00+02:00,855.220,855.820,855.200,855.640,72
SQ:XPTUSD,2018-07-09T15:44:00+02:00,855.650,855.770,855.480,855.600,58
SQ:XPTUSD,2018-07-09T15:45:00+02:00,855.610,855.720,855.090,855.710,48
SQ:XPTUSD,2018-07-09T15:46:00+02:00,855.720,856.030,855.550,855.550,34
SQ:XPTUSD,2018-07-09T15:47:00+02:00,855.540,855.620,855.160,855.600,21
SQ:XPTUSD,2018-07-09T15:48:00+02:00,855.760,856.510,855.760,856.510,28
SQ:XPTUSD,2018-07-09T15:49:00+02:00,856.500,856.520,855.790,855.910,33
SQ:XPTUSD,2018-07-09T15:50:00+02:00,855.950,855.950,855.520,855.610,37
SQ:XPTUSD,2018-07-09T15:51:00+02:00,855.470,855.470,855.160,855.190,30
SQ:XPTUSD,2018-07-09T15:52:00+02:00,855.200,855.310,855.150,855.250,28
SQ:XPTUSD,2018-07-09T15:53:00+02:00,855.200,855.880,855.150,855.880,43
SQ:XPTUSD,2018-07-09T15:54:00+02:00,855.890,856.210,855.720,855.800,29
SQ:XPTUSD,2018-07-09T15:55:00+02:00,855.760,855.810,855.670,855.790,24
SQ:XPTUSD,2018-07-09T15:56:00+02:00,855.800,855.850,855.510,855.850,26
SQ:XPTUSD,2018-07-09T15:57:00+02:00,855.860,855.950,855.630,855.640,18
SQ:XPTUSD,2018-07-09T15:58:00+02:00,855.650,855.920,855.650,855.730,29
SQ:XPTUSD,2018-07-09T15:59:00+02:00,855.740,855.740,855.100,855.210,43
SQ:XPTUSD,2018-07-09T16:00:00+02:00,855.200,855.310,854.790,854.980,91
SQ:XPTUSD,2018-07-09T16:01:00+02:00,854.980,856.170,854.980,856.170,42
SQ:XPTUSD,2018-07-09T16:02:00+02:00,856.180,856.260,855.620,856.210,40
SQ:XPTUSD,2018-07-09T16:03:00+02:00,856.170,856.350,855.610,856.210,40
SQ:XPTUSD,2018-07-09T16:04:00+02:00,856.200,856.940,856.200,856.620,54
SQ:XPTUSD,2018-07-09T16:05:00+02:00,856.570,857.020,856.530,856.530,50
SQ:XPTUSD,2018-07-09T16:06:00+02:00,856.520,856.600,856.290,856.350,19
SQ:XPTUSD,2018-07-09T16:07:00+02:00,856.360,856.360,855.340,855.520,37
SQ:XPTUSD,2018-07-09T16:08:00+02:00,855.520,856.170,855.520,856.020,32
SQ:XPTUSD,2018-07-09T16:09:00+02:00,856.020,856.210,855.750,856.110,27
SQ:XPTUSD,2018-07-09T16:10:00+02:00,856.100,856.550,856.070,856.440,28
SQ:XPTUSD,2018-07-09T16:11:00+02:00,856.500,856.540,856.380,856.490,20
SQ:XPTUSD,2018-07-09T16:12:00+02:00,856.460,856.460,856.150,856.160,21
SQ:XPTUSD,2018-07-09T16:13:00+02:00,856.210,856.560,856.200,856.260,35
SQ:XPTUSD,2018-07-09T16:14:00+02:00,856.250,856.350,856.020,856.070,28
SQ:XPTUSD,2018-07-09T16:15:00+02:00,856.060,856.060,854.650,855.720,33
SQ:XPTUSD,2018-07-09T16:16:00+02:00,855.710,856.220,855.670,856.220,29
SQ:XPTUSD,2018-07-09T16:17:00+02:00,856.210,856.210,855.530,855.530,29
SQ:XPTUSD,2018-07-09T16:18:00+02:00,855.540,855.570,854.880,855.310,42
SQ:XPTUSD,2018-07-09T16:19:00+02:00,855.260,855.260,855.060,855.100,16
SQ:XPTUSD,2018-07-09T16:20:00+02:00,855.090,855.210,855.010,855.080,25
SQ:XPTUSD,2018-07-09T16:21:00+02:00,855.070,855.090,855.030,855.080,19
SQ:XPTUSD,2018-07-09T16:22:00+02:00,855.030,855.160,855.030,855.160,20
SQ:XPTUSD,2018-07-09T16:23:00+02:00,855.120,855.530,855.120,855.510,29
SQ:XPTUSD,2018-07-09T16:24:00+02:00,855.560,855.700,855.560,855.700,13
SQ:XPTUSD,2018-07-09T16:25:00+02:00,855.710,855.710,855.300,855.340,21
SQ:XPTUSD,2018-07-09T16:26:00+02:00,855.300,855.380,855.190,855.350,19
SQ:XPTUSD,2018-07-09T16:27:00+02:00,855.340,855.340,854.870,855.070,29
SQ:XPTUSD,2018-07-09T16:28:00+02:00,855.040,855.040,854.660,854.660,10
SQ:XPTUSD,2018-07-09T16:29:00+02:00,854.570,854.960,854.490,854.660,34
SQ:XPTUSD,2018-07-09T16:30:00+02:00,854.650,854.660,854.420,854.490,38
SQ:XPTUSD,2018-07-09T16:31:00+02:00,854.490,854.810,854.370,854.810,26
SQ:XPTUSD,2018-07-09T16:32:00+02:00,854.820,855.140,854.810,854.860,24
SQ:XPTUSD,2018-07-09T16:33:00+02:00,854.870,855.100,854.740,855.050,30
SQ:XPTUSD,2018-07-09T16:34:00+02:00,854.950,855.000,854.820,854.990,27
SQ:XPTUSD,2018-07-09T16:35:00+02:00,854.980,855.020,854.560,854.560,30
SQ:XPTUSD,2018-07-09T16:36:00+02:00,854.500,855.110,854.420,854.800,48
SQ:XPTUSD,2018-07-09T16:37:00+02:00,854.790,854.790,854.510,854.540,25
SQ:XPTUSD,2018-07-09T16:38:00+02:00,854.560,854.610,854.440,854.500,27
SQ:XPTUSD,2018-07-09T16:39:00+02:00,854.460,854.580,854.260,854.280,37
SQ:XPTUSD,2018-07-09T16:40:00+02:00,854.270,854.270,853.910,854.070,36
SQ:XPTUSD,2018-07-09T16:41:00+02:00,854.060,854.270,854.060,854.160,20
SQ:XPTUSD,2018-07-09T16:42:00+02:00,854.150,854.290,854.150,854.160,12
SQ:XPTUSD,2018-07-09T16:43:00+02:00,854.150,854.150,853.910,853.920,33
SQ:XPTUSD,2018-07-09T16:44:00+02:00,853.900,854.110,853.510,854.070,30
SQ:XPTUSD,2018-07-09T16:45:00+02:00,853.810,853.880,853.260,853.850,31
SQ:XPTUSD,2018-07-09T16:46:00+02:00,853.850,853.850,853.120,853.200,34
SQ:XPTUSD,2018-07-09T16:47:00+02:00,853.150,853.150,852.810,852.860,47
SQ:XPTUSD,2018-07-09T16:48:00+02:00,852.850,853.170,852.850,852.910,30
SQ:XPTUSD,2018-07-09T16:49:00+02:00,852.890,853.050,852.880,852.900,26
SQ:XPTUSD,2018-07-09T16:50:00+02:00,852.890,853.170,852.790,852.790,33
SQ:XPTUSD,2018-07-09T16:51:00+02:00,852.840,852.840,852.290,852.290,24
SQ:XPTUSD,2018-07-09T16:52:00+02:00,852.380,852.400,852.100,852.140,21
SQ:XPTUSD,2018-07-09T16:53:00+02:00,852.120,852.410,851.900,852.270,59
SQ:XPTUSD,2018-07-09T16:54:00+02:00,852.280,852.470,852.190,852.290,33
SQ:XPTUSD,2018-07-09T16:55:00+02:00,852.310,852.310,851.740,851.840,45
SQ:XPTUSD,2018-07-09T16:56:00+02:00,851.850,851.850,851.730,851.840,26
SQ:XPTUSD,2018-07-09T16:57:00+02:00,851.840,852.340,851.760,852.340,46
SQ:XPTUSD,2018-07-09T16:58:00+02:00,852.330,852.330,851.880,851.910,29
SQ:XPTUSD,2018-07-09T16:59:00+02:00,851.950,851.970,851.740,851.750,32
SQ:XPTUSD,2018-07-09T17:00:00+02:00,851.770,852.110,851.750,851.940,33
SQ:XPTUSD,2018-07-09T17:01:00+02:00,851.950,852.000,851.730,851.810,32
SQ:XPTUSD,2018-07-09T17:02:00+02:00,851.800,852.020,851.800,851.890,28
SQ:XPTUSD,2018-07-09T17:03:00+02:00,851.940,852.210,851.940,852.150,39
SQ:XPTUSD,2018-07-09T17:04:00+02:00,852.160,852.190,851.950,852.160,33
SQ:XPTUSD,2018-07-09T17:05:00+02:00,852.220,852.500,852.220,852.380,31
SQ:XPTUSD,2018-07-09T17:06:00+02:00,852.360,852.490,852.360,852.380,17
SQ:XPTUSD,2018-07-09T17:07:00+02:00,852.370,852.390,852.170,852.170,12
SQ:XPTUSD,2018-07-09T17:08:00+02:00,852.160,852.160,851.640,851.730,18
SQ:XPTUSD,2018-07-09T17:09:00+02:00,851.700,851.730,851.050,851.120,33
SQ:XPTUSD,2018-07-09T17:10:00+02:00,851.130,851.320,851.110,851.190,22
SQ:XPTUSD,2018-07-09T17:11:00+02:00,851.170,851.440,851.170,851.390,25
SQ:XPTUSD,2018-07-09T17:12:00+02:00,851.400,851.400,850.850,850.850,16
SQ:XPTUSD,2018-07-09T17:13:00+02:00,850.810,850.870,850.620,850.720,24
SQ:XPTUSD,2018-07-09T17:14:00+02:00,850.810,851.610,850.810,851.530,29
SQ:XPTUSD,2018-07-09T17:15:00+02:00,851.550,851.650,851.520,851.640,15
SQ:XPTUSD,2018-07-09T17:16:00+02:00,851.650,851.670,851.150,851.170,29
SQ:XPTUSD,2018-07-09T17:17:00+02:00,851.150,851.300,850.930,851.000,53
SQ:XPTUSD,2018-07-09T17:18:00+02:00,850.970,850.970,850.300,850.350,48
SQ:XPTUSD,2018-07-09T17:19:00+02:00,850.340,850.350,850.060,850.100,35
SQ:XPTUSD,2018-07-09T17:20:00+02:00,850.150,850.510,850.110,850.500,24
SQ:XPTUSD,2018-07-09T17:21:00+02:00,850.490,850.520,850.180,850.300,25
SQ:XPTUSD,2018-07-09T17:22:00+02:00,850.310,850.840,850.310,850.710,17
SQ:XPTUSD,2018-07-09T17:23:00+02:00,850.590,851.000,850.420,850.670,19
SQ:XPTUSD,2018-07-09T17:24:00+02:00,850.660,850.660,850.450,850.450,12
SQ:XPTUSD,2018-07-09T17:25:00+02:00,850.460,850.470,850.390,850.460,21
SQ:XPTUSD,2018-07-09T17:26:00+02:00,850.470,850.830,850.430,850.830,12
SQ:XPTUSD,2018-07-09T17:27:00+02:00,850.820,851.550,850.820,851.500,24
SQ:XPTUSD,2018-07-09T17:28:00+02:00,851.490,851.490,851.090,851.280,21
SQ:XPTUSD,2018-07-09T17:29:00+02:00,851.300,851.410,850.700,850.810,32
SQ:XPTUSD,2018-07-09T17:30:00+02:00,850.820,850.860,850.470,850.520,23
SQ:XPTUSD,2018-07-09T17:31:00+02:00,850.510,850.520,850.110,850.230,18
SQ:XPTUSD,2018-07-09T17:32:00+02:00,850.210,850.830,850.200,850.830,16
SQ:XPTUSD,2018-07-09T17:33:00+02:00,850.790,851.700,850.790,851.580,30
SQ:XPTUSD,2018-07-09T17:34:00+02:00,851.590,851.590,851.260,851.260,15
SQ:XPTUSD,2018-07-09T17:35:00+02:00,851.270,851.280,850.670,850.670,27
SQ:XPTUSD,2018-07-09T17:36:00+02:00,850.660,850.970,850.620,850.970,26
SQ:XPTUSD,2018-07-09T17:37:00+02:00,851.030,851.080,851.030,851.070,4
SQ:XPTUSD,2018-07-09T17:38:00+02:00,851.060,851.490,851.060,851.470,17
SQ:XPTUSD,2018-07-09T17:39:00+02:00,851.210,851.210,850.780,850.790,12
SQ:XPTUSD,2018-07-09T17:40:00+02:00,850.780,850.780,850.520,850.680,13
SQ:XPTUSD,2018-07-09T17:41:00+02:00,850.700,851.180,850.670,851.170,20
SQ:XPTUSD,2018-07-09T17:42:00+02:00,851.070,851.490,851.070,851.480,19
SQ:XPTUSD,2018-07-09T17:43:00+02:00,851.470,851.470,850.930,851.120,25
SQ:XPTUSD,2018-07-09T17:44:00+02:00,851.230,851.510,850.880,851.350,37
SQ:XPTUSD,2018-07-09T17:45:00+02:00,851.530,851.660,851.280,851.280,14
SQ:XPTUSD,2018-07-09T17:46:00+02:00,851.190,851.370,851.140,851.370,12
SQ:XPTUSD,2018-07-09T17:47:00+02:00,851.360,851.650,851.360,851.650,17
SQ:XPTUSD,2018-07-09T17:48:00+02:00,851.560,851.880,851.550,851.870,12
SQ:XPTUSD,2018-07-09T17:49:00+02:00,851.860,851.860,851.700,851.710,11
SQ:XPTUSD,2018-07-09T17:50:00+02:00,851.720,851.720,851.120,851.270,31
SQ:XPTUSD,2018-07-09T17:51:00+02:00,851.620,851.970,851.260,851.960,23
SQ:XPTUSD,2018-07-09T17:52:00+02:00,851.950,852.780,851.690,851.690,29
SQ:XPTUSD,2018-07-09T17:53:00+02:00,851.700,851.820,851.510,851.660,17
SQ:XPTUSD,2018-07-09T17:54:00+02:00,851.650,851.690,851.510,851.640,16
SQ:XPTUSD,2018-07-09T17:55:00+02:00,851.560,851.580,851.560,851.580,6
SQ:XPTUSD,2018-07-09T17:56:00+02:00,851.590,851.960,851.590,851.610,18
SQ:XPTUSD,2018-07-09T17:57:00+02:00,851.590,851.600,851.360,851.390,18
SQ:XPTUSD,2018-07-09T17:58:00+02:00,851.400,851.400,851.160,851.160,25
SQ:XPTUSD,2018-07-09T17:59:00+02:00,851.190,851.260,850.940,851.010,56
SQ:XPTUSD,2018-07-09T18:00:00+02:00,851.000,851.140,850.980,851.080,17
SQ:XPTUSD,2018-07-09T18:01:00+02:00,851.090,851.360,851.080,851.360,21
SQ:XPTUSD,2018-07-09T18:02:00+02:00,851.420,852.580,851.340,852.560,41
SQ:XPTUSD,2018-07-09T18:03:00+02:00,852.510,852.510,851.910,851.910,21
SQ:XPTUSD,2018-07-09T18:04:00+02:00,851.750,851.760,851.540,851.550,12
SQ:XPTUSD,2018-07-09T18:05:00+02:00,851.550,852.040,851.550,851.940,14
SQ:XPTUSD,2018-07-09T18:06:00+02:00,851.950,852.070,851.950,852.070,12
SQ:XPTUSD,2018-07-09T18:07:00+02:00,852.020,852.020,851.700,851.700,12
SQ:XPTUSD,2018-07-09T18:08:00+02:00,851.710,851.920,851.710,851.850,15
SQ:XPTUSD,2018-07-09T18:09:00+02:00,851.840,852.000,851.790,852.000,16
SQ:XPTUSD,2018-07-09T18:10:00+02:00,851.980,851.980,851.600,851.600,20
SQ:XPTUSD,2018-07-09T18:11:00+02:00,851.550,852.420,851.550,852.210,13
SQ:XPTUSD,2018-07-09T18:12:00+02:00,852.190,852.550,852.060,852.540,22
SQ:XPTUSD,2018-07-09T18:13:00+02:00,852.410,852.430,852.400,852.410,9
SQ:XPTUSD,2018-07-09T18:14:00+02:00,852.410,852.750,852.410,852.650,11
SQ:XPTUSD,2018-07-09T18:15:00+02:00,852.660,852.720,852.520,852.520,15
SQ:XPTUSD,2018-07-09T18:16:00+02:00,852.510,852.570,852.510,852.510,6
SQ:XPTUSD,2018-07-09T18:17:00+02:00,852.500,852.510,852.170,852.170,10
SQ:XPTUSD,2018-07-09T18:18:00+02:00,852.130,852.590,852.130,852.580,18
SQ:XPTUSD,2018-07-09T18:19:00+02:00,852.570,852.570,852.500,852.500,6
SQ:XPTUSD,2018-07-09T18:20:00+02:00,852.500,852.500,852.360,852.430,7
SQ:XPTUSD,2018-07-09T18:21:00+02:00,852.440,852.450,852.440,852.450,7
SQ:XPTUSD,2018-07-09T18:22:00+02:00,852.440,852.580,852.440,852.580,7
SQ:XPTUSD,2018-07-09T18:23:00+02:00,852.560,852.580,852.550,852.570,11
SQ:XPTUSD,2018-07-09T18:24:00+02:00,852.560,852.560,852.270,852.420,13
SQ:XPTUSD,2018-07-09T18:25:00+02:00,852.380,852.380,852.330,852.370,5
SQ:XPTUSD,2018-07-09T18:26:00+02:00,852.410,852.620,852.410,852.520,13
SQ:XPTUSD,2018-07-09T18:27:00+02:00,852.520,852.570,852.450,852.560,15
SQ:XPTUSD,2018-07-09T18:28:00+02:00,852.580,852.610,852.550,852.580,11
SQ:XPTUSD,2018-07-09T18:29:00+02:00,852.560,852.570,852.420,852.430,26
SQ:XPTUSD,2018-07-09T18:30:00+02:00,852.360,852.360,852.070,852.150,33
SQ:XPTUSD,2018-07-09T18:31:00+02:00,852.160,852.860,852.150,852.830,13
SQ:XPTUSD,2018-07-09T18:32:00+02:00,852.740,852.740,852.390,852.430,12
SQ:XPTUSD,2018-07-09T18:33:00+02:00,852.440,852.510,852.380,852.380,13
SQ:XPTUSD,2018-07-09T18:34:00+02:00,852.200,852.240,851.940,852.160,34
SQ:XPTUSD,2018-07-09T18:35:00+02:00,852.400,852.410,852.200,852.240,21
SQ:XPTUSD,2018-07-09T18:36:00+02:00,852.260,852.270,852.250,852.250,3
SQ:XPTUSD,2018-07-09T18:37:00+02:00,852.230,852.230,852.000,852.050,9
SQ:XPTUSD,2018-07-09T18:38:00+02:00,852.010,852.090,851.850,851.920,22
SQ:XPTUSD,2018-07-09T18:39:00+02:00,851.790,852.000,851.640,851.680,26
SQ:XPTUSD,2018-07-09T18:40:00+02:00,851.690,851.700,851.590,851.600,18
SQ:XPTUSD,2018-07-09T18:41:00+02:00,851.610,851.660,851.250,851.250,11
SQ:XPTUSD,2018-07-09T18:42:00+02:00,851.240,851.250,851.100,851.160,16
SQ:XPTUSD,2018-07-09T18:43:00+02:00,851.170,851.170,851.040,851.140,14
SQ:XPTUSD,2018-07-09T18:44:00+02:00,851.150,851.150,850.910,850.910,12
SQ:XPTUSD,2018-07-09T18:45:00+02:00,850.870,850.870,850.650,850.710,21
SQ:XPTUSD,2018-07-09T18:46:00+02:00,850.720,850.860,850.720,850.840,8
SQ:XPTUSD,2018-07-09T18:47:00+02:00,850.860,851.500,850.860,851.440,14
SQ:XPTUSD,2018-07-09T18:48:00+02:00,851.210,851.270,851.050,851.270,11
SQ:XPTUSD,2018-07-09T18:49:00+02:00,851.310,851.610,851.310,851.420,16
SQ:XPTUSD,2018-07-09T18:50:00+02:00,851.410,851.450,851.370,851.430,14
SQ:XPTUSD,2018-07-09T18:51:00+02:00,851.410,851.410,850.990,851.000,31
SQ:XPTUSD,2018-07-09T18:52:00+02:00,850.990,851.050,850.050,850.050,27
SQ:XPTUSD,2018-07-09T18:53:00+02:00,850.050,850.050,849.750,849.770,16
SQ:XPTUSD,2018-07-09T18:54:00+02:00,849.780,850.880,849.770,850.800,12
SQ:XPTUSD,2018-07-09T18:55:00+02:00,850.700,850.870,850.640,850.860,17
SQ:XPTUSD,2018-07-09T18:56:00+02:00,850.870,850.870,850.840,850.850,5
SQ:XPTUSD,2018-07-09T18:57:00+02:00,850.810,851.120,850.800,851.110,13
SQ:XPTUSD,2018-07-09T18:58:00+02:00,851.170,851.900,851.170,851.580,27
SQ:XPTUSD,2018-07-09T18:59:00+02:00,851.400,851.400,851.010,851.050,25
SQ:XPTUSD,2018-07-09T19:00:00+02:00,850.960,851.100,850.590,850.590,32
SQ:XPTUSD,2018-07-09T19:01:00+02:00,850.580,850.600,850.170,850.170,28
SQ:XPTUSD,2018-07-09T19:02:00+02:00,850.170,850.450,850.070,850.110,49
SQ:XPTUSD,2018-07-09T19:03:00+02:00,850.100,850.200,849.670,850.020,83
SQ:XPTUSD,2018-07-09T19:04:00+02:00,850.030,850.190,849.740,849.860,60
SQ:XPTUSD,2018-07-09T19:05:00+02:00,849.940,849.940,849.740,849.790,25
SQ:XPTUSD,2018-07-09T19:06:00+02:00,849.800,850.100,849.780,850.100,18
SQ:XPTUSD,2018-07-09T19:07:00+02:00,850.090,850.290,850.080,850.150,21
SQ:XPTUSD,2018-07-09T19:08:00+02:00,850.160,850.460,849.990,850.380,40
SQ:XPTUSD,2018-07-09T19:09:00+02:00,850.340,850.470,850.340,850.450,19
SQ:XPTUSD,2018-07-09T19:10:00+02:00,850.440,850.440,850.270,850.430,18
SQ:XPTUSD,2018-07-09T19:11:00+02:00,850.350,850.540,850.350,850.480,10
SQ:XPTUSD,2018-07-09T19:12:00+02:00,850.470,850.470,850.040,850.160,14
SQ:XPTUSD,2018-07-09T19:13:00+02:00,850.140,850.160,850.110,850.110,6
SQ:XPTUSD,2018-07-09T19:14:00+02:00,850.140,850.600,850.140,850.590,16
SQ:XPTUSD,2018-07-09T19:15:00+02:00,850.540,850.750,850.540,850.670,13
SQ:XPTUSD,2018-07-09T19:16:00+02:00,850.650,850.650,850.630,850.640,5
SQ:XPTUSD,2018-07-09T19:17:00+02:00,850.620,850.620,850.560,850.560,6
SQ:XPTUSD,2018-07-09T19:18:00+02:00,850.570,850.730,850.510,850.560,12
SQ:XPTUSD,2018-07-09T19:19:00+02:00,850.570,850.670,850.550,850.670,18
SQ:XPTUSD,2018-07-09T19:20:00+02:00,850.710,850.710,850.570,850.590,11
SQ:XPTUSD,2018-07-09T19:21:00+02:00,850.580,850.580,850.500,850.500,3
SQ:XPTUSD,2018-07-09T19:22:00+02:00,850.500,850.500,850.150,850.240,8
SQ:XPTUSD,2018-07-09T19:23:00+02:00,850.220,850.220,849.890,849.950,15
SQ:XPTUSD,2018-07-09T19:24:00+02:00,849.950,850.250,849.950,849.960,21
SQ:XPTUSD,2018-07-09T19:25:00+02:00,849.940,850.080,849.940,850.080,5
SQ:XPTUSD,2018-07-09T19:26:00+02:00,850.040,850.040,849.700,849.740,10
SQ:XPTUSD,2018-07-09T19:27:00+02:00,849.750,849.810,849.700,849.810,8
SQ:XPTUSD,2018-07-09T19:28:00+02:00,849.790,849.790,849.700,849.700,9
SQ:XPTUSD,2018-07-09T19:29:00+02:00,849.790,849.790,849.670,849.730,14
SQ:XPTUSD,2018-07-09T19:30:00+02:00,849.790,849.790,848.480,848.790,39
SQ:XPTUSD,2018-07-09T19:31:00+02:00,848.830,849.180,848.540,848.970,13
SQ:XPTUSD,2018-07-09T19:32:00+02:00,848.980,849.060,848.950,849.060,7
SQ:XPTUSD,2018-07-09T19:33:00+02:00,849.000,849.000,848.980,849.000,5
SQ:XPTUSD,2018-07-09T19:34:00+02:00,849.000,849.000,848.830,848.830,6
SQ:XPTUSD,2018-07-09T19:35:00+02:00,848.800,848.960,848.700,848.700,16
SQ:XPTUSD,2018-07-09T19:36:00+02:00,848.610,848.840,848.610,848.640,10
SQ:XPTUSD,2018-07-09T19:37:00+02:00,848.660,848.660,848.300,848.300,10
SQ:XPTUSD,2018-07-09T19:38:00+02:00,848.300,848.650,848.300,848.650,15
SQ:XPTUSD,2018-07-09T19:39:00+02:00,848.720,848.720,848.690,848.710,3
SQ:XPTUSD,2018-07-09T19:40:00+02:00,848.900,849.300,848.900,849.300,17
SQ:XPTUSD,2018-07-09T19:41:00+02:00,849.290,849.300,849.020,849.020,16
SQ:XPTUSD,2018-07-09T19:42:00+02:00,849.030,849.280,849.030,849.250,12
SQ:XPTUSD,2018-07-09T19:43:00+02:00,849.280,849.500,849.240,849.280,12
SQ:XPTUSD,2018-07-09T19:44:00+02:00,849.270,849.270,848.860,848.910,16
SQ:XPTUSD,2018-07-09T19:45:00+02:00,848.940,848.940,848.870,848.920,6
SQ:XPTUSD,2018-07-09T19:46:00+02:00,848.900,848.910,848.800,848.800,3
SQ:XPTUSD,2018-07-09T19:47:00+02:00,848.790,848.970,848.780,848.850,13
SQ:XPTUSD,2018-07-09T19:48:00+02:00,848.960,849.360,848.960,849.240,16
SQ:XPTUSD,2018-07-09T19:49:00+02:00,849.230,849.250,849.230,849.240,8
SQ:XPTUSD,2018-07-09T19:50:00+02:00,849.250,849.650,849.250,849.650,14
SQ:XPTUSD,2018-07-09T19:51:00+02:00,849.700,849.700,849.630,849.640,10
SQ:XPTUSD,2018-07-09T19:52:00+02:00,849.630,849.690,849.570,849.590,9
SQ:XPTUSD,2018-07-09T19:53:00+02:00,849.560,849.780,849.560,849.740,10
SQ:XPTUSD,2018-07-09T19:54:00+02:00,849.750,849.750,849.600,849.640,19
SQ:XPTUSD,2018-07-09T19:55:00+02:00,849.680,849.690,849.570,849.580,17
SQ:XPTUSD,2018-07-09T19:56:00+02:00,849.570,849.580,849.370,849.400,9
SQ:XPTUSD,2018-07-09T19:57:00+02:00,849.410,849.580,849.400,849.450,13
SQ:XPTUSD,2018-07-09T19:58:00+02:00,849.450,849.590,849.450,849.550,15
SQ:XPTUSD,2018-07-09T19:59:00+02:00,849.570,849.670,849.550,849.580,16
SQ:XPTUSD,2018-07-09T20:00:00+02:00,849.570,849.570,849.350,849.390,10
SQ:XPTUSD,2018-07-09T20:01:00+02:00,849.370,849.370,849.330,849.340,7
SQ:XPTUSD,2018-07-09T20:02:00+02:00,849.340,849.650,849.340,849.640,5
SQ:XPTUSD,2018-07-09T20:03:00+02:00,849.650,849.780,849.590,849.740,16
SQ:XPTUSD,2018-07-09T20:04:00+02:00,849.730,849.730,849.610,849.610,12
SQ:XPTUSD,2018-07-09T20:05:00+02:00,849.620,849.770,849.610,849.620,8
SQ:XPTUSD,2018-07-09T20:06:00+02:00,849.620,849.640,849.620,849.640,2
SQ:XPTUSD,2018-07-09T20:07:00+02:00,849.620,849.630,849.560,849.570,5
SQ:XPTUSD,2018-07-09T20:08:00+02:00,849.600,849.750,849.600,849.730,7
SQ:XPTUSD,2018-07-09T20:09:00+02:00,849.690,849.690,849.570,849.610,7
SQ:XPTUSD,2018-07-09T20:10:00+02:00,849.650,849.710,849.650,849.690,3
SQ:XPTUSD,2018-07-09T20:11:00+02:00,849.680,849.750,849.680,849.730,9
SQ:XPTUSD,2018-07-09T20:12:00+02:00,849.740,849.780,849.710,849.720,6
SQ:XPTUSD,2018-07-09T20:13:00+02:00,849.730,849.730,849.630,849.720,6
SQ:XPTUSD,2018-07-09T20:14:00+02:00,849.710,849.870,849.710,849.870,5
SQ:XPTUSD,2018-07-09T20:15:00+02:00,849.870,849.890,849.870,849.890,4
SQ:XPTUSD,2018-07-09T20:16:00+02:00,849.880,849.880,849.760,849.760,11
SQ:XPTUSD,2018-07-09T20:17:00+02:00,849.760,849.840,849.760,849.830,7
SQ:XPTUSD,2018-07-09T20:18:00+02:00,849.860,849.870,849.780,849.830,5
SQ:XPTUSD,2018-07-09T20:19:00+02:00,849.820,849.830,849.590,849.590,12
SQ:XPTUSD,2018-07-09T20:20:00+02:00,849.600,849.670,849.560,849.660,9
SQ:XPTUSD,2018-07-09T20:21:00+02:00,849.670,849.730,849.590,849.720,11
SQ:XPTUSD,2018-07-09T20:22:00+02:00,849.730,849.730,849.720,849.730,8
SQ:XPTUSD,2018-07-09T20:23:00+02:00,849.790,849.800,849.780,849.790,7
SQ:XPTUSD,2018-07-09T20:24:00+02:00,849.730,849.740,849.730,849.740,5
SQ:XPTUSD,2018-07-09T20:25:00+02:00,849.790,849.800,849.730,849.730,5
SQ:XPTUSD,2018-07-09T20:26:00+02:00,849.720,849.880,849.720,849.880,6
SQ:XPTUSD,2018-07-09T20:27:00+02:00,849.830,849.870,849.770,849.790,6
SQ:XPTUSD,2018-07-09T20:28:00+02:00,849.810,849.810,849.740,849.740,5
SQ:XPTUSD,2018-07-09T20:29:00+02:00,849.740,849.740,849.670,849.730,8
SQ:XPTUSD,2018-07-09T20:30:00+02:00,849.720,849.720,849.710,849.710,3
SQ:XPTUSD,2018-07-09T20:31:00+02:00,849.670,849.670,849.560,849.560,7
SQ:XPTUSD,2018-07-09T20:32:00+02:00,849.570,849.570,849.560,849.570,3
SQ:XPTUSD,2018-07-09T20:33:00+02:00,849.570,849.730,849.570,849.700,9
SQ:XPTUSD,2018-07-09T20:34:00+02:00,849.670,849.670,849.560,849.570,8
SQ:XPTUSD,2018-07-09T20:35:00+02:00,849.590,849.740,849.590,849.630,9
SQ:XPTUSD,2018-07-09T20:36:00+02:00,849.530,849.540,849.510,849.520,8
SQ:XPTUSD,2018-07-09T20:37:00+02:00,849.530,849.740,849.530,849.740,4
SQ:XPTUSD,2018-07-09T20:38:00+02:00,849.750,849.800,849.750,849.790,10
SQ:XPTUSD,2018-07-09T20:39:00+02:00,849.800,849.810,849.720,849.810,11
SQ:XPTUSD,2018-07-09T20:40:00+02:00,849.800,849.990,849.800,849.990,8
SQ:XPTUSD,2018-07-09T20:41:00+02:00,849.910,850.230,849.910,850.060,15
SQ:XPTUSD,2018-07-09T20:42:00+02:00,850.090,850.130,849.960,849.960,7
SQ:XPTUSD,2018-07-09T20:43:00+02:00,849.970,850.020,849.960,850.020,11
SQ:XPTUSD,2018-07-09T20:44:00+02:00,850.060,850.060,849.980,850.020,7
SQ:XPTUSD,2018-07-09T20:45:00+02:00,850.030,850.050,850.030,850.030,3
SQ:XPTUSD,2018-07-09T20:46:00+02:00,850.070,850.140,850.040,850.140,4
SQ:XPTUSD,2018-07-09T20:47:00+02:00,850.150,850.590,850.150,850.520,10
SQ:XPTUSD,2018-07-09T20:48:00+02:00,850.510,850.530,850.450,850.510,9
SQ:XPTUSD,2018-07-09T20:49:00+02:00,850.450,850.460,850.260,850.270,7
SQ:XPTUSD,2018-07-09T20:50:00+02:00,850.300,850.300,850.250,850.260,5
SQ:XPTUSD,2018-07-09T20:51:00+02:00,850.270,850.280,850.270,850.280,2
SQ:XPTUSD,2018-07-09T20:52:00+02:00,850.310,850.630,850.310,850.630,14
SQ:XPTUSD,2018-07-09T20:53:00+02:00,850.620,850.620,850.460,850.460,3
SQ:XPTUSD,2018-07-09T20:54:00+02:00,850.450,850.530,850.450,850.510,7
SQ:XPTUSD,2018-07-09T20:55:00+02:00,850.520,850.520,850.450,850.460,6
SQ:XPTUSD,2018-07-09T20:56:00+02:00,850.520,850.520,850.510,850.520,3
SQ:XPTUSD,2018-07-09T20:57:00+02:00,850.470,850.690,850.460,850.690,14
SQ:XPTUSD,2018-07-09T20:58:00+02:00,850.730,850.750,850.720,850.740,12
SQ:XPTUSD,2018-07-09T20:59:00+02:00,850.750,850.750,850.730,850.730,14
SQ:XPTUSD,2018-07-09T21:00:00+02:00,850.720,850.850,850.710,850.850,19
SQ:XPTUSD,2018-07-09T21:01:00+02:00,850.840,850.930,850.810,850.930,5
SQ:XPTUSD,2018-07-09T21:02:00+02:00,850.940,850.940,850.750,850.780,10
SQ:XPTUSD,2018-07-09T21:03:00+02:00,850.820,850.820,850.570,850.610,15
SQ:XPTUSD,2018-07-09T21:04:00+02:00,850.440,850.600,850.380,850.590,14
SQ:XPTUSD,2018-07-09T21:05:00+02:00,850.560,850.590,850.560,850.590,3
SQ:XPTUSD,2018-07-09T21:06:00+02:00,850.580,850.680,850.570,850.680,5
SQ:XPTUSD,2018-07-09T21:07:00+02:00,850.670,850.750,850.640,850.750,4
SQ:XPTUSD,2018-07-09T21:08:00+02:00,850.790,851.070,850.750,850.970,10
SQ:XPTUSD,2018-07-09T21:09:00+02:00,851.020,851.020,850.930,850.940,3
SQ:XPTUSD,2018-07-09T21:10:00+02:00,850.930,850.930,850.920,850.920,4
SQ:XPTUSD,2018-07-09T21:14:00+02:00,850.880,850.880,850.880,850.880,1
SQ:XPTUSD,2018-07-09T21:15:00+02:00,850.730,850.730,850.720,850.720,2
SQ:XPTUSD,2018-07-09T21:16:00+02:00,850.750,851.020,850.750,851.020,5
SQ:XPTUSD,2018-07-09T21:17:00+02:00,851.090,851.090,850.840,850.850,13
SQ:XPTUSD,2018-07-09T21:18:00+02:00,850.830,850.830,850.720,850.780,9
SQ:XPTUSD,2018-07-09T21:19:00+02:00,850.770,850.780,850.720,850.730,10
SQ:XPTUSD,2018-07-09T21:20:00+02:00,850.740,850.740,850.690,850.690,3
SQ:XPTUSD,2018-07-09T21:21:00+02:00,850.680,850.680,850.670,850.670,2
SQ:XPTUSD,2018-07-09T21:22:00+02:00,850.650,850.650,850.570,850.570,3
SQ:XPTUSD,2018-07-09T21:23:00+02:00,850.400,850.470,850.400,850.470,5
SQ:XPTUSD,2018-07-09T21:24:00+02:00,850.460,850.460,850.390,850.390,2
SQ:XPTUSD,2018-07-09T21:25:00+02:00,850.340,850.350,850.330,850.350,3
SQ:XPTUSD,2018-07-09T21:26:00+02:00,850.340,850.360,850.340,850.350,7
SQ:XPTUSD,2018-07-09T21:27:00+02:00,850.350,850.350,850.280,850.290,4
SQ:XPTUSD,2018-07-09T21:28:00+02:00,850.270,850.330,850.100,850.150,11
SQ:XPTUSD,2018-07-09T21:29:00+02:00,850.150,850.170,850.060,850.110,18
SQ:XPTUSD,2018-07-09T21:30:00+02:00,850.210,850.300,850.100,850.300,23
SQ:XPTUSD,2018-07-09T21:31:00+02:00,850.310,850.450,850.180,850.450,13
SQ:XPTUSD,2018-07-09T21:32:00+02:00,850.440,850.440,850.150,850.150,6
SQ:XPTUSD,2018-07-09T21:33:00+02:00,850.130,850.150,850.120,850.140,8
SQ:XPTUSD,2018-07-09T21:34:00+02:00,850.150,850.340,850.150,850.330,5
SQ:XPTUSD,2018-07-09T21:35:00+02:00,850.340,850.360,850.270,850.280,11
SQ:XPTUSD,2018-07-09T21:36:00+02:00,850.240,850.240,850.180,850.190,6
SQ:XPTUSD,2018-07-09T21:37:00+02:00,849.950,849.950,849.800,849.910,11
SQ:XPTUSD,2018-07-09T21:39:00+02:00,849.860,849.910,849.860,849.910,5
SQ:XPTUSD,2018-07-09T21:40:00+02:00,849.960,850.110,849.960,850.090,3
SQ:XPTUSD,2018-07-09T21:42:00+02:00,850.140,850.310,850.140,850.300,13
SQ:XPTUSD,2018-07-09T21:43:00+02:00,850.290,850.330,850.290,850.290,3
SQ:XPTUSD,2018-07-09T21:44:00+02:00,850.280,850.280,849.910,849.910,14
SQ:XPTUSD,2018-07-09T21:45:00+02:00,849.860,850.150,849.660,850.150,18
SQ:XPTUSD,2018-07-09T21:46:00+02:00,850.200,850.550,850.090,850.550,12
SQ:XPTUSD,2018-07-09T21:47:00+02:00,850.540,850.540,850.200,850.310,12
SQ:XPTUSD,2018-07-09T21:48:00+02:00,850.310,850.560,850.310,850.560,5
SQ:XPTUSD,2018-07-09T21:49:00+02:00,850.530,850.530,850.370,850.390,4
SQ:XPTUSD,2018-07-09T21:50:00+02:00,850.360,850.430,850.360,850.430,4
SQ:XPTUSD,2018-07-09T21:51:00+02:00,850.480,850.520,850.470,850.520,4
SQ:XPTUSD,2018-07-09T21:52:00+02:00,850.540,850.680,850.400,850.480,21
SQ:XPTUSD,2018-07-09T21:53:00+02:00,850.490,850.690,850.490,850.690,8
SQ:XPTUSD,2018-07-09T21:54:00+02:00,850.700,850.840,850.590,850.650,11
SQ:XPTUSD,2018-07-09T21:55:00+02:00,850.650,850.650,850.650,850.650,1
SQ:XPTUSD,2018-07-09T21:56:00+02:00,850.650,850.710,850.520,850.710,8
SQ:XPTUSD,2018-07-09T21:57:00+02:00,850.720,850.750,850.680,850.750,14
SQ:XPTUSD,2018-07-09T21:58:00+02:00,850.740,850.750,850.530,850.560,13
SQ:XPTUSD,2018-07-09T21:59:00+02:00,850.620,850.620,850.320,850.340,25
SQ:XPTUSD,2018-07-09T22:00:00+02:00,850.330,850.330,850.250,850.250,7
SQ:XPTUSD,2018-07-09T22:02:00+02:00,850.300,850.350,850.300,850.350,2
SQ:XPTUSD,2018-07-09T22:03:00+02:00,850.380,850.530,850.380,850.530,9
SQ:XPTUSD,2018-07-09T22:04:00+02:00,850.540,850.700,850.540,850.700,5
SQ:XPTUSD,2018-07-09T22:05:00+02:00,850.680,850.690,850.660,850.660,6
SQ:XPTUSD,2018-07-09T22:06:00+02:00,850.670,850.670,850.580,850.610,9
SQ:XPTUSD,2018-07-09T22:07:00+02:00,850.620,850.620,850.610,850.610,2
SQ:XPTUSD,2018-07-09T22:08:00+02:00,850.610,850.610,850.610,850.610,1
SQ:XPTUSD,2018-07-09T22:10:00+02:00,850.610,850.610,850.120,850.300,28
SQ:XPTUSD,2018-07-09T22:11:00+02:00,850.340,850.340,850.170,850.190,11
SQ:XPTUSD,2018-07-09T22:12:00+02:00,850.250,850.290,850.250,850.290,17
SQ:XPTUSD,2018-07-09T22:13:00+02:00,850.280,850.290,850.280,850.290,7
SQ:XPTUSD,2018-07-09T22:14:00+02:00,850.280,850.290,850.280,850.290,6
SQ:XPTUSD,2018-07-09T22:16:00+02:00,850.290,850.290,850.280,850.280,2
SQ:XPTUSD,2018-07-09T22:17:00+02:00,850.300,850.300,850.300,850.300,1
SQ:XPTUSD,2018-07-09T22:18:00+02:00,850.300,850.350,850.300,850.350,3
SQ:XPTUSD,2018-07-09T22:21:00+02:00,849.500,850.450,849.500,850.450,2
SQ:XPTUSD,2018-07-09T22:22:00+02:00,850.440,850.450,850.440,850.450,2
SQ:XPTUSD,2018-07-09T22:23:00+02:00,850.430,850.430,850.430,850.430,1
SQ:XPTUSD,2018-07-09T22:36:00+02:00,848.140,848.150,848.140,848.150,2
SQ:XPTUSD,2018-07-09T22:39:00+02:00,850.360,850.420,850.130,850.130,18
SQ:XPTUSD,2018-07-09T22:40:00+02:00,850.090,850.090,850.090,850.090,1
SQ:XPTUSD,2018-07-09T22:42:00+02:00,850.090,850.100,850.090,850.100,2
SQ:XPTUSD,2018-07-09T22:43:00+02:00,850.110,850.110,850.110,850.110,1
SQ:XPTUSD,2018-07-09T22:44:00+02:00,850.110,850.110,850.110,850.110,1
SQ:XPTUSD,2018-07-09T22:45:00+02:00,850.100,850.350,849.990,850.350,7
SQ:XPTUSD,2018-07-09T22:46:00+02:00,850.380,850.610,850.380,850.610,4
SQ:XPTUSD,2018-07-09T22:47:00+02:00,850.580,850.580,850.390,850.390,2
SQ:XPTUSD,2018-07-09T22:48:00+02:00,850.390,850.390,850.390,850.390,1
SQ:XPTUSD,2018-07-09T22:49:00+02:00,850.390,850.440,850.390,850.440,2
SQ:XPTUSD,2018-07-09T22:50:00+02:00,850.430,850.440,850.430,850.430,3
SQ:XPTUSD,2018-07-09T22:51:00+02:00,850.440,850.490,850.440,850.460,6
SQ:XPTUSD,2018-07-09T22:52:00+02:00,850.480,850.480,850.460,850.470,3
SQ:XPTUSD,2018-07-09T22:53:00+02:00,850.480,850.570,850.480,850.560,3
SQ:XPTUSD,2018-07-09T22:54:00+02:00,850.570,850.570,850.460,850.490,5
