SQ:NZDUSD,2023-09-12T00:00:00+02:00,0.59173,0.59184,0.59169,0.59171,96
SQ:NZDUSD,2023-09-12T00:01:00+02:00,0.59171,0.59172,0.59169,0.59170,47
SQ:NZDUSD,2023-09-12T00:02:00+02:00,0.59171,0.59172,0.59170,0.59170,16
SQ:NZDUSD,2023-09-12T00:03:00+02:00,0.59171,0.59176,0.59171,0.59175,8
SQ:NZDUSD,2023-09-12T00:04:00+02:00,0.59176,0.59177,0.59176,0.59177,4
SQ:NZDUSD,2023-09-12T00:05:00+02:00,0.59176,0.59181,0.59176,0.59181,5
SQ:NZDUSD,2023-09-12T00:06:00+02:00,0.59181,0.59185,0.59181,0.59185,3
SQ:NZDUSD,2023-09-12T00:07:00+02:00,0.59180,0.59182,0.59176,0.59176,9
SQ:NZDUSD,2023-09-12T00:08:00+02:00,0.59177,0.59178,0.59177,0.59177,3
SQ:NZDUSD,2023-09-12T00:09:00+02:00,0.59181,0.59183,0.59181,0.59183,5
SQ:NZDUSD,2023-09-12T00:10:00+02:00,0.59183,0.59189,0.59180,0.59184,14
SQ:NZDUSD,2023-09-12T00:11:00+02:00,0.59185,0.59187,0.59178,0.59180,20
SQ:NZDUSD,2023-09-12T00:12:00+02:00,0.59182,0.59186,0.59181,0.59185,9
SQ:NZDUSD,2023-09-12T00:13:00+02:00,0.59184,0.59188,0.59184,0.59188,5
SQ:NZDUSD,2023-09-12T00:14:00+02:00,0.59189,0.59193,0.59189,0.59190,6
SQ:NZDUSD,2023-09-12T00:15:00+02:00,0.59191,0.59191,0.59185,0.59186,12
SQ:NZDUSD,2023-09-12T00:16:00+02:00,0.59187,0.59188,0.59182,0.59182,11
SQ:NZDUSD,2023-09-12T00:17:00+02:00,0.59182,0.59182,0.59176,0.59177,9
SQ:NZDUSD,2023-09-12T00:18:00+02:00,0.59176,0.59178,0.59175,0.59178,6
SQ:NZDUSD,2023-09-12T00:19:00+02:00,0.59177,0.59179,0.59177,0.59177,4
SQ:NZDUSD,2023-09-12T00:20:00+02:00,0.59177,0.59178,0.59177,0.59178,2
SQ:NZDUSD,2023-09-12T00:21:00+02:00,0.59179,0.59181,0.59177,0.59177,4
SQ:NZDUSD,2023-09-12T00:22:00+02:00,0.59177,0.59177,0.59177,0.59177,1
SQ:NZDUSD,2023-09-12T00:23:00+02:00,0.59178,0.59179,0.59178,0.59178,3
SQ:NZDUSD,2023-09-12T00:24:00+02:00,0.59180,0.59180,0.59175,0.59175,5
SQ:NZDUSD,2023-09-12T00:25:00+02:00,0.59175,0.59179,0.59175,0.59179,4
SQ:NZDUSD,2023-09-12T00:26:00+02:00,0.59180,0.59180,0.59178,0.59179,3
SQ:NZDUSD,2023-09-12T00:27:00+02:00,0.59179,0.59179,0.59173,0.59173,5
SQ:NZDUSD,2023-09-12T00:28:00+02:00,0.59173,0.59173,0.59173,0.59173,1
SQ:NZDUSD,2023-09-12T00:29:00+02:00,0.59173,0.59173,0.59161,0.59161,6
SQ:NZDUSD,2023-09-12T00:30:00+02:00,0.59161,0.59167,0.59160,0.59167,7
SQ:NZDUSD,2023-09-12T00:31:00+02:00,0.59168,0.59171,0.59168,0.59171,6
SQ:NZDUSD,2023-09-12T00:32:00+02:00,0.59171,0.59171,0.59166,0.59166,5
SQ:NZDUSD,2023-09-12T00:33:00+02:00,0.59166,0.59172,0.59165,0.59171,6
SQ:NZDUSD,2023-09-12T00:34:00+02:00,0.59173,0.59173,0.59171,0.59171,7
SQ:NZDUSD,2023-09-12T00:35:00+02:00,0.59171,0.59172,0.59171,0.59172,2
SQ:NZDUSD,2023-09-12T00:36:00+02:00,0.59172,0.59174,0.59166,0.59168,12
SQ:NZDUSD,2023-09-12T00:37:00+02:00,0.59168,0.59168,0.59164,0.59164,4
SQ:NZDUSD,2023-09-12T00:38:00+02:00,0.59164,0.59166,0.59163,0.59166,5
SQ:NZDUSD,2023-09-12T00:39:00+02:00,0.59166,0.59172,0.59165,0.59172,8
SQ:NZDUSD,2023-09-12T00:40:00+02:00,0.59172,0.59173,0.59172,0.59173,2
SQ:NZDUSD,2023-09-12T00:41:00+02:00,0.59174,0.59181,0.59174,0.59181,3
SQ:NZDUSD,2023-09-12T00:42:00+02:00,0.59181,0.59181,0.59181,0.59181,1
SQ:NZDUSD,2023-09-12T00:45:00+02:00,0.59184,0.59188,0.59173,0.59174,13
SQ:NZDUSD,2023-09-12T00:46:00+02:00,0.59173,0.59175,0.59161,0.59161,17
SQ:NZDUSD,2023-09-12T00:47:00+02:00,0.59161,0.59164,0.59161,0.59162,5
SQ:NZDUSD,2023-09-12T00:48:00+02:00,0.59162,0.59163,0.59162,0.59163,2
SQ:NZDUSD,2023-09-12T00:49:00+02:00,0.59162,0.59164,0.59162,0.59164,5
SQ:NZDUSD,2023-09-12T00:50:00+02:00,0.59164,0.59164,0.59163,0.59164,3
SQ:NZDUSD,2023-09-12T00:51:00+02:00,0.59164,0.59173,0.59164,0.59169,10
SQ:NZDUSD,2023-09-12T00:52:00+02:00,0.59169,0.59169,0.59164,0.59164,4
SQ:NZDUSD,2023-09-12T00:53:00+02:00,0.59164,0.59164,0.59162,0.59162,2
SQ:NZDUSD,2023-09-12T00:54:00+02:00,0.59162,0.59168,0.59161,0.59168,7
SQ:NZDUSD,2023-09-12T00:55:00+02:00,0.59169,0.59169,0.59166,0.59167,7
SQ:NZDUSD,2023-09-12T00:56:00+02:00,0.59166,0.59169,0.59166,0.59167,12
SQ:NZDUSD,2023-09-12T00:57:00+02:00,0.59167,0.59168,0.59166,0.59166,4
SQ:NZDUSD,2023-09-12T00:58:00+02:00,0.59165,0.59166,0.59165,0.59166,2
SQ:NZDUSD,2023-09-12T00:59:00+02:00,0.59166,0.59166,0.59163,0.59165,6
SQ:NZDUSD,2023-09-12T01:00:00+02:00,0.59165,0.59165,0.59162,0.59164,7
SQ:NZDUSD,2023-09-12T01:01:00+02:00,0.59164,0.59170,0.59163,0.59163,11
SQ:NZDUSD,2023-09-12T01:02:00+02:00,0.59163,0.59169,0.59163,0.59167,9
SQ:NZDUSD,2023-09-12T01:03:00+02:00,0.59167,0.59167,0.59167,0.59167,1
SQ:NZDUSD,2023-09-12T01:04:00+02:00,0.59165,0.59165,0.59163,0.59163,2
SQ:NZDUSD,2023-09-12T01:05:00+02:00,0.59163,0.59165,0.59162,0.59165,4
SQ:NZDUSD,2023-09-12T01:06:00+02:00,0.59166,0.59167,0.59164,0.59166,9
SQ:NZDUSD,2023-09-12T01:07:00+02:00,0.59166,0.59166,0.59164,0.59164,5
SQ:NZDUSD,2023-09-12T01:08:00+02:00,0.59164,0.59164,0.59164,0.59164,1
SQ:NZDUSD,2023-09-12T01:09:00+02:00,0.59164,0.59164,0.59162,0.59162,3
SQ:NZDUSD,2023-09-12T01:10:00+02:00,0.59163,0.59164,0.59163,0.59164,2
SQ:NZDUSD,2023-09-12T01:11:00+02:00,0.59164,0.59165,0.59162,0.59162,3
SQ:NZDUSD,2023-09-12T01:12:00+02:00,0.59162,0.59163,0.59147,0.59150,18
SQ:NZDUSD,2023-09-12T01:13:00+02:00,0.59150,0.59152,0.59150,0.59150,7
SQ:NZDUSD,2023-09-12T01:14:00+02:00,0.59150,0.59154,0.59150,0.59154,6
SQ:NZDUSD,2023-09-12T01:15:00+02:00,0.59154,0.59154,0.59151,0.59151,3
SQ:NZDUSD,2023-09-12T01:16:00+02:00,0.59152,0.59152,0.59152,0.59152,1
SQ:NZDUSD,2023-09-12T01:17:00+02:00,0.59155,0.59160,0.59155,0.59158,6
SQ:NZDUSD,2023-09-12T01:18:00+02:00,0.59158,0.59158,0.59157,0.59158,5
SQ:NZDUSD,2023-09-12T01:19:00+02:00,0.59158,0.59162,0.59158,0.59160,6
SQ:NZDUSD,2023-09-12T01:20:00+02:00,0.59160,0.59165,0.59160,0.59165,4
SQ:NZDUSD,2023-09-12T01:21:00+02:00,0.59165,0.59165,0.59165,0.59165,1
SQ:NZDUSD,2023-09-12T01:22:00+02:00,0.59165,0.59166,0.59163,0.59164,4
SQ:NZDUSD,2023-09-12T01:23:00+02:00,0.59163,0.59163,0.59161,0.59162,3
SQ:NZDUSD,2023-09-12T01:24:00+02:00,0.59162,0.59163,0.59162,0.59163,2
SQ:NZDUSD,2023-09-12T01:25:00+02:00,0.59163,0.59165,0.59163,0.59163,5
SQ:NZDUSD,2023-09-12T01:26:00+02:00,0.59164,0.59165,0.59164,0.59165,2
SQ:NZDUSD,2023-09-12T01:27:00+02:00,0.59165,0.59165,0.59165,0.59165,1
SQ:NZDUSD,2023-09-12T01:28:00+02:00,0.59165,0.59165,0.59165,0.59165,1
SQ:NZDUSD,2023-09-12T01:29:00+02:00,0.59165,0.59165,0.59165,0.59165,1
SQ:NZDUSD,2023-09-12T01:30:00+02:00,0.59165,0.59166,0.59162,0.59163,6
SQ:NZDUSD,2023-09-12T01:31:00+02:00,0.59162,0.59165,0.59162,0.59163,5
SQ:NZDUSD,2023-09-12T01:32:00+02:00,0.59163,0.59163,0.59160,0.59162,8
SQ:NZDUSD,2023-09-12T01:33:00+02:00,0.59162,0.59163,0.59162,0.59163,2
SQ:NZDUSD,2023-09-12T01:34:00+02:00,0.59163,0.59163,0.59161,0.59161,4
SQ:NZDUSD,2023-09-12T01:35:00+02:00,0.59161,0.59162,0.59161,0.59162,2
SQ:NZDUSD,2023-09-12T01:36:00+02:00,0.59163,0.59167,0.59155,0.59155,13
SQ:NZDUSD,2023-09-12T01:37:00+02:00,0.59157,0.59157,0.59154,0.59154,4
SQ:NZDUSD,2023-09-12T01:38:00+02:00,0.59153,0.59165,0.59153,0.59159,15
SQ:NZDUSD,2023-09-12T01:39:00+02:00,0.59158,0.59161,0.59158,0.59159,8
SQ:NZDUSD,2023-09-12T01:40:00+02:00,0.59159,0.59167,0.59159,0.59166,7
SQ:NZDUSD,2023-09-12T01:41:00+02:00,0.59165,0.59165,0.59159,0.59160,7
SQ:NZDUSD,2023-09-12T01:42:00+02:00,0.59160,0.59160,0.59156,0.59156,3
SQ:NZDUSD,2023-09-12T01:43:00+02:00,0.59156,0.59157,0.59156,0.59157,2
SQ:NZDUSD,2023-09-12T01:44:00+02:00,0.59157,0.59159,0.59155,0.59156,6
SQ:NZDUSD,2023-09-12T01:45:00+02:00,0.59154,0.59154,0.59149,0.59152,9
SQ:NZDUSD,2023-09-12T01:46:00+02:00,0.59152,0.59156,0.59144,0.59144,12
SQ:NZDUSD,2023-09-12T01:47:00+02:00,0.59144,0.59148,0.59144,0.59148,5
SQ:NZDUSD,2023-09-12T01:48:00+02:00,0.59148,0.59150,0.59144,0.59145,19
SQ:NZDUSD,2023-09-12T01:49:00+02:00,0.59145,0.59150,0.59145,0.59147,24
SQ:NZDUSD,2023-09-12T01:50:00+02:00,0.59147,0.59151,0.59143,0.59149,18
SQ:NZDUSD,2023-09-12T01:51:00+02:00,0.59151,0.59152,0.59149,0.59149,5
SQ:NZDUSD,2023-09-12T01:52:00+02:00,0.59150,0.59155,0.59148,0.59149,11
SQ:NZDUSD,2023-09-12T01:53:00+02:00,0.59149,0.59151,0.59144,0.59145,7
SQ:NZDUSD,2023-09-12T01:54:00+02:00,0.59148,0.59148,0.59140,0.59144,14
SQ:NZDUSD,2023-09-12T01:55:00+02:00,0.59143,0.59143,0.59140,0.59141,3
SQ:NZDUSD,2023-09-12T01:56:00+02:00,0.59142,0.59143,0.59139,0.59140,15
SQ:NZDUSD,2023-09-12T01:57:00+02:00,0.59138,0.59143,0.59138,0.59141,8
SQ:NZDUSD,2023-09-12T01:58:00+02:00,0.59141,0.59141,0.59129,0.59129,14
SQ:NZDUSD,2023-09-12T01:59:00+02:00,0.59129,0.59131,0.59124,0.59124,21
SQ:NZDUSD,2023-09-12T02:00:00+02:00,0.59124,0.59128,0.59110,0.59116,76
SQ:NZDUSD,2023-09-12T02:01:00+02:00,0.59116,0.59116,0.59101,0.59101,82
SQ:NZDUSD,2023-09-12T02:02:00+02:00,0.59100,0.59103,0.59094,0.59100,53
SQ:NZDUSD,2023-09-12T02:03:00+02:00,0.59101,0.59114,0.59101,0.59103,51
SQ:NZDUSD,2023-09-12T02:04:00+02:00,0.59102,0.59103,0.59096,0.59096,26
SQ:NZDUSD,2023-09-12T02:05:00+02:00,0.59096,0.59105,0.59089,0.59091,49
SQ:NZDUSD,2023-09-12T02:06:00+02:00,0.59092,0.59093,0.59081,0.59085,35
SQ:NZDUSD,2023-09-12T02:07:00+02:00,0.59085,0.59095,0.59083,0.59084,36
SQ:NZDUSD,2023-09-12T02:08:00+02:00,0.59085,0.59093,0.59083,0.59084,34
SQ:NZDUSD,2023-09-12T02:09:00+02:00,0.59085,0.59093,0.59082,0.59087,24
SQ:NZDUSD,2023-09-12T02:10:00+02:00,0.59087,0.59091,0.59082,0.59091,22
SQ:NZDUSD,2023-09-12T02:11:00+02:00,0.59092,0.59101,0.59092,0.59099,16
SQ:NZDUSD,2023-09-12T02:12:00+02:00,0.59099,0.59103,0.59091,0.59092,20
SQ:NZDUSD,2023-09-12T02:13:00+02:00,0.59093,0.59101,0.59093,0.59094,13
SQ:NZDUSD,2023-09-12T02:14:00+02:00,0.59092,0.59095,0.59087,0.59094,29
SQ:NZDUSD,2023-09-12T02:15:00+02:00,0.59094,0.59094,0.59084,0.59089,27
SQ:NZDUSD,2023-09-12T02:16:00+02:00,0.59089,0.59089,0.59081,0.59085,21
SQ:NZDUSD,2023-09-12T02:17:00+02:00,0.59085,0.59089,0.59084,0.59084,18
SQ:NZDUSD,2023-09-12T02:18:00+02:00,0.59084,0.59088,0.59084,0.59087,17
SQ:NZDUSD,2023-09-12T02:19:00+02:00,0.59087,0.59110,0.59086,0.59110,24
SQ:NZDUSD,2023-09-12T02:20:00+02:00,0.59110,0.59113,0.59105,0.59108,23
SQ:NZDUSD,2023-09-12T02:21:00+02:00,0.59108,0.59124,0.59105,0.59120,19
SQ:NZDUSD,2023-09-12T02:22:00+02:00,0.59121,0.59122,0.59115,0.59115,31
SQ:NZDUSD,2023-09-12T02:23:00+02:00,0.59114,0.59114,0.59107,0.59108,19
SQ:NZDUSD,2023-09-12T02:24:00+02:00,0.59108,0.59110,0.59101,0.59102,13
SQ:NZDUSD,2023-09-12T02:25:00+02:00,0.59101,0.59104,0.59101,0.59102,8
SQ:NZDUSD,2023-09-12T02:26:00+02:00,0.59101,0.59104,0.59101,0.59101,7
SQ:NZDUSD,2023-09-12T02:27:00+02:00,0.59101,0.59106,0.59096,0.59096,38
SQ:NZDUSD,2023-09-12T02:28:00+02:00,0.59095,0.59099,0.59089,0.59093,26
SQ:NZDUSD,2023-09-12T02:29:00+02:00,0.59092,0.59095,0.59083,0.59083,17
SQ:NZDUSD,2023-09-12T02:30:00+02:00,0.59082,0.59082,0.59072,0.59077,42
SQ:NZDUSD,2023-09-12T02:31:00+02:00,0.59077,0.59081,0.59070,0.59071,24
SQ:NZDUSD,2023-09-12T02:32:00+02:00,0.59072,0.59073,0.59062,0.59062,43
SQ:NZDUSD,2023-09-12T02:33:00+02:00,0.59061,0.59071,0.59057,0.59067,22
SQ:NZDUSD,2023-09-12T02:34:00+02:00,0.59067,0.59076,0.59067,0.59076,26
SQ:NZDUSD,2023-09-12T02:35:00+02:00,0.59076,0.59080,0.59072,0.59079,25
SQ:NZDUSD,2023-09-12T02:36:00+02:00,0.59079,0.59087,0.59077,0.59087,10
SQ:NZDUSD,2023-09-12T02:37:00+02:00,0.59087,0.59087,0.59077,0.59077,20
SQ:NZDUSD,2023-09-12T02:38:00+02:00,0.59078,0.59078,0.59068,0.59068,14
SQ:NZDUSD,2023-09-12T02:39:00+02:00,0.59067,0.59067,0.59058,0.59058,12
SQ:NZDUSD,2023-09-12T02:40:00+02:00,0.59058,0.59065,0.59056,0.59065,15
SQ:NZDUSD,2023-09-12T02:41:00+02:00,0.59065,0.59071,0.59062,0.59065,21
SQ:NZDUSD,2023-09-12T02:42:00+02:00,0.59065,0.59074,0.59065,0.59073,24
SQ:NZDUSD,2023-09-12T02:43:00+02:00,0.59073,0.59080,0.59068,0.59073,29
SQ:NZDUSD,2023-09-12T02:44:00+02:00,0.59074,0.59076,0.59073,0.59076,16
SQ:NZDUSD,2023-09-12T02:45:00+02:00,0.59076,0.59080,0.59076,0.59076,4
SQ:NZDUSD,2023-09-12T02:46:00+02:00,0.59076,0.59077,0.59066,0.59077,10
SQ:NZDUSD,2023-09-12T02:47:00+02:00,0.59077,0.59080,0.59076,0.59078,10
SQ:NZDUSD,2023-09-12T02:48:00+02:00,0.59078,0.59079,0.59072,0.59076,13
SQ:NZDUSD,2023-09-12T02:49:00+02:00,0.59076,0.59077,0.59075,0.59076,19
SQ:NZDUSD,2023-09-12T02:50:00+02:00,0.59076,0.59076,0.59068,0.59073,26
SQ:NZDUSD,2023-09-12T02:51:00+02:00,0.59074,0.59080,0.59073,0.59076,22
SQ:NZDUSD,2023-09-12T02:52:00+02:00,0.59076,0.59080,0.59076,0.59080,21
SQ:NZDUSD,2023-09-12T02:53:00+02:00,0.59080,0.59084,0.59075,0.59081,24
SQ:NZDUSD,2023-09-12T02:54:00+02:00,0.59081,0.59101,0.59081,0.59089,99
SQ:NZDUSD,2023-09-12T02:55:00+02:00,0.59090,0.59090,0.59071,0.59072,66
SQ:NZDUSD,2023-09-12T02:56:00+02:00,0.59071,0.59076,0.59071,0.59072,34
SQ:NZDUSD,2023-09-12T02:57:00+02:00,0.59071,0.59077,0.59070,0.59072,64
SQ:NZDUSD,2023-09-12T02:58:00+02:00,0.59071,0.59074,0.59070,0.59073,37
SQ:NZDUSD,2023-09-12T02:59:00+02:00,0.59076,0.59076,0.59061,0.59061,69
SQ:NZDUSD,2023-09-12T03:00:00+02:00,0.59060,0.59063,0.59053,0.59061,84
SQ:NZDUSD,2023-09-12T03:01:00+02:00,0.59062,0.59067,0.59056,0.59061,53
SQ:NZDUSD,2023-09-12T03:02:00+02:00,0.59061,0.59065,0.59056,0.59065,9
SQ:NZDUSD,2023-09-12T03:03:00+02:00,0.59065,0.59065,0.59056,0.59057,26
SQ:NZDUSD,2023-09-12T03:04:00+02:00,0.59057,0.59059,0.59051,0.59052,17
SQ:NZDUSD,2023-09-12T03:05:00+02:00,0.59052,0.59071,0.59051,0.59069,38
SQ:NZDUSD,2023-09-12T03:06:00+02:00,0.59071,0.59071,0.59060,0.59065,65
SQ:NZDUSD,2023-09-12T03:07:00+02:00,0.59065,0.59085,0.59064,0.59083,61
SQ:NZDUSD,2023-09-12T03:08:00+02:00,0.59084,0.59091,0.59081,0.59089,70
SQ:NZDUSD,2023-09-12T03:09:00+02:00,0.59090,0.59101,0.59089,0.59099,42
SQ:NZDUSD,2023-09-12T03:10:00+02:00,0.59099,0.59107,0.59090,0.59107,96
SQ:NZDUSD,2023-09-12T03:11:00+02:00,0.59107,0.59113,0.59100,0.59112,51
SQ:NZDUSD,2023-09-12T03:12:00+02:00,0.59113,0.59172,0.59111,0.59150,172
SQ:NZDUSD,2023-09-12T03:13:00+02:00,0.59151,0.59168,0.59145,0.59158,124
SQ:NZDUSD,2023-09-12T03:14:00+02:00,0.59159,0.59163,0.59152,0.59158,95
SQ:NZDUSD,2023-09-12T03:15:00+02:00,0.59157,0.59157,0.59129,0.59145,215
SQ:NZDUSD,2023-09-12T03:16:00+02:00,0.59144,0.59158,0.59137,0.59141,115
SQ:NZDUSD,2023-09-12T03:17:00+02:00,0.59141,0.59150,0.59130,0.59137,183
SQ:NZDUSD,2023-09-12T03:18:00+02:00,0.59137,0.59142,0.59120,0.59122,112
SQ:NZDUSD,2023-09-12T03:19:00+02:00,0.59121,0.59121,0.59109,0.59114,106
SQ:NZDUSD,2023-09-12T03:20:00+02:00,0.59116,0.59116,0.59107,0.59109,100
SQ:NZDUSD,2023-09-12T03:21:00+02:00,0.59110,0.59112,0.59104,0.59107,85
SQ:NZDUSD,2023-09-12T03:22:00+02:00,0.59106,0.59113,0.59098,0.59098,69
SQ:NZDUSD,2023-09-12T03:23:00+02:00,0.59097,0.59098,0.59082,0.59091,120
SQ:NZDUSD,2023-09-12T03:24:00+02:00,0.59090,0.59091,0.59069,0.59069,108
SQ:NZDUSD,2023-09-12T03:25:00+02:00,0.59068,0.59080,0.59063,0.59076,78
SQ:NZDUSD,2023-09-12T03:26:00+02:00,0.59076,0.59081,0.59070,0.59080,35
SQ:NZDUSD,2023-09-12T03:27:00+02:00,0.59080,0.59086,0.59076,0.59083,29
SQ:NZDUSD,2023-09-12T03:28:00+02:00,0.59084,0.59088,0.59083,0.59084,15
SQ:NZDUSD,2023-09-12T03:29:00+02:00,0.59084,0.59090,0.59076,0.59089,30
SQ:NZDUSD,2023-09-12T03:30:00+02:00,0.59089,0.59089,0.59061,0.59076,48
SQ:NZDUSD,2023-09-12T03:31:00+02:00,0.59076,0.59078,0.59050,0.59050,35
SQ:NZDUSD,2023-09-12T03:32:00+02:00,0.59050,0.59056,0.59050,0.59050,13
SQ:NZDUSD,2023-09-12T03:33:00+02:00,0.59050,0.59052,0.59037,0.59043,43
SQ:NZDUSD,2023-09-12T03:34:00+02:00,0.59043,0.59050,0.59034,0.59040,62
SQ:NZDUSD,2023-09-12T03:35:00+02:00,0.59041,0.59046,0.59035,0.59040,53
SQ:NZDUSD,2023-09-12T03:36:00+02:00,0.59041,0.59050,0.59037,0.59043,37
SQ:NZDUSD,2023-09-12T03:37:00+02:00,0.59043,0.59043,0.59037,0.59041,45
SQ:NZDUSD,2023-09-12T03:38:00+02:00,0.59041,0.59042,0.59034,0.59039,29
SQ:NZDUSD,2023-09-12T03:39:00+02:00,0.59038,0.59045,0.59037,0.59037,68
SQ:NZDUSD,2023-09-12T03:40:00+02:00,0.59037,0.59047,0.59037,0.59047,58
SQ:NZDUSD,2023-09-12T03:41:00+02:00,0.59047,0.59053,0.59047,0.59049,26
SQ:NZDUSD,2023-09-12T03:42:00+02:00,0.59049,0.59057,0.59047,0.59047,59
SQ:NZDUSD,2023-09-12T03:43:00+02:00,0.59047,0.59053,0.59041,0.59053,51
SQ:NZDUSD,2023-09-12T03:44:00+02:00,0.59056,0.59063,0.59053,0.59059,74
SQ:NZDUSD,2023-09-12T03:45:00+02:00,0.59060,0.59063,0.59053,0.59053,71
SQ:NZDUSD,2023-09-12T03:46:00+02:00,0.59052,0.59061,0.59045,0.59059,85
SQ:NZDUSD,2023-09-12T03:47:00+02:00,0.59061,0.59061,0.59052,0.59057,64
SQ:NZDUSD,2023-09-12T03:48:00+02:00,0.59057,0.59077,0.59054,0.59070,86
SQ:NZDUSD,2023-09-12T03:49:00+02:00,0.59069,0.59075,0.59067,0.59070,88
SQ:NZDUSD,2023-09-12T03:50:00+02:00,0.59071,0.59073,0.59063,0.59067,73
SQ:NZDUSD,2023-09-12T03:51:00+02:00,0.59066,0.59089,0.59065,0.59086,112
SQ:NZDUSD,2023-09-12T03:52:00+02:00,0.59085,0.59086,0.59063,0.59065,93
SQ:NZDUSD,2023-09-12T03:53:00+02:00,0.59065,0.59065,0.59052,0.59058,67
SQ:NZDUSD,2023-09-12T03:54:00+02:00,0.59057,0.59079,0.59057,0.59075,97
SQ:NZDUSD,2023-09-12T03:55:00+02:00,0.59074,0.59082,0.59073,0.59074,106
SQ:NZDUSD,2023-09-12T03:56:00+02:00,0.59073,0.59084,0.59069,0.59084,93
SQ:NZDUSD,2023-09-12T03:57:00+02:00,0.59084,0.59097,0.59077,0.59094,106
SQ:NZDUSD,2023-09-12T03:58:00+02:00,0.59093,0.59107,0.59093,0.59095,129
SQ:NZDUSD,2023-09-12T03:59:00+02:00,0.59095,0.59108,0.59085,0.59104,163
SQ:NZDUSD,2023-09-12T04:00:00+02:00,0.59104,0.59104,0.59089,0.59091,129
SQ:NZDUSD,2023-09-12T04:01:00+02:00,0.59090,0.59093,0.59083,0.59087,116
SQ:NZDUSD,2023-09-12T04:02:00+02:00,0.59087,0.59091,0.59078,0.59086,103
SQ:NZDUSD,2023-09-12T04:03:00+02:00,0.59086,0.59096,0.59081,0.59091,110
SQ:NZDUSD,2023-09-12T04:04:00+02:00,0.59090,0.59093,0.59086,0.59091,85
SQ:NZDUSD,2023-09-12T04:05:00+02:00,0.59091,0.59104,0.59089,0.59102,103
SQ:NZDUSD,2023-09-12T04:06:00+02:00,0.59103,0.59141,0.59101,0.59136,118
SQ:NZDUSD,2023-09-12T04:07:00+02:00,0.59136,0.59158,0.59136,0.59143,73
SQ:NZDUSD,2023-09-12T04:08:00+02:00,0.59142,0.59142,0.59132,0.59136,49
SQ:NZDUSD,2023-09-12T04:09:00+02:00,0.59134,0.59146,0.59134,0.59144,50
SQ:NZDUSD,2023-09-12T04:10:00+02:00,0.59145,0.59148,0.59138,0.59148,31
SQ:NZDUSD,2023-09-12T04:11:00+02:00,0.59149,0.59155,0.59149,0.59149,42
SQ:NZDUSD,2023-09-12T04:12:00+02:00,0.59150,0.59167,0.59147,0.59158,38
SQ:NZDUSD,2023-09-12T04:13:00+02:00,0.59158,0.59178,0.59157,0.59159,70
SQ:NZDUSD,2023-09-12T04:14:00+02:00,0.59159,0.59160,0.59141,0.59141,32
SQ:NZDUSD,2023-09-12T04:15:00+02:00,0.59141,0.59144,0.59132,0.59132,39
SQ:NZDUSD,2023-09-12T04:16:00+02:00,0.59131,0.59146,0.59129,0.59146,38
SQ:NZDUSD,2023-09-12T04:17:00+02:00,0.59146,0.59157,0.59146,0.59147,38
SQ:NZDUSD,2023-09-12T04:18:00+02:00,0.59148,0.59161,0.59148,0.59154,43
SQ:NZDUSD,2023-09-12T04:19:00+02:00,0.59153,0.59153,0.59142,0.59149,28
SQ:NZDUSD,2023-09-12T04:20:00+02:00,0.59149,0.59160,0.59147,0.59160,49
SQ:NZDUSD,2023-09-12T04:21:00+02:00,0.59160,0.59160,0.59146,0.59148,63
SQ:NZDUSD,2023-09-12T04:22:00+02:00,0.59147,0.59158,0.59145,0.59158,92
SQ:NZDUSD,2023-09-12T04:23:00+02:00,0.59158,0.59163,0.59148,0.59152,42
SQ:NZDUSD,2023-09-12T04:24:00+02:00,0.59151,0.59162,0.59150,0.59158,51
SQ:NZDUSD,2023-09-12T04:25:00+02:00,0.59160,0.59161,0.59141,0.59141,61
SQ:NZDUSD,2023-09-12T04:26:00+02:00,0.59141,0.59143,0.59136,0.59138,44
SQ:NZDUSD,2023-09-12T04:27:00+02:00,0.59138,0.59147,0.59137,0.59140,38
SQ:NZDUSD,2023-09-12T04:28:00+02:00,0.59139,0.59144,0.59138,0.59140,34
SQ:NZDUSD,2023-09-12T04:29:00+02:00,0.59139,0.59141,0.59136,0.59137,26
SQ:NZDUSD,2023-09-12T04:30:00+02:00,0.59137,0.59138,0.59132,0.59133,36
SQ:NZDUSD,2023-09-12T04:31:00+02:00,0.59134,0.59142,0.59128,0.59140,60
SQ:NZDUSD,2023-09-12T04:32:00+02:00,0.59140,0.59141,0.59131,0.59134,42
SQ:NZDUSD,2023-09-12T04:33:00+02:00,0.59135,0.59136,0.59134,0.59134,43
SQ:NZDUSD,2023-09-12T04:34:00+02:00,0.59134,0.59134,0.59125,0.59125,12
SQ:NZDUSD,2023-09-12T04:35:00+02:00,0.59125,0.59126,0.59121,0.59121,8
SQ:NZDUSD,2023-09-12T04:36:00+02:00,0.59121,0.59152,0.59121,0.59151,44
SQ:NZDUSD,2023-09-12T04:37:00+02:00,0.59153,0.59166,0.59148,0.59166,114
SQ:NZDUSD,2023-09-12T04:38:00+02:00,0.59165,0.59167,0.59144,0.59153,64
SQ:NZDUSD,2023-09-12T04:39:00+02:00,0.59154,0.59164,0.59150,0.59162,27
SQ:NZDUSD,2023-09-12T04:40:00+02:00,0.59162,0.59173,0.59156,0.59173,37
SQ:NZDUSD,2023-09-12T04:41:00+02:00,0.59173,0.59178,0.59168,0.59169,30
SQ:NZDUSD,2023-09-12T04:42:00+02:00,0.59169,0.59171,0.59164,0.59166,22
SQ:NZDUSD,2023-09-12T04:43:00+02:00,0.59166,0.59172,0.59158,0.59170,29
SQ:NZDUSD,2023-09-12T04:44:00+02:00,0.59171,0.59172,0.59164,0.59165,15
SQ:NZDUSD,2023-09-12T04:45:00+02:00,0.59165,0.59165,0.59157,0.59159,27
SQ:NZDUSD,2023-09-12T04:46:00+02:00,0.59159,0.59163,0.59152,0.59153,21
SQ:NZDUSD,2023-09-12T04:47:00+02:00,0.59153,0.59153,0.59152,0.59152,4
SQ:NZDUSD,2023-09-12T04:48:00+02:00,0.59153,0.59153,0.59143,0.59146,13
SQ:NZDUSD,2023-09-12T04:49:00+02:00,0.59146,0.59156,0.59138,0.59155,18
SQ:NZDUSD,2023-09-12T04:50:00+02:00,0.59154,0.59161,0.59152,0.59161,20
SQ:NZDUSD,2023-09-12T04:51:00+02:00,0.59161,0.59162,0.59156,0.59159,20
SQ:NZDUSD,2023-09-12T04:52:00+02:00,0.59159,0.59162,0.59154,0.59162,22
SQ:NZDUSD,2023-09-12T04:53:00+02:00,0.59162,0.59171,0.59156,0.59171,18
SQ:NZDUSD,2023-09-12T04:54:00+02:00,0.59171,0.59175,0.59167,0.59170,14
SQ:NZDUSD,2023-09-12T04:55:00+02:00,0.59170,0.59172,0.59162,0.59164,29
SQ:NZDUSD,2023-09-12T04:56:00+02:00,0.59163,0.59167,0.59161,0.59164,44
SQ:NZDUSD,2023-09-12T04:57:00+02:00,0.59164,0.59176,0.59164,0.59175,50
SQ:NZDUSD,2023-09-12T04:58:00+02:00,0.59174,0.59176,0.59169,0.59169,49
SQ:NZDUSD,2023-09-12T04:59:00+02:00,0.59169,0.59173,0.59167,0.59173,24
SQ:NZDUSD,2023-09-12T05:00:00+02:00,0.59173,0.59173,0.59149,0.59149,27
SQ:NZDUSD,2023-09-12T05:01:00+02:00,0.59149,0.59149,0.59144,0.59147,11
SQ:NZDUSD,2023-09-12T05:02:00+02:00,0.59147,0.59147,0.59144,0.59146,13
SQ:NZDUSD,2023-09-12T05:03:00+02:00,0.59144,0.59156,0.59143,0.59152,17
SQ:NZDUSD,2023-09-12T05:04:00+02:00,0.59152,0.59161,0.59152,0.59161,10
SQ:NZDUSD,2023-09-12T05:05:00+02:00,0.59161,0.59169,0.59161,0.59169,20
SQ:NZDUSD,2023-09-12T05:06:00+02:00,0.59170,0.59176,0.59166,0.59167,24
SQ:NZDUSD,2023-09-12T05:07:00+02:00,0.59167,0.59168,0.59156,0.59164,33
SQ:NZDUSD,2023-09-12T05:08:00+02:00,0.59164,0.59168,0.59164,0.59164,23
SQ:NZDUSD,2023-09-12T05:09:00+02:00,0.59164,0.59166,0.59160,0.59165,15
SQ:NZDUSD,2023-09-12T05:10:00+02:00,0.59165,0.59167,0.59151,0.59152,21
SQ:NZDUSD,2023-09-12T05:11:00+02:00,0.59151,0.59151,0.59143,0.59146,51
SQ:NZDUSD,2023-09-12T05:12:00+02:00,0.59145,0.59152,0.59145,0.59151,51
SQ:NZDUSD,2023-09-12T05:13:00+02:00,0.59152,0.59157,0.59151,0.59157,39
SQ:NZDUSD,2023-09-12T05:14:00+02:00,0.59157,0.59158,0.59155,0.59156,44
SQ:NZDUSD,2023-09-12T05:15:00+02:00,0.59154,0.59155,0.59149,0.59149,37
SQ:NZDUSD,2023-09-12T05:16:00+02:00,0.59150,0.59152,0.59145,0.59148,36
SQ:NZDUSD,2023-09-12T05:17:00+02:00,0.59147,0.59151,0.59147,0.59151,35
SQ:NZDUSD,2023-09-12T05:18:00+02:00,0.59152,0.59152,0.59145,0.59147,31
SQ:NZDUSD,2023-09-12T05:19:00+02:00,0.59146,0.59153,0.59140,0.59151,47
SQ:NZDUSD,2023-09-12T05:20:00+02:00,0.59152,0.59152,0.59140,0.59141,46
SQ:NZDUSD,2023-09-12T05:21:00+02:00,0.59140,0.59149,0.59140,0.59147,41
SQ:NZDUSD,2023-09-12T05:22:00+02:00,0.59148,0.59161,0.59146,0.59157,62
SQ:NZDUSD,2023-09-12T05:23:00+02:00,0.59157,0.59161,0.59151,0.59158,48
SQ:NZDUSD,2023-09-12T05:24:00+02:00,0.59158,0.59158,0.59149,0.59150,50
SQ:NZDUSD,2023-09-12T05:25:00+02:00,0.59151,0.59151,0.59145,0.59147,42
SQ:NZDUSD,2023-09-12T05:26:00+02:00,0.59147,0.59151,0.59147,0.59151,19
SQ:NZDUSD,2023-09-12T05:27:00+02:00,0.59151,0.59157,0.59151,0.59152,42
SQ:NZDUSD,2023-09-12T05:28:00+02:00,0.59151,0.59152,0.59146,0.59147,41
SQ:NZDUSD,2023-09-12T05:29:00+02:00,0.59145,0.59150,0.59145,0.59149,51
SQ:NZDUSD,2023-09-12T05:30:00+02:00,0.59148,0.59149,0.59144,0.59146,52
SQ:NZDUSD,2023-09-12T05:31:00+02:00,0.59146,0.59162,0.59146,0.59160,47
SQ:NZDUSD,2023-09-12T05:32:00+02:00,0.59160,0.59174,0.59159,0.59164,33
SQ:NZDUSD,2023-09-12T05:33:00+02:00,0.59164,0.59169,0.59159,0.59168,55
SQ:NZDUSD,2023-09-12T05:34:00+02:00,0.59169,0.59190,0.59169,0.59184,81
SQ:NZDUSD,2023-09-12T05:35:00+02:00,0.59184,0.59189,0.59180,0.59187,94
SQ:NZDUSD,2023-09-12T05:36:00+02:00,0.59187,0.59190,0.59178,0.59182,78
SQ:NZDUSD,2023-09-12T05:37:00+02:00,0.59182,0.59182,0.59172,0.59177,72
SQ:NZDUSD,2023-09-12T05:38:00+02:00,0.59176,0.59179,0.59173,0.59176,59
SQ:NZDUSD,2023-09-12T05:39:00+02:00,0.59176,0.59183,0.59176,0.59178,15
SQ:NZDUSD,2023-09-12T05:40:00+02:00,0.59178,0.59180,0.59175,0.59180,10
SQ:NZDUSD,2023-09-12T05:41:00+02:00,0.59180,0.59191,0.59179,0.59182,27
SQ:NZDUSD,2023-09-12T05:42:00+02:00,0.59182,0.59184,0.59178,0.59178,29
SQ:NZDUSD,2023-09-12T05:43:00+02:00,0.59176,0.59185,0.59175,0.59182,80
SQ:NZDUSD,2023-09-12T05:44:00+02:00,0.59184,0.59188,0.59183,0.59185,59
SQ:NZDUSD,2023-09-12T05:45:00+02:00,0.59184,0.59184,0.59175,0.59176,56
SQ:NZDUSD,2023-09-12T05:46:00+02:00,0.59177,0.59178,0.59169,0.59172,103
SQ:NZDUSD,2023-09-12T05:47:00+02:00,0.59172,0.59178,0.59170,0.59174,74
SQ:NZDUSD,2023-09-12T05:48:00+02:00,0.59173,0.59178,0.59169,0.59173,55
SQ:NZDUSD,2023-09-12T05:49:00+02:00,0.59174,0.59177,0.59174,0.59176,60
SQ:NZDUSD,2023-09-12T05:50:00+02:00,0.59174,0.59177,0.59170,0.59176,58
SQ:NZDUSD,2023-09-12T05:51:00+02:00,0.59175,0.59177,0.59168,0.59169,62
SQ:NZDUSD,2023-09-12T05:52:00+02:00,0.59168,0.59171,0.59166,0.59167,41
SQ:NZDUSD,2023-09-12T05:53:00+02:00,0.59168,0.59171,0.59159,0.59160,43
SQ:NZDUSD,2023-09-12T05:54:00+02:00,0.59159,0.59163,0.59152,0.59162,57
SQ:NZDUSD,2023-09-12T05:55:00+02:00,0.59163,0.59166,0.59159,0.59160,81
SQ:NZDUSD,2023-09-12T05:56:00+02:00,0.59159,0.59161,0.59155,0.59156,43
SQ:NZDUSD,2023-09-12T05:57:00+02:00,0.59155,0.59160,0.59152,0.59155,29
SQ:NZDUSD,2023-09-12T05:58:00+02:00,0.59154,0.59155,0.59152,0.59153,42
SQ:NZDUSD,2023-09-12T05:59:00+02:00,0.59153,0.59155,0.59152,0.59154,17
SQ:NZDUSD,2023-09-12T06:00:00+02:00,0.59154,0.59155,0.59149,0.59152,20
SQ:NZDUSD,2023-09-12T06:01:00+02:00,0.59152,0.59156,0.59150,0.59155,20
SQ:NZDUSD,2023-09-12T06:02:00+02:00,0.59156,0.59156,0.59151,0.59152,31
SQ:NZDUSD,2023-09-12T06:03:00+02:00,0.59153,0.59154,0.59150,0.59151,32
SQ:NZDUSD,2023-09-12T06:04:00+02:00,0.59152,0.59153,0.59145,0.59147,30
SQ:NZDUSD,2023-09-12T06:05:00+02:00,0.59147,0.59151,0.59136,0.59136,33
SQ:NZDUSD,2023-09-12T06:06:00+02:00,0.59139,0.59139,0.59134,0.59136,29
SQ:NZDUSD,2023-09-12T06:07:00+02:00,0.59137,0.59137,0.59135,0.59135,13
SQ:NZDUSD,2023-09-12T06:08:00+02:00,0.59135,0.59135,0.59125,0.59126,20
SQ:NZDUSD,2023-09-12T06:09:00+02:00,0.59125,0.59128,0.59120,0.59126,29
SQ:NZDUSD,2023-09-12T06:10:00+02:00,0.59126,0.59126,0.59115,0.59121,42
SQ:NZDUSD,2023-09-12T06:11:00+02:00,0.59122,0.59126,0.59118,0.59118,29
SQ:NZDUSD,2023-09-12T06:12:00+02:00,0.59118,0.59122,0.59116,0.59117,11
SQ:NZDUSD,2023-09-12T06:13:00+02:00,0.59117,0.59122,0.59117,0.59121,7
SQ:NZDUSD,2023-09-12T06:14:00+02:00,0.59122,0.59123,0.59115,0.59116,14
SQ:NZDUSD,2023-09-12T06:15:00+02:00,0.59115,0.59115,0.59103,0.59105,17
SQ:NZDUSD,2023-09-12T06:16:00+02:00,0.59104,0.59111,0.59097,0.59097,18
SQ:NZDUSD,2023-09-12T06:17:00+02:00,0.59097,0.59099,0.59092,0.59098,7
SQ:NZDUSD,2023-09-12T06:18:00+02:00,0.59098,0.59102,0.59097,0.59097,10
SQ:NZDUSD,2023-09-12T06:19:00+02:00,0.59097,0.59100,0.59096,0.59099,17
SQ:NZDUSD,2023-09-12T06:20:00+02:00,0.59100,0.59107,0.59099,0.59103,27
SQ:NZDUSD,2023-09-12T06:21:00+02:00,0.59104,0.59104,0.59097,0.59099,31
SQ:NZDUSD,2023-09-12T06:22:00+02:00,0.59100,0.59100,0.59096,0.59096,24
SQ:NZDUSD,2023-09-12T06:23:00+02:00,0.59096,0.59107,0.59096,0.59102,46
SQ:NZDUSD,2023-09-12T06:24:00+02:00,0.59102,0.59107,0.59097,0.59106,40
SQ:NZDUSD,2023-09-12T06:25:00+02:00,0.59105,0.59106,0.59092,0.59095,58
SQ:NZDUSD,2023-09-12T06:26:00+02:00,0.59095,0.59096,0.59085,0.59087,23
SQ:NZDUSD,2023-09-12T06:27:00+02:00,0.59087,0.59088,0.59082,0.59086,20
SQ:NZDUSD,2023-09-12T06:28:00+02:00,0.59086,0.59088,0.59083,0.59083,17
SQ:NZDUSD,2023-09-12T06:29:00+02:00,0.59083,0.59090,0.59081,0.59090,18
SQ:NZDUSD,2023-09-12T06:30:00+02:00,0.59090,0.59090,0.59083,0.59083,11
SQ:NZDUSD,2023-09-12T06:31:00+02:00,0.59085,0.59086,0.59073,0.59077,15
SQ:NZDUSD,2023-09-12T06:32:00+02:00,0.59077,0.59087,0.59077,0.59087,12
SQ:NZDUSD,2023-09-12T06:33:00+02:00,0.59087,0.59088,0.59087,0.59087,3
SQ:NZDUSD,2023-09-12T06:34:00+02:00,0.59088,0.59088,0.59087,0.59087,6
SQ:NZDUSD,2023-09-12T06:35:00+02:00,0.59087,0.59091,0.59087,0.59091,16
SQ:NZDUSD,2023-09-12T06:36:00+02:00,0.59096,0.59096,0.59092,0.59092,14
SQ:NZDUSD,2023-09-12T06:37:00+02:00,0.59092,0.59092,0.59087,0.59089,21
SQ:NZDUSD,2023-09-12T06:38:00+02:00,0.59089,0.59091,0.59079,0.59085,27
SQ:NZDUSD,2023-09-12T06:39:00+02:00,0.59086,0.59089,0.59084,0.59086,62
SQ:NZDUSD,2023-09-12T06:40:00+02:00,0.59086,0.59087,0.59079,0.59086,30
SQ:NZDUSD,2023-09-12T06:41:00+02:00,0.59087,0.59089,0.59081,0.59084,52
SQ:NZDUSD,2023-09-12T06:42:00+02:00,0.59085,0.59090,0.59077,0.59077,56
SQ:NZDUSD,2023-09-12T06:43:00+02:00,0.59078,0.59086,0.59077,0.59086,48
SQ:NZDUSD,2023-09-12T06:44:00+02:00,0.59085,0.59090,0.59079,0.59084,69
SQ:NZDUSD,2023-09-12T06:45:00+02:00,0.59083,0.59085,0.59078,0.59082,42
SQ:NZDUSD,2023-09-12T06:46:00+02:00,0.59081,0.59087,0.59078,0.59085,67
SQ:NZDUSD,2023-09-12T06:47:00+02:00,0.59084,0.59085,0.59082,0.59083,30
SQ:NZDUSD,2023-09-12T06:48:00+02:00,0.59083,0.59087,0.59083,0.59085,38
SQ:NZDUSD,2023-09-12T06:49:00+02:00,0.59085,0.59087,0.59082,0.59083,16
SQ:NZDUSD,2023-09-12T06:50:00+02:00,0.59083,0.59083,0.59080,0.59080,4
SQ:NZDUSD,2023-09-12T06:51:00+02:00,0.59080,0.59080,0.59076,0.59076,8
SQ:NZDUSD,2023-09-12T06:52:00+02:00,0.59080,0.59086,0.59080,0.59083,49
SQ:NZDUSD,2023-09-12T06:53:00+02:00,0.59083,0.59088,0.59077,0.59088,43
SQ:NZDUSD,2023-09-12T06:54:00+02:00,0.59088,0.59090,0.59085,0.59085,9
SQ:NZDUSD,2023-09-12T06:55:00+02:00,0.59085,0.59085,0.59076,0.59079,14
SQ:NZDUSD,2023-09-12T06:56:00+02:00,0.59079,0.59085,0.59078,0.59080,15
SQ:NZDUSD,2023-09-12T06:57:00+02:00,0.59079,0.59084,0.59078,0.59082,19
SQ:NZDUSD,2023-09-12T06:58:00+02:00,0.59082,0.59085,0.59080,0.59085,9
SQ:NZDUSD,2023-09-12T06:59:00+02:00,0.59085,0.59085,0.59074,0.59075,12
SQ:NZDUSD,2023-09-12T07:00:00+02:00,0.59074,0.59083,0.59072,0.59077,41
SQ:NZDUSD,2023-09-12T07:01:00+02:00,0.59076,0.59080,0.59071,0.59071,65
SQ:NZDUSD,2023-09-12T07:02:00+02:00,0.59071,0.59071,0.59059,0.59059,56
SQ:NZDUSD,2023-09-12T07:03:00+02:00,0.59059,0.59064,0.59057,0.59063,39
SQ:NZDUSD,2023-09-12T07:04:00+02:00,0.59063,0.59063,0.59056,0.59057,49
SQ:NZDUSD,2023-09-12T07:05:00+02:00,0.59055,0.59060,0.59048,0.59060,47
SQ:NZDUSD,2023-09-12T07:06:00+02:00,0.59060,0.59060,0.59051,0.59053,10
SQ:NZDUSD,2023-09-12T07:07:00+02:00,0.59053,0.59059,0.59052,0.59056,26
SQ:NZDUSD,2023-09-12T07:08:00+02:00,0.59056,0.59060,0.59053,0.59057,47
SQ:NZDUSD,2023-09-12T07:09:00+02:00,0.59057,0.59070,0.59057,0.59065,24
SQ:NZDUSD,2023-09-12T07:10:00+02:00,0.59066,0.59066,0.59061,0.59064,16
SQ:NZDUSD,2023-09-12T07:11:00+02:00,0.59064,0.59064,0.59054,0.59054,25
SQ:NZDUSD,2023-09-12T07:12:00+02:00,0.59054,0.59059,0.59054,0.59058,10
SQ:NZDUSD,2023-09-12T07:13:00+02:00,0.59058,0.59081,0.59057,0.59081,65
SQ:NZDUSD,2023-09-12T07:14:00+02:00,0.59081,0.59084,0.59074,0.59081,22
SQ:NZDUSD,2023-09-12T07:15:00+02:00,0.59081,0.59083,0.59072,0.59078,45
SQ:NZDUSD,2023-09-12T07:16:00+02:00,0.59078,0.59079,0.59076,0.59079,33
SQ:NZDUSD,2023-09-12T07:17:00+02:00,0.59078,0.59083,0.59078,0.59082,46
SQ:NZDUSD,2023-09-12T07:18:00+02:00,0.59082,0.59083,0.59066,0.59069,92
SQ:NZDUSD,2023-09-12T07:19:00+02:00,0.59069,0.59081,0.59069,0.59076,48
SQ:NZDUSD,2023-09-12T07:20:00+02:00,0.59076,0.59082,0.59069,0.59069,60
SQ:NZDUSD,2023-09-12T07:21:00+02:00,0.59069,0.59080,0.59065,0.59079,49
SQ:NZDUSD,2023-09-12T07:22:00+02:00,0.59079,0.59084,0.59079,0.59079,47
SQ:NZDUSD,2023-09-12T07:23:00+02:00,0.59079,0.59085,0.59077,0.59083,29
SQ:NZDUSD,2023-09-12T07:24:00+02:00,0.59084,0.59089,0.59081,0.59088,46
SQ:NZDUSD,2023-09-12T07:25:00+02:00,0.59088,0.59092,0.59086,0.59091,56
SQ:NZDUSD,2023-09-12T07:26:00+02:00,0.59091,0.59093,0.59082,0.59082,12
SQ:NZDUSD,2023-09-12T07:27:00+02:00,0.59082,0.59083,0.59081,0.59081,7
SQ:NZDUSD,2023-09-12T07:28:00+02:00,0.59081,0.59086,0.59077,0.59082,30
SQ:NZDUSD,2023-09-12T07:29:00+02:00,0.59082,0.59082,0.59071,0.59071,14
SQ:NZDUSD,2023-09-12T07:30:00+02:00,0.59070,0.59070,0.59049,0.59053,52
SQ:NZDUSD,2023-09-12T07:31:00+02:00,0.59052,0.59053,0.59041,0.59043,20
SQ:NZDUSD,2023-09-12T07:32:00+02:00,0.59042,0.59048,0.59039,0.59048,18
SQ:NZDUSD,2023-09-12T07:33:00+02:00,0.59047,0.59052,0.59044,0.59049,28
SQ:NZDUSD,2023-09-12T07:34:00+02:00,0.59049,0.59049,0.59038,0.59039,70
SQ:NZDUSD,2023-09-12T07:35:00+02:00,0.59040,0.59052,0.59040,0.59052,63
SQ:NZDUSD,2023-09-12T07:36:00+02:00,0.59051,0.59053,0.59046,0.59047,45
SQ:NZDUSD,2023-09-12T07:37:00+02:00,0.59046,0.59052,0.59045,0.59051,16
SQ:NZDUSD,2023-09-12T07:38:00+02:00,0.59052,0.59052,0.59042,0.59044,37
SQ:NZDUSD,2023-09-12T07:39:00+02:00,0.59045,0.59046,0.59040,0.59044,24
SQ:NZDUSD,2023-09-12T07:40:00+02:00,0.59045,0.59047,0.59033,0.59040,42
SQ:NZDUSD,2023-09-12T07:41:00+02:00,0.59041,0.59042,0.59031,0.59035,46
SQ:NZDUSD,2023-09-12T07:42:00+02:00,0.59035,0.59042,0.59035,0.59041,52
SQ:NZDUSD,2023-09-12T07:43:00+02:00,0.59042,0.59049,0.59041,0.59046,17
SQ:NZDUSD,2023-09-12T07:44:00+02:00,0.59046,0.59047,0.59045,0.59046,53
SQ:NZDUSD,2023-09-12T07:45:00+02:00,0.59046,0.59053,0.59039,0.59052,35
SQ:NZDUSD,2023-09-12T07:46:00+02:00,0.59052,0.59052,0.59040,0.59040,69
SQ:NZDUSD,2023-09-12T07:47:00+02:00,0.59042,0.59042,0.59039,0.59040,17
SQ:NZDUSD,2023-09-12T07:48:00+02:00,0.59040,0.59043,0.59030,0.59036,55
SQ:NZDUSD,2023-09-12T07:49:00+02:00,0.59036,0.59037,0.59028,0.59030,68
SQ:NZDUSD,2023-09-12T07:50:00+02:00,0.59031,0.59034,0.59029,0.59029,60
SQ:NZDUSD,2023-09-12T07:51:00+02:00,0.59030,0.59030,0.59022,0.59026,24
SQ:NZDUSD,2023-09-12T07:52:00+02:00,0.59025,0.59026,0.59011,0.59011,72
SQ:NZDUSD,2023-09-12T07:53:00+02:00,0.59011,0.59019,0.59008,0.59014,47
SQ:NZDUSD,2023-09-12T07:54:00+02:00,0.59011,0.59012,0.59000,0.59011,39
SQ:NZDUSD,2023-09-12T07:55:00+02:00,0.59010,0.59012,0.59007,0.59010,61
SQ:NZDUSD,2023-09-12T07:56:00+02:00,0.59005,0.59016,0.59004,0.59012,64
SQ:NZDUSD,2023-09-12T07:57:00+02:00,0.59012,0.59030,0.59010,0.59028,60
SQ:NZDUSD,2023-09-12T07:58:00+02:00,0.59027,0.59028,0.59025,0.59026,16
SQ:NZDUSD,2023-09-12T07:59:00+02:00,0.59026,0.59026,0.59012,0.59020,36
SQ:NZDUSD,2023-09-12T08:00:00+02:00,0.59020,0.59041,0.59013,0.59015,168
SQ:NZDUSD,2023-09-12T08:01:00+02:00,0.59014,0.59021,0.59006,0.59009,64
SQ:NZDUSD,2023-09-12T08:02:00+02:00,0.59010,0.59010,0.58994,0.59000,37
SQ:NZDUSD,2023-09-12T08:03:00+02:00,0.59001,0.59011,0.58999,0.59001,41
SQ:NZDUSD,2023-09-12T08:04:00+02:00,0.59001,0.59011,0.59001,0.59010,50
SQ:NZDUSD,2023-09-12T08:05:00+02:00,0.59009,0.59019,0.59008,0.59017,50
SQ:NZDUSD,2023-09-12T08:06:00+02:00,0.59018,0.59018,0.59002,0.59018,84
SQ:NZDUSD,2023-09-12T08:07:00+02:00,0.59017,0.59025,0.59008,0.59013,116
SQ:NZDUSD,2023-09-12T08:08:00+02:00,0.59013,0.59018,0.59009,0.59010,70
SQ:NZDUSD,2023-09-12T08:09:00+02:00,0.59013,0.59016,0.59005,0.59010,97
SQ:NZDUSD,2023-09-12T08:10:00+02:00,0.59010,0.59039,0.59009,0.59033,60
SQ:NZDUSD,2023-09-12T08:11:00+02:00,0.59033,0.59048,0.59028,0.59039,70
SQ:NZDUSD,2023-09-12T08:12:00+02:00,0.59038,0.59042,0.59033,0.59041,54
SQ:NZDUSD,2023-09-12T08:13:00+02:00,0.59036,0.59043,0.59033,0.59039,81
SQ:NZDUSD,2023-09-12T08:14:00+02:00,0.59039,0.59043,0.59033,0.59034,54
SQ:NZDUSD,2023-09-12T08:15:00+02:00,0.59033,0.59045,0.59033,0.59042,91
SQ:NZDUSD,2023-09-12T08:16:00+02:00,0.59042,0.59053,0.59042,0.59047,52
SQ:NZDUSD,2023-09-12T08:17:00+02:00,0.59046,0.59048,0.59038,0.59042,71
SQ:NZDUSD,2023-09-12T08:18:00+02:00,0.59043,0.59044,0.59038,0.59039,58
SQ:NZDUSD,2023-09-12T08:19:00+02:00,0.59037,0.59041,0.59030,0.59040,47
SQ:NZDUSD,2023-09-12T08:20:00+02:00,0.59041,0.59048,0.59040,0.59046,62
SQ:NZDUSD,2023-09-12T08:21:00+02:00,0.59046,0.59056,0.59044,0.59054,41
SQ:NZDUSD,2023-09-12T08:22:00+02:00,0.59053,0.59054,0.59037,0.59042,67
SQ:NZDUSD,2023-09-12T08:23:00+02:00,0.59043,0.59043,0.59038,0.59043,45
SQ:NZDUSD,2023-09-12T08:24:00+02:00,0.59042,0.59043,0.59036,0.59043,45
SQ:NZDUSD,2023-09-12T08:25:00+02:00,0.59042,0.59043,0.59031,0.59032,74
SQ:NZDUSD,2023-09-12T08:26:00+02:00,0.59031,0.59038,0.59031,0.59034,52
SQ:NZDUSD,2023-09-12T08:27:00+02:00,0.59034,0.59034,0.59027,0.59032,28
SQ:NZDUSD,2023-09-12T08:28:00+02:00,0.59032,0.59033,0.59029,0.59031,36
SQ:NZDUSD,2023-09-12T08:29:00+02:00,0.59030,0.59047,0.59029,0.59046,51
SQ:NZDUSD,2023-09-12T08:30:00+02:00,0.59047,0.59057,0.59045,0.59046,60
SQ:NZDUSD,2023-09-12T08:31:00+02:00,0.59047,0.59055,0.59043,0.59054,52
SQ:NZDUSD,2023-09-12T08:32:00+02:00,0.59053,0.59061,0.59042,0.59044,79
SQ:NZDUSD,2023-09-12T08:33:00+02:00,0.59044,0.59068,0.59042,0.59067,62
SQ:NZDUSD,2023-09-12T08:34:00+02:00,0.59068,0.59073,0.59064,0.59068,78
SQ:NZDUSD,2023-09-12T08:35:00+02:00,0.59068,0.59069,0.59043,0.59048,84
SQ:NZDUSD,2023-09-12T08:36:00+02:00,0.59049,0.59062,0.59046,0.59061,74
SQ:NZDUSD,2023-09-12T08:37:00+02:00,0.59061,0.59072,0.59057,0.59070,89
SQ:NZDUSD,2023-09-12T08:38:00+02:00,0.59071,0.59074,0.59065,0.59068,90
SQ:NZDUSD,2023-09-12T08:39:00+02:00,0.59069,0.59078,0.59067,0.59076,59
SQ:NZDUSD,2023-09-12T08:40:00+02:00,0.59075,0.59099,0.59075,0.59099,35
SQ:NZDUSD,2023-09-12T08:41:00+02:00,0.59098,0.59098,0.59093,0.59093,82
SQ:NZDUSD,2023-09-12T08:42:00+02:00,0.59094,0.59094,0.59082,0.59087,91
SQ:NZDUSD,2023-09-12T08:43:00+02:00,0.59088,0.59089,0.59080,0.59083,51
SQ:NZDUSD,2023-09-12T08:44:00+02:00,0.59082,0.59082,0.59075,0.59076,56
SQ:NZDUSD,2023-09-12T08:45:00+02:00,0.59076,0.59083,0.59072,0.59079,50
SQ:NZDUSD,2023-09-12T08:46:00+02:00,0.59078,0.59082,0.59072,0.59081,72
SQ:NZDUSD,2023-09-12T08:47:00+02:00,0.59080,0.59082,0.59074,0.59080,64
SQ:NZDUSD,2023-09-12T08:48:00+02:00,0.59081,0.59090,0.59080,0.59085,51
SQ:NZDUSD,2023-09-12T08:49:00+02:00,0.59084,0.59085,0.59080,0.59082,34
SQ:NZDUSD,2023-09-12T08:50:00+02:00,0.59085,0.59095,0.59081,0.59091,30
SQ:NZDUSD,2023-09-12T08:51:00+02:00,0.59091,0.59091,0.59087,0.59090,12
SQ:NZDUSD,2023-09-12T08:52:00+02:00,0.59091,0.59097,0.59089,0.59096,57
SQ:NZDUSD,2023-09-12T08:53:00+02:00,0.59096,0.59112,0.59095,0.59111,41
SQ:NZDUSD,2023-09-12T08:54:00+02:00,0.59110,0.59116,0.59103,0.59104,52
SQ:NZDUSD,2023-09-12T08:55:00+02:00,0.59105,0.59113,0.59100,0.59101,55
SQ:NZDUSD,2023-09-12T08:56:00+02:00,0.59102,0.59123,0.59101,0.59123,61
SQ:NZDUSD,2023-09-12T08:57:00+02:00,0.59125,0.59129,0.59121,0.59124,60
SQ:NZDUSD,2023-09-12T08:58:00+02:00,0.59124,0.59129,0.59118,0.59123,68
SQ:NZDUSD,2023-09-12T08:59:00+02:00,0.59124,0.59126,0.59119,0.59119,55
SQ:NZDUSD,2023-09-12T09:00:00+02:00,0.59118,0.59130,0.59115,0.59115,32
SQ:NZDUSD,2023-09-12T09:01:00+02:00,0.59115,0.59117,0.59108,0.59110,62
SQ:NZDUSD,2023-09-12T09:02:00+02:00,0.59110,0.59121,0.59107,0.59121,43
SQ:NZDUSD,2023-09-12T09:03:00+02:00,0.59120,0.59135,0.59116,0.59118,133
SQ:NZDUSD,2023-09-12T09:04:00+02:00,0.59119,0.59126,0.59116,0.59118,97
SQ:NZDUSD,2023-09-12T09:05:00+02:00,0.59118,0.59118,0.59106,0.59112,103
SQ:NZDUSD,2023-09-12T09:06:00+02:00,0.59112,0.59116,0.59098,0.59104,69
SQ:NZDUSD,2023-09-12T09:07:00+02:00,0.59102,0.59115,0.59102,0.59113,36
SQ:NZDUSD,2023-09-12T09:08:00+02:00,0.59115,0.59116,0.59108,0.59109,31
SQ:NZDUSD,2023-09-12T09:09:00+02:00,0.59108,0.59109,0.59092,0.59092,28
SQ:NZDUSD,2023-09-12T09:10:00+02:00,0.59092,0.59093,0.59072,0.59072,51
SQ:NZDUSD,2023-09-12T09:11:00+02:00,0.59072,0.59072,0.59060,0.59060,48
SQ:NZDUSD,2023-09-12T09:12:00+02:00,0.59059,0.59069,0.59050,0.59056,58
SQ:NZDUSD,2023-09-12T09:13:00+02:00,0.59056,0.59063,0.59054,0.59056,60
SQ:NZDUSD,2023-09-12T09:14:00+02:00,0.59056,0.59058,0.59053,0.59058,70
SQ:NZDUSD,2023-09-12T09:15:00+02:00,0.59056,0.59081,0.59053,0.59079,92
SQ:NZDUSD,2023-09-12T09:16:00+02:00,0.59078,0.59078,0.59066,0.59077,74
SQ:NZDUSD,2023-09-12T09:17:00+02:00,0.59077,0.59089,0.59075,0.59084,73
SQ:NZDUSD,2023-09-12T09:18:00+02:00,0.59084,0.59088,0.59079,0.59088,89
SQ:NZDUSD,2023-09-12T09:19:00+02:00,0.59089,0.59096,0.59085,0.59091,60
SQ:NZDUSD,2023-09-12T09:20:00+02:00,0.59091,0.59096,0.59083,0.59089,109
SQ:NZDUSD,2023-09-12T09:21:00+02:00,0.59089,0.59090,0.59075,0.59076,55
SQ:NZDUSD,2023-09-12T09:22:00+02:00,0.59078,0.59083,0.59071,0.59081,43
SQ:NZDUSD,2023-09-12T09:23:00+02:00,0.59081,0.59083,0.59077,0.59077,27
SQ:NZDUSD,2023-09-12T09:24:00+02:00,0.59077,0.59078,0.59053,0.59062,68
SQ:NZDUSD,2023-09-12T09:25:00+02:00,0.59062,0.59068,0.59056,0.59060,38
SQ:NZDUSD,2023-09-12T09:26:00+02:00,0.59060,0.59071,0.59059,0.59068,38
SQ:NZDUSD,2023-09-12T09:27:00+02:00,0.59068,0.59068,0.59056,0.59061,28
SQ:NZDUSD,2023-09-12T09:28:00+02:00,0.59061,0.59066,0.59054,0.59065,64
SQ:NZDUSD,2023-09-12T09:29:00+02:00,0.59066,0.59073,0.59066,0.59067,81
SQ:NZDUSD,2023-09-12T09:30:00+02:00,0.59066,0.59068,0.59060,0.59062,56
SQ:NZDUSD,2023-09-12T09:31:00+02:00,0.59062,0.59070,0.59055,0.59070,31
SQ:NZDUSD,2023-09-12T09:32:00+02:00,0.59070,0.59074,0.59061,0.59062,85
SQ:NZDUSD,2023-09-12T09:33:00+02:00,0.59062,0.59068,0.59055,0.59056,25
SQ:NZDUSD,2023-09-12T09:34:00+02:00,0.59056,0.59062,0.59051,0.59061,63
SQ:NZDUSD,2023-09-12T09:35:00+02:00,0.59060,0.59061,0.59048,0.59050,104
SQ:NZDUSD,2023-09-12T09:36:00+02:00,0.59050,0.59060,0.59046,0.59057,88
SQ:NZDUSD,2023-09-12T09:37:00+02:00,0.59057,0.59061,0.59053,0.59058,93
SQ:NZDUSD,2023-09-12T09:38:00+02:00,0.59058,0.59070,0.59057,0.59068,57
SQ:NZDUSD,2023-09-12T09:39:00+02:00,0.59068,0.59070,0.59054,0.59058,55
SQ:NZDUSD,2023-09-12T09:40:00+02:00,0.59058,0.59076,0.59058,0.59071,87
SQ:NZDUSD,2023-09-12T09:41:00+02:00,0.59071,0.59077,0.59069,0.59075,46
SQ:NZDUSD,2023-09-12T09:42:00+02:00,0.59075,0.59087,0.59071,0.59084,62
SQ:NZDUSD,2023-09-12T09:43:00+02:00,0.59084,0.59092,0.59076,0.59079,107
SQ:NZDUSD,2023-09-12T09:44:00+02:00,0.59080,0.59080,0.59063,0.59069,46
SQ:NZDUSD,2023-09-12T09:45:00+02:00,0.59069,0.59072,0.59063,0.59063,20
SQ:NZDUSD,2023-09-12T09:46:00+02:00,0.59062,0.59067,0.59053,0.59066,39
SQ:NZDUSD,2023-09-12T09:47:00+02:00,0.59065,0.59073,0.59060,0.59071,70
SQ:NZDUSD,2023-09-12T09:48:00+02:00,0.59070,0.59076,0.59050,0.59050,92
SQ:NZDUSD,2023-09-12T09:49:00+02:00,0.59050,0.59051,0.59044,0.59049,94
SQ:NZDUSD,2023-09-12T09:50:00+02:00,0.59048,0.59053,0.59043,0.59048,101
SQ:NZDUSD,2023-09-12T09:51:00+02:00,0.59048,0.59051,0.59023,0.59027,80
SQ:NZDUSD,2023-09-12T09:52:00+02:00,0.59027,0.59031,0.59024,0.59025,33
SQ:NZDUSD,2023-09-12T09:53:00+02:00,0.59025,0.59029,0.59017,0.59021,41
SQ:NZDUSD,2023-09-12T09:54:00+02:00,0.59022,0.59034,0.59017,0.59033,56
SQ:NZDUSD,2023-09-12T09:55:00+02:00,0.59031,0.59047,0.59030,0.59041,65
SQ:NZDUSD,2023-09-12T09:56:00+02:00,0.59041,0.59046,0.59034,0.59036,53
SQ:NZDUSD,2023-09-12T09:57:00+02:00,0.59035,0.59050,0.59031,0.59041,98
SQ:NZDUSD,2023-09-12T09:58:00+02:00,0.59042,0.59060,0.59041,0.59060,96
SQ:NZDUSD,2023-09-12T09:59:00+02:00,0.59057,0.59072,0.59057,0.59067,49
SQ:NZDUSD,2023-09-12T10:00:00+02:00,0.59067,0.59067,0.59047,0.59051,37
SQ:NZDUSD,2023-09-12T10:01:00+02:00,0.59048,0.59048,0.59039,0.59044,32
SQ:NZDUSD,2023-09-12T10:02:00+02:00,0.59044,0.59057,0.59043,0.59052,35
SQ:NZDUSD,2023-09-12T10:03:00+02:00,0.59054,0.59061,0.59047,0.59059,37
SQ:NZDUSD,2023-09-12T10:04:00+02:00,0.59060,0.59075,0.59060,0.59073,73
SQ:NZDUSD,2023-09-12T10:05:00+02:00,0.59073,0.59077,0.59070,0.59070,26
SQ:NZDUSD,2023-09-12T10:06:00+02:00,0.59070,0.59089,0.59070,0.59087,45
SQ:NZDUSD,2023-09-12T10:07:00+02:00,0.59088,0.59088,0.59081,0.59083,55
SQ:NZDUSD,2023-09-12T10:08:00+02:00,0.59082,0.59100,0.59082,0.59096,90
SQ:NZDUSD,2023-09-12T10:09:00+02:00,0.59097,0.59104,0.59097,0.59098,88
SQ:NZDUSD,2023-09-12T10:10:00+02:00,0.59097,0.59117,0.59097,0.59116,83
SQ:NZDUSD,2023-09-12T10:11:00+02:00,0.59115,0.59133,0.59113,0.59123,82
SQ:NZDUSD,2023-09-12T10:12:00+02:00,0.59124,0.59138,0.59121,0.59129,72
SQ:NZDUSD,2023-09-12T10:13:00+02:00,0.59131,0.59132,0.59122,0.59130,100
SQ:NZDUSD,2023-09-12T10:14:00+02:00,0.59130,0.59133,0.59123,0.59126,92
SQ:NZDUSD,2023-09-12T10:15:00+02:00,0.59125,0.59127,0.59110,0.59116,108
SQ:NZDUSD,2023-09-12T10:16:00+02:00,0.59115,0.59119,0.59111,0.59119,52
SQ:NZDUSD,2023-09-12T10:17:00+02:00,0.59119,0.59128,0.59114,0.59128,61
SQ:NZDUSD,2023-09-12T10:18:00+02:00,0.59127,0.59133,0.59126,0.59127,104
SQ:NZDUSD,2023-09-12T10:19:00+02:00,0.59126,0.59132,0.59115,0.59124,88
SQ:NZDUSD,2023-09-12T10:20:00+02:00,0.59124,0.59124,0.59116,0.59116,83
SQ:NZDUSD,2023-09-12T10:21:00+02:00,0.59115,0.59117,0.59104,0.59104,72
SQ:NZDUSD,2023-09-12T10:22:00+02:00,0.59104,0.59120,0.59103,0.59120,123
SQ:NZDUSD,2023-09-12T10:23:00+02:00,0.59120,0.59135,0.59113,0.59135,106
SQ:NZDUSD,2023-09-12T10:24:00+02:00,0.59135,0.59143,0.59135,0.59137,65
SQ:NZDUSD,2023-09-12T10:25:00+02:00,0.59137,0.59147,0.59137,0.59141,26
SQ:NZDUSD,2023-09-12T10:26:00+02:00,0.59141,0.59148,0.59141,0.59148,22
SQ:NZDUSD,2023-09-12T10:27:00+02:00,0.59148,0.59160,0.59148,0.59150,40
SQ:NZDUSD,2023-09-12T10:28:00+02:00,0.59150,0.59150,0.59138,0.59146,52
SQ:NZDUSD,2023-09-12T10:29:00+02:00,0.59149,0.59149,0.59141,0.59145,30
SQ:NZDUSD,2023-09-12T10:30:00+02:00,0.59144,0.59144,0.59133,0.59134,37
SQ:NZDUSD,2023-09-12T10:31:00+02:00,0.59134,0.59135,0.59127,0.59127,21
SQ:NZDUSD,2023-09-12T10:32:00+02:00,0.59127,0.59130,0.59122,0.59128,24
SQ:NZDUSD,2023-09-12T10:33:00+02:00,0.59128,0.59128,0.59124,0.59126,24
SQ:NZDUSD,2023-09-12T10:34:00+02:00,0.59124,0.59127,0.59121,0.59126,10
SQ:NZDUSD,2023-09-12T10:35:00+02:00,0.59126,0.59136,0.59123,0.59127,21
SQ:NZDUSD,2023-09-12T10:36:00+02:00,0.59127,0.59133,0.59122,0.59122,36
SQ:NZDUSD,2023-09-12T10:37:00+02:00,0.59121,0.59131,0.59121,0.59127,28
SQ:NZDUSD,2023-09-12T10:38:00+02:00,0.59126,0.59128,0.59121,0.59126,83
SQ:NZDUSD,2023-09-12T10:39:00+02:00,0.59126,0.59128,0.59123,0.59126,30
SQ:NZDUSD,2023-09-12T10:40:00+02:00,0.59126,0.59131,0.59117,0.59117,27
SQ:NZDUSD,2023-09-12T10:41:00+02:00,0.59117,0.59117,0.59110,0.59110,20
SQ:NZDUSD,2023-09-12T10:42:00+02:00,0.59110,0.59114,0.59105,0.59113,12
SQ:NZDUSD,2023-09-12T10:43:00+02:00,0.59113,0.59117,0.59109,0.59113,18
SQ:NZDUSD,2023-09-12T10:44:00+02:00,0.59113,0.59113,0.59090,0.59093,18
SQ:NZDUSD,2023-09-12T10:45:00+02:00,0.59093,0.59095,0.59084,0.59084,16
SQ:NZDUSD,2023-09-12T10:46:00+02:00,0.59084,0.59088,0.59080,0.59087,20
SQ:NZDUSD,2023-09-12T10:47:00+02:00,0.59087,0.59087,0.59084,0.59085,5
SQ:NZDUSD,2023-09-12T10:48:00+02:00,0.59085,0.59096,0.59082,0.59096,17
SQ:NZDUSD,2023-09-12T10:49:00+02:00,0.59096,0.59096,0.59089,0.59091,26
SQ:NZDUSD,2023-09-12T10:50:00+02:00,0.59091,0.59095,0.59089,0.59089,17
SQ:NZDUSD,2023-09-12T10:51:00+02:00,0.59089,0.59094,0.59084,0.59084,15
SQ:NZDUSD,2023-09-12T10:52:00+02:00,0.59085,0.59090,0.59077,0.59084,45
SQ:NZDUSD,2023-09-12T10:53:00+02:00,0.59084,0.59084,0.59070,0.59070,49
SQ:NZDUSD,2023-09-12T10:54:00+02:00,0.59070,0.59070,0.59056,0.59061,32
SQ:NZDUSD,2023-09-12T10:55:00+02:00,0.59061,0.59061,0.59044,0.59050,34
SQ:NZDUSD,2023-09-12T10:56:00+02:00,0.59050,0.59052,0.59043,0.59045,53
SQ:NZDUSD,2023-09-12T10:57:00+02:00,0.59044,0.59047,0.59040,0.59042,21
SQ:NZDUSD,2023-09-12T10:58:00+02:00,0.59041,0.59041,0.59031,0.59034,18
SQ:NZDUSD,2023-09-12T10:59:00+02:00,0.59034,0.59034,0.59022,0.59026,23
SQ:NZDUSD,2023-09-12T11:00:00+02:00,0.59024,0.59026,0.59017,0.59017,24
SQ:NZDUSD,2023-09-12T11:01:00+02:00,0.59017,0.59035,0.59017,0.59035,29
SQ:NZDUSD,2023-09-12T11:02:00+02:00,0.59035,0.59035,0.59022,0.59023,25
SQ:NZDUSD,2023-09-12T11:03:00+02:00,0.59024,0.59027,0.59021,0.59026,20
SQ:NZDUSD,2023-09-12T11:04:00+02:00,0.59026,0.59030,0.59022,0.59022,17
SQ:NZDUSD,2023-09-12T11:05:00+02:00,0.59022,0.59029,0.59022,0.59028,20
SQ:NZDUSD,2023-09-12T11:06:00+02:00,0.59028,0.59031,0.59022,0.59030,19
SQ:NZDUSD,2023-09-12T11:07:00+02:00,0.59030,0.59030,0.59022,0.59023,33
SQ:NZDUSD,2023-09-12T11:08:00+02:00,0.59025,0.59027,0.59022,0.59024,13
SQ:NZDUSD,2023-09-12T11:09:00+02:00,0.59023,0.59026,0.59022,0.59026,21
SQ:NZDUSD,2023-09-12T11:10:00+02:00,0.59027,0.59027,0.59026,0.59026,4
SQ:NZDUSD,2023-09-12T11:11:00+02:00,0.59026,0.59031,0.59026,0.59029,15
SQ:NZDUSD,2023-09-12T11:12:00+02:00,0.59028,0.59030,0.59017,0.59021,29
SQ:NZDUSD,2023-09-12T11:13:00+02:00,0.59021,0.59022,0.59007,0.59007,15
SQ:NZDUSD,2023-09-12T11:14:00+02:00,0.59005,0.59005,0.58999,0.58999,15
SQ:NZDUSD,2023-09-12T11:15:00+02:00,0.58999,0.59009,0.58999,0.59007,28
SQ:NZDUSD,2023-09-12T11:16:00+02:00,0.59002,0.59005,0.58997,0.59000,14
SQ:NZDUSD,2023-09-12T11:17:00+02:00,0.59000,0.59008,0.59000,0.59007,15
SQ:NZDUSD,2023-09-12T11:18:00+02:00,0.59007,0.59007,0.58996,0.58996,7
SQ:NZDUSD,2023-09-12T11:19:00+02:00,0.58996,0.58996,0.58990,0.58991,12
SQ:NZDUSD,2023-09-12T11:20:00+02:00,0.58991,0.58991,0.58978,0.58987,25
SQ:NZDUSD,2023-09-12T11:21:00+02:00,0.58987,0.58991,0.58987,0.58988,65
SQ:NZDUSD,2023-09-12T11:22:00+02:00,0.58989,0.59003,0.58988,0.59003,47
SQ:NZDUSD,2023-09-12T11:23:00+02:00,0.59002,0.59023,0.59002,0.59020,64
SQ:NZDUSD,2023-09-12T11:24:00+02:00,0.59021,0.59025,0.59012,0.59013,41
SQ:NZDUSD,2023-09-12T11:25:00+02:00,0.59013,0.59021,0.59010,0.59010,50
SQ:NZDUSD,2023-09-12T11:26:00+02:00,0.59011,0.59030,0.59011,0.59028,42
SQ:NZDUSD,2023-09-12T11:27:00+02:00,0.59029,0.59031,0.59021,0.59023,46
SQ:NZDUSD,2023-09-12T11:28:00+02:00,0.59023,0.59028,0.59020,0.59024,70
SQ:NZDUSD,2023-09-12T11:29:00+02:00,0.59024,0.59028,0.59022,0.59027,57
SQ:NZDUSD,2023-09-12T11:30:00+02:00,0.59026,0.59027,0.59007,0.59008,86
SQ:NZDUSD,2023-09-12T11:31:00+02:00,0.59008,0.59011,0.59004,0.59011,67
SQ:NZDUSD,2023-09-12T11:32:00+02:00,0.59011,0.59015,0.59007,0.59015,28
SQ:NZDUSD,2023-09-12T11:33:00+02:00,0.59015,0.59015,0.58992,0.58993,40
SQ:NZDUSD,2023-09-12T11:34:00+02:00,0.58992,0.59007,0.58992,0.59005,68
SQ:NZDUSD,2023-09-12T11:35:00+02:00,0.59005,0.59026,0.59002,0.59023,65
SQ:NZDUSD,2023-09-12T11:36:00+02:00,0.59023,0.59028,0.59008,0.59016,66
SQ:NZDUSD,2023-09-12T11:37:00+02:00,0.59017,0.59017,0.59010,0.59012,74
SQ:NZDUSD,2023-09-12T11:38:00+02:00,0.59013,0.59020,0.59011,0.59016,77
SQ:NZDUSD,2023-09-12T11:39:00+02:00,0.59017,0.59019,0.59013,0.59013,54
SQ:NZDUSD,2023-09-12T11:40:00+02:00,0.59012,0.59014,0.59007,0.59008,41
SQ:NZDUSD,2023-09-12T11:41:00+02:00,0.59010,0.59018,0.59008,0.59015,72
SQ:NZDUSD,2023-09-12T11:42:00+02:00,0.59015,0.59021,0.59012,0.59020,79
SQ:NZDUSD,2023-09-12T11:43:00+02:00,0.59019,0.59037,0.59019,0.59037,60
SQ:NZDUSD,2023-09-12T11:44:00+02:00,0.59037,0.59042,0.59037,0.59041,33
SQ:NZDUSD,2023-09-12T11:45:00+02:00,0.59039,0.59041,0.59030,0.59038,26
SQ:NZDUSD,2023-09-12T11:46:00+02:00,0.59038,0.59050,0.59038,0.59047,48
SQ:NZDUSD,2023-09-12T11:47:00+02:00,0.59047,0.59048,0.59035,0.59043,69
SQ:NZDUSD,2023-09-12T11:48:00+02:00,0.59043,0.59043,0.59030,0.59033,43
SQ:NZDUSD,2023-09-12T11:49:00+02:00,0.59033,0.59058,0.59033,0.59047,60
SQ:NZDUSD,2023-09-12T11:50:00+02:00,0.59046,0.59048,0.59041,0.59045,55
SQ:NZDUSD,2023-09-12T11:51:00+02:00,0.59045,0.59045,0.59023,0.59025,21
SQ:NZDUSD,2023-09-12T11:52:00+02:00,0.59025,0.59027,0.59022,0.59027,18
SQ:NZDUSD,2023-09-12T11:53:00+02:00,0.59026,0.59035,0.59026,0.59032,25
SQ:NZDUSD,2023-09-12T11:54:00+02:00,0.59032,0.59036,0.59027,0.59033,18
SQ:NZDUSD,2023-09-12T11:55:00+02:00,0.59033,0.59036,0.59031,0.59033,16
SQ:NZDUSD,2023-09-12T11:56:00+02:00,0.59033,0.59036,0.59027,0.59027,20
SQ:NZDUSD,2023-09-12T11:57:00+02:00,0.59028,0.59041,0.59028,0.59041,15
SQ:NZDUSD,2023-09-12T11:58:00+02:00,0.59039,0.59044,0.59034,0.59037,38
SQ:NZDUSD,2023-09-12T11:59:00+02:00,0.59037,0.59037,0.59032,0.59036,26
SQ:NZDUSD,2023-09-12T12:00:00+02:00,0.59036,0.59046,0.59029,0.59046,37
SQ:NZDUSD,2023-09-12T12:01:00+02:00,0.59046,0.59052,0.59043,0.59051,22
SQ:NZDUSD,2023-09-12T12:02:00+02:00,0.59051,0.59052,0.59047,0.59050,36
SQ:NZDUSD,2023-09-12T12:03:00+02:00,0.59050,0.59058,0.59050,0.59056,58
SQ:NZDUSD,2023-09-12T12:04:00+02:00,0.59056,0.59057,0.59048,0.59053,55
SQ:NZDUSD,2023-09-12T12:05:00+02:00,0.59053,0.59053,0.59045,0.59049,53
SQ:NZDUSD,2023-09-12T12:06:00+02:00,0.59048,0.59049,0.59038,0.59041,59
SQ:NZDUSD,2023-09-12T12:07:00+02:00,0.59040,0.59043,0.59039,0.59039,29
SQ:NZDUSD,2023-09-12T12:08:00+02:00,0.59039,0.59039,0.59030,0.59030,13
SQ:NZDUSD,2023-09-12T12:09:00+02:00,0.59030,0.59032,0.59021,0.59021,24
SQ:NZDUSD,2023-09-12T12:10:00+02:00,0.59021,0.59036,0.59021,0.59036,20
SQ:NZDUSD,2023-09-12T12:11:00+02:00,0.59037,0.59040,0.59034,0.59035,18
SQ:NZDUSD,2023-09-12T12:12:00+02:00,0.59036,0.59040,0.59034,0.59037,13
SQ:NZDUSD,2023-09-12T12:13:00+02:00,0.59037,0.59037,0.59027,0.59028,15
SQ:NZDUSD,2023-09-12T12:14:00+02:00,0.59028,0.59042,0.59028,0.59040,42
SQ:NZDUSD,2023-09-12T12:15:00+02:00,0.59040,0.59040,0.59028,0.59028,19
SQ:NZDUSD,2023-09-12T12:16:00+02:00,0.59029,0.59029,0.59019,0.59020,33
SQ:NZDUSD,2023-09-12T12:17:00+02:00,0.59021,0.59032,0.59020,0.59032,59
SQ:NZDUSD,2023-09-12T12:18:00+02:00,0.59033,0.59033,0.59026,0.59028,11
SQ:NZDUSD,2023-09-12T12:19:00+02:00,0.59028,0.59029,0.59018,0.59018,13
SQ:NZDUSD,2023-09-12T12:20:00+02:00,0.59018,0.59023,0.59016,0.59017,15
SQ:NZDUSD,2023-09-12T12:21:00+02:00,0.59016,0.59017,0.59011,0.59012,8
SQ:NZDUSD,2023-09-12T12:22:00+02:00,0.59012,0.59018,0.59012,0.59017,5
SQ:NZDUSD,2023-09-12T12:23:00+02:00,0.59016,0.59016,0.59016,0.59016,1
SQ:NZDUSD,2023-09-12T12:24:00+02:00,0.59016,0.59028,0.59016,0.59028,10
SQ:NZDUSD,2023-09-12T12:25:00+02:00,0.59028,0.59028,0.59023,0.59023,8
SQ:NZDUSD,2023-09-12T12:26:00+02:00,0.59022,0.59026,0.59020,0.59020,8
SQ:NZDUSD,2023-09-12T12:27:00+02:00,0.59020,0.59021,0.59017,0.59021,10
SQ:NZDUSD,2023-09-12T12:28:00+02:00,0.59021,0.59021,0.59017,0.59017,3
SQ:NZDUSD,2023-09-12T12:29:00+02:00,0.59017,0.59020,0.59016,0.59016,18
SQ:NZDUSD,2023-09-12T12:30:00+02:00,0.59016,0.59016,0.59015,0.59015,8
SQ:NZDUSD,2023-09-12T12:31:00+02:00,0.59016,0.59017,0.59014,0.59015,31
SQ:NZDUSD,2023-09-12T12:32:00+02:00,0.59010,0.59016,0.59010,0.59016,26
SQ:NZDUSD,2023-09-12T12:33:00+02:00,0.59017,0.59027,0.59017,0.59026,31
SQ:NZDUSD,2023-09-12T12:34:00+02:00,0.59026,0.59027,0.59021,0.59022,20
SQ:NZDUSD,2023-09-12T12:35:00+02:00,0.59022,0.59022,0.58985,0.58986,40
SQ:NZDUSD,2023-09-12T12:36:00+02:00,0.58986,0.58986,0.58977,0.58983,48
SQ:NZDUSD,2023-09-12T12:37:00+02:00,0.58983,0.58983,0.58975,0.58983,30
SQ:NZDUSD,2023-09-12T12:38:00+02:00,0.58984,0.58990,0.58984,0.58985,47
SQ:NZDUSD,2023-09-12T12:39:00+02:00,0.58985,0.58992,0.58984,0.58990,88
SQ:NZDUSD,2023-09-12T12:40:00+02:00,0.58989,0.58993,0.58986,0.58987,33
SQ:NZDUSD,2023-09-12T12:41:00+02:00,0.58987,0.58987,0.58963,0.58966,23
SQ:NZDUSD,2023-09-12T12:42:00+02:00,0.58966,0.58967,0.58954,0.58957,17
SQ:NZDUSD,2023-09-12T12:43:00+02:00,0.58957,0.58960,0.58938,0.58943,28
SQ:NZDUSD,2023-09-12T12:44:00+02:00,0.58942,0.58942,0.58930,0.58936,24
SQ:NZDUSD,2023-09-12T12:45:00+02:00,0.58935,0.58935,0.58918,0.58922,17
SQ:NZDUSD,2023-09-12T12:46:00+02:00,0.58922,0.58938,0.58917,0.58937,21
SQ:NZDUSD,2023-09-12T12:47:00+02:00,0.58937,0.58937,0.58924,0.58933,51
SQ:NZDUSD,2023-09-12T12:48:00+02:00,0.58932,0.58935,0.58930,0.58933,28
SQ:NZDUSD,2023-09-12T12:49:00+02:00,0.58932,0.58933,0.58924,0.58927,17
SQ:NZDUSD,2023-09-12T12:50:00+02:00,0.58927,0.58941,0.58926,0.58938,49
SQ:NZDUSD,2023-09-12T12:51:00+02:00,0.58937,0.58937,0.58929,0.58929,22
SQ:NZDUSD,2023-09-12T12:52:00+02:00,0.58929,0.58929,0.58920,0.58924,24
SQ:NZDUSD,2023-09-12T12:53:00+02:00,0.58924,0.58932,0.58924,0.58926,35
SQ:NZDUSD,2023-09-12T12:54:00+02:00,0.58925,0.58937,0.58924,0.58934,79
SQ:NZDUSD,2023-09-12T12:55:00+02:00,0.58933,0.58952,0.58932,0.58951,85
SQ:NZDUSD,2023-09-12T12:56:00+02:00,0.58952,0.58960,0.58950,0.58960,77
SQ:NZDUSD,2023-09-12T12:57:00+02:00,0.58959,0.58962,0.58955,0.58955,77
SQ:NZDUSD,2023-09-12T12:58:00+02:00,0.58955,0.58959,0.58947,0.58956,72
SQ:NZDUSD,2023-09-12T12:59:00+02:00,0.58958,0.58958,0.58952,0.58953,43
SQ:NZDUSD,2023-09-12T13:00:00+02:00,0.58954,0.58963,0.58951,0.58957,51
SQ:NZDUSD,2023-09-12T13:01:00+02:00,0.58957,0.58958,0.58947,0.58957,55
SQ:NZDUSD,2023-09-12T13:02:00+02:00,0.58957,0.58957,0.58937,0.58943,41
SQ:NZDUSD,2023-09-12T13:03:00+02:00,0.58944,0.58945,0.58940,0.58945,14
SQ:NZDUSD,2023-09-12T13:04:00+02:00,0.58945,0.58949,0.58938,0.58949,35
SQ:NZDUSD,2023-09-12T13:05:00+02:00,0.58949,0.58957,0.58948,0.58954,39
SQ:NZDUSD,2023-09-12T13:06:00+02:00,0.58956,0.58957,0.58948,0.58948,51
SQ:NZDUSD,2023-09-12T13:07:00+02:00,0.58946,0.58953,0.58946,0.58953,32
SQ:NZDUSD,2023-09-12T13:08:00+02:00,0.58955,0.58968,0.58955,0.58968,16
SQ:NZDUSD,2023-09-12T13:09:00+02:00,0.58967,0.58978,0.58967,0.58977,18
SQ:NZDUSD,2023-09-12T13:10:00+02:00,0.58978,0.58981,0.58971,0.58971,40
SQ:NZDUSD,2023-09-12T13:11:00+02:00,0.58972,0.58977,0.58971,0.58971,20
SQ:NZDUSD,2023-09-12T13:12:00+02:00,0.58971,0.58974,0.58966,0.58972,26
SQ:NZDUSD,2023-09-12T13:13:00+02:00,0.58973,0.58978,0.58972,0.58974,29
SQ:NZDUSD,2023-09-12T13:14:00+02:00,0.58973,0.58988,0.58972,0.58982,62
SQ:NZDUSD,2023-09-12T13:15:00+02:00,0.58981,0.58988,0.58979,0.58980,81
SQ:NZDUSD,2023-09-12T13:16:00+02:00,0.58979,0.58984,0.58977,0.58983,46
SQ:NZDUSD,2023-09-12T13:17:00+02:00,0.58982,0.58984,0.58978,0.58980,44
SQ:NZDUSD,2023-09-12T13:18:00+02:00,0.58979,0.58982,0.58968,0.58968,39
SQ:NZDUSD,2023-09-12T13:19:00+02:00,0.58968,0.58968,0.58956,0.58961,29
SQ:NZDUSD,2023-09-12T13:20:00+02:00,0.58962,0.58964,0.58959,0.58962,70
SQ:NZDUSD,2023-09-12T13:21:00+02:00,0.58962,0.58968,0.58957,0.58966,56
SQ:NZDUSD,2023-09-12T13:22:00+02:00,0.58966,0.58966,0.58952,0.58952,69
SQ:NZDUSD,2023-09-12T13:23:00+02:00,0.58952,0.58958,0.58951,0.58951,53
SQ:NZDUSD,2023-09-12T13:24:00+02:00,0.58952,0.58957,0.58948,0.58952,68
SQ:NZDUSD,2023-09-12T13:25:00+02:00,0.58952,0.58955,0.58948,0.58952,52
SQ:NZDUSD,2023-09-12T13:26:00+02:00,0.58953,0.58962,0.58953,0.58956,63
SQ:NZDUSD,2023-09-12T13:27:00+02:00,0.58957,0.58963,0.58956,0.58957,68
SQ:NZDUSD,2023-09-12T13:28:00+02:00,0.58958,0.58963,0.58957,0.58961,38
SQ:NZDUSD,2023-09-12T13:29:00+02:00,0.58962,0.58963,0.58957,0.58960,50
SQ:NZDUSD,2023-09-12T13:30:00+02:00,0.58959,0.58960,0.58944,0.58947,71
SQ:NZDUSD,2023-09-12T13:31:00+02:00,0.58948,0.58983,0.58947,0.58977,69
SQ:NZDUSD,2023-09-12T13:32:00+02:00,0.58978,0.58978,0.58962,0.58962,42
SQ:NZDUSD,2023-09-12T13:33:00+02:00,0.58963,0.58979,0.58961,0.58975,48
SQ:NZDUSD,2023-09-12T13:34:00+02:00,0.58975,0.58988,0.58974,0.58987,47
SQ:NZDUSD,2023-09-12T13:35:00+02:00,0.58986,0.58994,0.58979,0.58990,39
SQ:NZDUSD,2023-09-12T13:36:00+02:00,0.58990,0.58995,0.58981,0.58995,49
SQ:NZDUSD,2023-09-12T13:37:00+02:00,0.58995,0.58999,0.58990,0.58990,85
SQ:NZDUSD,2023-09-12T13:38:00+02:00,0.58993,0.59002,0.58993,0.59002,41
SQ:NZDUSD,2023-09-12T13:39:00+02:00,0.59001,0.59008,0.58999,0.59008,54
SQ:NZDUSD,2023-09-12T13:40:00+02:00,0.59007,0.59023,0.59004,0.59023,74
SQ:NZDUSD,2023-09-12T13:41:00+02:00,0.59022,0.59027,0.59019,0.59019,51
SQ:NZDUSD,2023-09-12T13:42:00+02:00,0.59019,0.59019,0.59011,0.59012,29
SQ:NZDUSD,2023-09-12T13:43:00+02:00,0.59012,0.59018,0.59012,0.59018,35
SQ:NZDUSD,2023-09-12T13:44:00+02:00,0.59018,0.59028,0.59018,0.59026,70
SQ:NZDUSD,2023-09-12T13:45:00+02:00,0.59027,0.59029,0.59025,0.59027,34
SQ:NZDUSD,2023-09-12T13:46:00+02:00,0.59026,0.59028,0.59019,0.59022,35
SQ:NZDUSD,2023-09-12T13:47:00+02:00,0.59022,0.59022,0.59008,0.59012,18
SQ:NZDUSD,2023-09-12T13:48:00+02:00,0.59013,0.59028,0.59012,0.59027,22
SQ:NZDUSD,2023-09-12T13:49:00+02:00,0.59028,0.59029,0.59021,0.59029,17
SQ:NZDUSD,2023-09-12T13:50:00+02:00,0.59030,0.59038,0.59030,0.59037,37
SQ:NZDUSD,2023-09-12T13:51:00+02:00,0.59037,0.59039,0.59033,0.59034,17
SQ:NZDUSD,2023-09-12T13:52:00+02:00,0.59035,0.59040,0.59031,0.59039,9
SQ:NZDUSD,2023-09-12T13:53:00+02:00,0.59039,0.59041,0.59035,0.59036,11
SQ:NZDUSD,2023-09-12T13:54:00+02:00,0.59037,0.59043,0.59037,0.59039,11
SQ:NZDUSD,2023-09-12T13:55:00+02:00,0.59039,0.59042,0.59030,0.59038,30
SQ:NZDUSD,2023-09-12T13:56:00+02:00,0.59038,0.59039,0.59030,0.59033,19
SQ:NZDUSD,2023-09-12T13:57:00+02:00,0.59034,0.59037,0.59028,0.59028,19
SQ:NZDUSD,2023-09-12T13:58:00+02:00,0.59026,0.59037,0.59024,0.59036,15
SQ:NZDUSD,2023-09-12T13:59:00+02:00,0.59036,0.59036,0.59027,0.59027,17
SQ:NZDUSD,2023-09-12T14:00:00+02:00,0.59027,0.59030,0.59020,0.59022,36
SQ:NZDUSD,2023-09-12T14:01:00+02:00,0.59022,0.59028,0.59021,0.59023,22
SQ:NZDUSD,2023-09-12T14:02:00+02:00,0.59023,0.59032,0.59023,0.59032,11
SQ:NZDUSD,2023-09-12T14:03:00+02:00,0.59032,0.59040,0.59029,0.59040,15
SQ:NZDUSD,2023-09-12T14:04:00+02:00,0.59039,0.59042,0.59035,0.59037,18
SQ:NZDUSD,2023-09-12T14:05:00+02:00,0.59037,0.59038,0.59024,0.59024,19
SQ:NZDUSD,2023-09-12T14:06:00+02:00,0.59024,0.59028,0.59009,0.59010,25
SQ:NZDUSD,2023-09-12T14:07:00+02:00,0.59011,0.59011,0.59001,0.59005,26
SQ:NZDUSD,2023-09-12T14:08:00+02:00,0.59005,0.59007,0.58986,0.58993,42
SQ:NZDUSD,2023-09-12T14:09:00+02:00,0.58993,0.59004,0.58991,0.59002,34
SQ:NZDUSD,2023-09-12T14:10:00+02:00,0.59002,0.59007,0.58997,0.59002,51
SQ:NZDUSD,2023-09-12T14:11:00+02:00,0.59002,0.59005,0.58999,0.59001,22
SQ:NZDUSD,2023-09-12T14:12:00+02:00,0.59001,0.59011,0.58995,0.58995,46
SQ:NZDUSD,2023-09-12T14:13:00+02:00,0.58995,0.58995,0.58982,0.58987,39
SQ:NZDUSD,2023-09-12T14:14:00+02:00,0.58988,0.58992,0.58985,0.58987,13
SQ:NZDUSD,2023-09-12T14:15:00+02:00,0.58989,0.58993,0.58970,0.58970,35
SQ:NZDUSD,2023-09-12T14:16:00+02:00,0.58970,0.58974,0.58944,0.58945,54
SQ:NZDUSD,2023-09-12T14:17:00+02:00,0.58945,0.58950,0.58928,0.58941,56
SQ:NZDUSD,2023-09-12T14:18:00+02:00,0.58942,0.58955,0.58938,0.58951,41
SQ:NZDUSD,2023-09-12T14:19:00+02:00,0.58950,0.58955,0.58943,0.58949,46
SQ:NZDUSD,2023-09-12T14:20:00+02:00,0.58949,0.58949,0.58917,0.58919,78
SQ:NZDUSD,2023-09-12T14:21:00+02:00,0.58919,0.58927,0.58913,0.58925,56
SQ:NZDUSD,2023-09-12T14:22:00+02:00,0.58926,0.58929,0.58916,0.58920,52
SQ:NZDUSD,2023-09-12T14:23:00+02:00,0.58918,0.58918,0.58900,0.58908,93
SQ:NZDUSD,2023-09-12T14:24:00+02:00,0.58908,0.58916,0.58905,0.58916,70
SQ:NZDUSD,2023-09-12T14:25:00+02:00,0.58917,0.58919,0.58911,0.58914,46
SQ:NZDUSD,2023-09-12T14:26:00+02:00,0.58914,0.58929,0.58912,0.58929,63
SQ:NZDUSD,2023-09-12T14:27:00+02:00,0.58930,0.58953,0.58930,0.58949,82
SQ:NZDUSD,2023-09-12T14:28:00+02:00,0.58952,0.58962,0.58951,0.58952,62
SQ:NZDUSD,2023-09-12T14:29:00+02:00,0.58952,0.58959,0.58950,0.58950,45
SQ:NZDUSD,2023-09-12T14:30:00+02:00,0.58949,0.58949,0.58931,0.58940,96
SQ:NZDUSD,2023-09-12T14:31:00+02:00,0.58939,0.58945,0.58938,0.58942,64
SQ:NZDUSD,2023-09-12T14:32:00+02:00,0.58943,0.58960,0.58942,0.58959,37
SQ:NZDUSD,2023-09-12T14:33:00+02:00,0.58957,0.58979,0.58953,0.58976,65
SQ:NZDUSD,2023-09-12T14:34:00+02:00,0.58975,0.58989,0.58975,0.58978,61
SQ:NZDUSD,2023-09-12T14:35:00+02:00,0.58979,0.59003,0.58976,0.58977,79
SQ:NZDUSD,2023-09-12T14:36:00+02:00,0.58977,0.58977,0.58950,0.58959,87
SQ:NZDUSD,2023-09-12T14:37:00+02:00,0.58959,0.58972,0.58957,0.58972,77
SQ:NZDUSD,2023-09-12T14:38:00+02:00,0.58972,0.58979,0.58959,0.58971,57
SQ:NZDUSD,2023-09-12T14:39:00+02:00,0.58971,0.58987,0.58965,0.58983,66
SQ:NZDUSD,2023-09-12T14:40:00+02:00,0.58983,0.59028,0.58983,0.59019,142
SQ:NZDUSD,2023-09-12T14:41:00+02:00,0.59019,0.59041,0.59017,0.59030,108
SQ:NZDUSD,2023-09-12T14:42:00+02:00,0.59028,0.59029,0.59012,0.59022,71
SQ:NZDUSD,2023-09-12T14:43:00+02:00,0.59022,0.59028,0.59005,0.59010,59
SQ:NZDUSD,2023-09-12T14:44:00+02:00,0.59011,0.59013,0.59004,0.59008,41
SQ:NZDUSD,2023-09-12T14:45:00+02:00,0.59008,0.59010,0.58996,0.59000,49
SQ:NZDUSD,2023-09-12T14:46:00+02:00,0.58999,0.59000,0.58988,0.58998,35
SQ:NZDUSD,2023-09-12T14:47:00+02:00,0.58998,0.58998,0.58975,0.58977,45
SQ:NZDUSD,2023-09-12T14:48:00+02:00,0.58978,0.58989,0.58969,0.58982,44
SQ:NZDUSD,2023-09-12T14:49:00+02:00,0.58982,0.58987,0.58967,0.58970,33
SQ:NZDUSD,2023-09-12T14:50:00+02:00,0.58970,0.58970,0.58956,0.58961,27
SQ:NZDUSD,2023-09-12T14:51:00+02:00,0.58961,0.58965,0.58950,0.58952,33
SQ:NZDUSD,2023-09-12T14:52:00+02:00,0.58952,0.58963,0.58942,0.58962,58
SQ:NZDUSD,2023-09-12T14:53:00+02:00,0.58962,0.58970,0.58960,0.58960,45
SQ:NZDUSD,2023-09-12T14:54:00+02:00,0.58959,0.58962,0.58952,0.58956,58
SQ:NZDUSD,2023-09-12T14:55:00+02:00,0.58955,0.58955,0.58938,0.58944,80
SQ:NZDUSD,2023-09-12T14:56:00+02:00,0.58943,0.58947,0.58933,0.58934,73
SQ:NZDUSD,2023-09-12T14:57:00+02:00,0.58935,0.58941,0.58922,0.58928,64
SQ:NZDUSD,2023-09-12T14:58:00+02:00,0.58929,0.58938,0.58927,0.58933,54
SQ:NZDUSD,2023-09-12T14:59:00+02:00,0.58932,0.58951,0.58931,0.58943,47
SQ:NZDUSD,2023-09-12T15:00:00+02:00,0.58940,0.58940,0.58911,0.58912,61
SQ:NZDUSD,2023-09-12T15:01:00+02:00,0.58912,0.58912,0.58888,0.58892,80
SQ:NZDUSD,2023-09-12T15:02:00+02:00,0.58892,0.58898,0.58885,0.58885,71
SQ:NZDUSD,2023-09-12T15:03:00+02:00,0.58884,0.58887,0.58865,0.58884,81
SQ:NZDUSD,2023-09-12T15:04:00+02:00,0.58884,0.58897,0.58879,0.58893,56
SQ:NZDUSD,2023-09-12T15:05:00+02:00,0.58893,0.58912,0.58890,0.58908,52
SQ:NZDUSD,2023-09-12T15:06:00+02:00,0.58908,0.58918,0.58901,0.58904,87
SQ:NZDUSD,2023-09-12T15:07:00+02:00,0.58904,0.58911,0.58895,0.58903,63
SQ:NZDUSD,2023-09-12T15:08:00+02:00,0.58902,0.58922,0.58902,0.58911,47
SQ:NZDUSD,2023-09-12T15:09:00+02:00,0.58911,0.58912,0.58894,0.58900,106
SQ:NZDUSD,2023-09-12T15:10:00+02:00,0.58901,0.58901,0.58887,0.58897,87
SQ:NZDUSD,2023-09-12T15:11:00+02:00,0.58897,0.58897,0.58886,0.58888,71
SQ:NZDUSD,2023-09-12T15:12:00+02:00,0.58887,0.58891,0.58883,0.58889,39
SQ:NZDUSD,2023-09-12T15:13:00+02:00,0.58890,0.58892,0.58876,0.58888,66
SQ:NZDUSD,2023-09-12T15:14:00+02:00,0.58889,0.58891,0.58885,0.58890,68
SQ:NZDUSD,2023-09-12T15:15:00+02:00,0.58891,0.58896,0.58886,0.58893,57
SQ:NZDUSD,2023-09-12T15:16:00+02:00,0.58892,0.58897,0.58884,0.58888,44
SQ:NZDUSD,2023-09-12T15:17:00+02:00,0.58889,0.58892,0.58870,0.58890,66
SQ:NZDUSD,2023-09-12T15:18:00+02:00,0.58890,0.58901,0.58886,0.58901,36
SQ:NZDUSD,2023-09-12T15:19:00+02:00,0.58901,0.58914,0.58900,0.58906,55
SQ:NZDUSD,2023-09-12T15:20:00+02:00,0.58907,0.58920,0.58906,0.58920,66
SQ:NZDUSD,2023-09-12T15:21:00+02:00,0.58919,0.58934,0.58919,0.58929,53
SQ:NZDUSD,2023-09-12T15:22:00+02:00,0.58929,0.58929,0.58904,0.58908,65
SQ:NZDUSD,2023-09-12T15:23:00+02:00,0.58904,0.58926,0.58904,0.58925,60
SQ:NZDUSD,2023-09-12T15:24:00+02:00,0.58924,0.58948,0.58923,0.58942,63
SQ:NZDUSD,2023-09-12T15:25:00+02:00,0.58943,0.58947,0.58938,0.58941,81
SQ:NZDUSD,2023-09-12T15:26:00+02:00,0.58941,0.58944,0.58933,0.58933,74
SQ:NZDUSD,2023-09-12T15:27:00+02:00,0.58934,0.58940,0.58933,0.58938,52
SQ:NZDUSD,2023-09-12T15:28:00+02:00,0.58939,0.58942,0.58918,0.58924,72
SQ:NZDUSD,2023-09-12T15:29:00+02:00,0.58923,0.58935,0.58923,0.58931,56
SQ:NZDUSD,2023-09-12T15:30:00+02:00,0.58931,0.58935,0.58921,0.58934,85
SQ:NZDUSD,2023-09-12T15:31:00+02:00,0.58933,0.58970,0.58933,0.58958,95
SQ:NZDUSD,2023-09-12T15:32:00+02:00,0.58958,0.58958,0.58942,0.58951,75
SQ:NZDUSD,2023-09-12T15:33:00+02:00,0.58953,0.58957,0.58941,0.58944,81
SQ:NZDUSD,2023-09-12T15:34:00+02:00,0.58945,0.58962,0.58940,0.58962,81
SQ:NZDUSD,2023-09-12T15:35:00+02:00,0.58962,0.58986,0.58962,0.58969,79
SQ:NZDUSD,2023-09-12T15:36:00+02:00,0.58968,0.58985,0.58966,0.58979,105
SQ:NZDUSD,2023-09-12T15:37:00+02:00,0.58980,0.59002,0.58975,0.58996,106
SQ:NZDUSD,2023-09-12T15:38:00+02:00,0.58995,0.58998,0.58972,0.58987,129
SQ:NZDUSD,2023-09-12T15:39:00+02:00,0.58987,0.58991,0.58968,0.58979,164
SQ:NZDUSD,2023-09-12T15:40:00+02:00,0.58979,0.58982,0.58963,0.58977,141
SQ:NZDUSD,2023-09-12T15:41:00+02:00,0.58977,0.58987,0.58969,0.58973,125
SQ:NZDUSD,2023-09-12T15:42:00+02:00,0.58974,0.58993,0.58971,0.58982,82
SQ:NZDUSD,2023-09-12T15:43:00+02:00,0.58983,0.58992,0.58980,0.58980,94
SQ:NZDUSD,2023-09-12T15:44:00+02:00,0.58980,0.58991,0.58962,0.58964,100
SQ:NZDUSD,2023-09-12T15:45:00+02:00,0.58964,0.58974,0.58949,0.58956,106
SQ:NZDUSD,2023-09-12T15:46:00+02:00,0.58956,0.58965,0.58956,0.58964,76
SQ:NZDUSD,2023-09-12T15:47:00+02:00,0.58965,0.58982,0.58965,0.58967,57
SQ:NZDUSD,2023-09-12T15:48:00+02:00,0.58968,0.58972,0.58955,0.58965,88
SQ:NZDUSD,2023-09-12T15:49:00+02:00,0.58966,0.58966,0.58934,0.58939,71
SQ:NZDUSD,2023-09-12T15:50:00+02:00,0.58940,0.58947,0.58934,0.58947,48
SQ:NZDUSD,2023-09-12T15:51:00+02:00,0.58947,0.58967,0.58947,0.58954,95
SQ:NZDUSD,2023-09-12T15:52:00+02:00,0.58954,0.58958,0.58944,0.58955,69
SQ:NZDUSD,2023-09-12T15:53:00+02:00,0.58955,0.58957,0.58947,0.58956,46
SQ:NZDUSD,2023-09-12T15:54:00+02:00,0.58957,0.58962,0.58946,0.58946,63
SQ:NZDUSD,2023-09-12T15:55:00+02:00,0.58947,0.58955,0.58938,0.58948,51
SQ:NZDUSD,2023-09-12T15:56:00+02:00,0.58948,0.58965,0.58948,0.58964,53
SQ:NZDUSD,2023-09-12T15:57:00+02:00,0.58964,0.58972,0.58962,0.58965,60
SQ:NZDUSD,2023-09-12T15:58:00+02:00,0.58964,0.58964,0.58952,0.58956,69
SQ:NZDUSD,2023-09-12T15:59:00+02:00,0.58955,0.58960,0.58946,0.58960,76
SQ:NZDUSD,2023-09-12T16:00:00+02:00,0.58961,0.58965,0.58951,0.58962,80
SQ:NZDUSD,2023-09-12T16:01:00+02:00,0.58962,0.58962,0.58945,0.58960,83
SQ:NZDUSD,2023-09-12T16:02:00+02:00,0.58960,0.58965,0.58955,0.58960,134
SQ:NZDUSD,2023-09-12T16:03:00+02:00,0.58961,0.58982,0.58960,0.58972,83
SQ:NZDUSD,2023-09-12T16:04:00+02:00,0.58973,0.58978,0.58963,0.58967,74
SQ:NZDUSD,2023-09-12T16:05:00+02:00,0.58967,0.58967,0.58946,0.58960,81
SQ:NZDUSD,2023-09-12T16:06:00+02:00,0.58961,0.58963,0.58954,0.58961,86
SQ:NZDUSD,2023-09-12T16:07:00+02:00,0.58961,0.58968,0.58955,0.58959,39
SQ:NZDUSD,2023-09-12T16:08:00+02:00,0.58960,0.58963,0.58954,0.58959,34
SQ:NZDUSD,2023-09-12T16:09:00+02:00,0.58957,0.58958,0.58937,0.58941,62
SQ:NZDUSD,2023-09-12T16:10:00+02:00,0.58942,0.58945,0.58926,0.58927,52
SQ:NZDUSD,2023-09-12T16:11:00+02:00,0.58927,0.58951,0.58922,0.58942,42
SQ:NZDUSD,2023-09-12T16:12:00+02:00,0.58942,0.58960,0.58939,0.58954,63
SQ:NZDUSD,2023-09-12T16:13:00+02:00,0.58952,0.58973,0.58952,0.58971,35
SQ:NZDUSD,2023-09-12T16:14:00+02:00,0.58971,0.58971,0.58963,0.58966,59
SQ:NZDUSD,2023-09-12T16:15:00+02:00,0.58966,0.58975,0.58961,0.58970,46
SQ:NZDUSD,2023-09-12T16:16:00+02:00,0.58970,0.58982,0.58963,0.58981,48
SQ:NZDUSD,2023-09-12T16:17:00+02:00,0.58980,0.58980,0.58967,0.58975,27
SQ:NZDUSD,2023-09-12T16:18:00+02:00,0.58975,0.58976,0.58971,0.58974,30
SQ:NZDUSD,2023-09-12T16:19:00+02:00,0.58975,0.58975,0.58967,0.58967,22
SQ:NZDUSD,2023-09-12T16:20:00+02:00,0.58967,0.58972,0.58958,0.58958,56
SQ:NZDUSD,2023-09-12T16:21:00+02:00,0.58958,0.58958,0.58938,0.58938,57
SQ:NZDUSD,2023-09-12T16:22:00+02:00,0.58937,0.58945,0.58930,0.58943,50
SQ:NZDUSD,2023-09-12T16:23:00+02:00,0.58943,0.58957,0.58938,0.58956,41
SQ:NZDUSD,2023-09-12T16:24:00+02:00,0.58957,0.58961,0.58951,0.58952,36
SQ:NZDUSD,2023-09-12T16:25:00+02:00,0.58952,0.58952,0.58932,0.58943,47
SQ:NZDUSD,2023-09-12T16:26:00+02:00,0.58943,0.58944,0.58929,0.58941,53
SQ:NZDUSD,2023-09-12T16:27:00+02:00,0.58941,0.58958,0.58941,0.58953,32
SQ:NZDUSD,2023-09-12T16:28:00+02:00,0.58953,0.58957,0.58951,0.58957,26
SQ:NZDUSD,2023-09-12T16:29:00+02:00,0.58960,0.58967,0.58957,0.58957,28
SQ:NZDUSD,2023-09-12T16:30:00+02:00,0.58957,0.58967,0.58952,0.58952,31
SQ:NZDUSD,2023-09-12T16:31:00+02:00,0.58952,0.58971,0.58946,0.58964,74
SQ:NZDUSD,2023-09-12T16:32:00+02:00,0.58964,0.58996,0.58964,0.58994,92
SQ:NZDUSD,2023-09-12T16:33:00+02:00,0.58994,0.58997,0.58986,0.58991,95
SQ:NZDUSD,2023-09-12T16:34:00+02:00,0.58990,0.59000,0.58987,0.58996,87
SQ:NZDUSD,2023-09-12T16:35:00+02:00,0.58995,0.59006,0.58994,0.58996,60
SQ:NZDUSD,2023-09-12T16:36:00+02:00,0.58996,0.59006,0.58993,0.58994,104
SQ:NZDUSD,2023-09-12T16:37:00+02:00,0.58994,0.58994,0.58979,0.58985,65
SQ:NZDUSD,2023-09-12T16:38:00+02:00,0.58985,0.58985,0.58974,0.58980,66
SQ:NZDUSD,2023-09-12T16:39:00+02:00,0.58980,0.58991,0.58971,0.58988,53
SQ:NZDUSD,2023-09-12T16:40:00+02:00,0.58988,0.58991,0.58972,0.58972,100
SQ:NZDUSD,2023-09-12T16:41:00+02:00,0.58972,0.58972,0.58963,0.58964,59
SQ:NZDUSD,2023-09-12T16:42:00+02:00,0.58964,0.58967,0.58959,0.58961,63
SQ:NZDUSD,2023-09-12T16:43:00+02:00,0.58960,0.58976,0.58960,0.58967,45
SQ:NZDUSD,2023-09-12T16:44:00+02:00,0.58967,0.58976,0.58964,0.58972,38
SQ:NZDUSD,2023-09-12T16:45:00+02:00,0.58972,0.58978,0.58963,0.58964,34
SQ:NZDUSD,2023-09-12T16:46:00+02:00,0.58965,0.58987,0.58963,0.58982,71
SQ:NZDUSD,2023-09-12T16:47:00+02:00,0.58982,0.58982,0.58967,0.58971,41
SQ:NZDUSD,2023-09-12T16:48:00+02:00,0.58970,0.58977,0.58970,0.58975,24
SQ:NZDUSD,2023-09-12T16:49:00+02:00,0.58972,0.58972,0.58961,0.58965,19
SQ:NZDUSD,2023-09-12T16:50:00+02:00,0.58963,0.58972,0.58960,0.58960,95
SQ:NZDUSD,2023-09-12T16:51:00+02:00,0.58961,0.58961,0.58940,0.58946,70
SQ:NZDUSD,2023-09-12T16:52:00+02:00,0.58946,0.58948,0.58939,0.58939,65
SQ:NZDUSD,2023-09-12T16:53:00+02:00,0.58940,0.58942,0.58933,0.58934,44
SQ:NZDUSD,2023-09-12T16:54:00+02:00,0.58935,0.58937,0.58924,0.58931,44
SQ:NZDUSD,2023-09-12T16:55:00+02:00,0.58931,0.58945,0.58931,0.58935,58
SQ:NZDUSD,2023-09-12T16:56:00+02:00,0.58935,0.58944,0.58934,0.58936,41
SQ:NZDUSD,2023-09-12T16:57:00+02:00,0.58937,0.58957,0.58937,0.58957,44
SQ:NZDUSD,2023-09-12T16:58:00+02:00,0.58957,0.58958,0.58953,0.58955,42
SQ:NZDUSD,2023-09-12T16:59:00+02:00,0.58955,0.58958,0.58953,0.58957,57
SQ:NZDUSD,2023-09-12T17:00:00+02:00,0.58958,0.58964,0.58953,0.58958,78
SQ:NZDUSD,2023-09-12T17:01:00+02:00,0.58957,0.58971,0.58957,0.58971,51
SQ:NZDUSD,2023-09-12T17:02:00+02:00,0.58971,0.58989,0.58968,0.58989,50
SQ:NZDUSD,2023-09-12T17:03:00+02:00,0.58989,0.58993,0.58985,0.58986,43
SQ:NZDUSD,2023-09-12T17:04:00+02:00,0.58983,0.58988,0.58981,0.58987,47
SQ:NZDUSD,2023-09-12T17:05:00+02:00,0.58986,0.58997,0.58984,0.58993,42
SQ:NZDUSD,2023-09-12T17:06:00+02:00,0.58992,0.58999,0.58991,0.58996,31
SQ:NZDUSD,2023-09-12T17:07:00+02:00,0.58997,0.59017,0.58996,0.59013,49
SQ:NZDUSD,2023-09-12T17:08:00+02:00,0.59014,0.59014,0.59009,0.59009,14
SQ:NZDUSD,2023-09-12T17:09:00+02:00,0.59009,0.59012,0.58989,0.58995,27
SQ:NZDUSD,2023-09-12T17:10:00+02:00,0.58996,0.59002,0.58991,0.58995,74
SQ:NZDUSD,2023-09-12T17:11:00+02:00,0.58996,0.58996,0.58971,0.58978,49
SQ:NZDUSD,2023-09-12T17:12:00+02:00,0.58982,0.58988,0.58980,0.58984,66
SQ:NZDUSD,2023-09-12T17:13:00+02:00,0.58984,0.58984,0.58972,0.58974,65
SQ:NZDUSD,2023-09-12T17:14:00+02:00,0.58975,0.58979,0.58964,0.58967,40
SQ:NZDUSD,2023-09-12T17:15:00+02:00,0.58966,0.58980,0.58966,0.58975,69
SQ:NZDUSD,2023-09-12T17:16:00+02:00,0.58975,0.58978,0.58970,0.58976,40
SQ:NZDUSD,2023-09-12T17:17:00+02:00,0.58976,0.58983,0.58976,0.58980,39
SQ:NZDUSD,2023-09-12T17:18:00+02:00,0.58980,0.58982,0.58975,0.58980,20
SQ:NZDUSD,2023-09-12T17:19:00+02:00,0.58980,0.58990,0.58977,0.58990,24
SQ:NZDUSD,2023-09-12T17:20:00+02:00,0.58990,0.58993,0.58987,0.58988,27
SQ:NZDUSD,2023-09-12T17:21:00+02:00,0.58987,0.58997,0.58980,0.58997,68
SQ:NZDUSD,2023-09-12T17:22:00+02:00,0.58996,0.59013,0.58996,0.59012,45
SQ:NZDUSD,2023-09-12T17:23:00+02:00,0.59012,0.59022,0.59011,0.59014,48
SQ:NZDUSD,2023-09-12T17:24:00+02:00,0.59013,0.59015,0.58998,0.59000,46
SQ:NZDUSD,2023-09-12T17:25:00+02:00,0.59000,0.59007,0.58999,0.59006,24
SQ:NZDUSD,2023-09-12T17:26:00+02:00,0.59006,0.59014,0.58991,0.58992,44
SQ:NZDUSD,2023-09-12T17:27:00+02:00,0.58992,0.58999,0.58988,0.58998,41
SQ:NZDUSD,2023-09-12T17:28:00+02:00,0.58998,0.59001,0.58991,0.58999,58
SQ:NZDUSD,2023-09-12T17:29:00+02:00,0.58999,0.59009,0.58999,0.59005,41
SQ:NZDUSD,2023-09-12T17:30:00+02:00,0.59005,0.59020,0.59005,0.59010,24
SQ:NZDUSD,2023-09-12T17:31:00+02:00,0.59010,0.59017,0.59007,0.59016,12
SQ:NZDUSD,2023-09-12T17:32:00+02:00,0.59016,0.59018,0.59016,0.59016,9
SQ:NZDUSD,2023-09-12T17:33:00+02:00,0.59016,0.59025,0.59015,0.59016,15
SQ:NZDUSD,2023-09-12T17:34:00+02:00,0.59016,0.59021,0.59015,0.59016,16
SQ:NZDUSD,2023-09-12T17:35:00+02:00,0.59016,0.59020,0.59011,0.59011,30
SQ:NZDUSD,2023-09-12T17:36:00+02:00,0.59011,0.59011,0.59005,0.59005,18
SQ:NZDUSD,2023-09-12T17:37:00+02:00,0.59005,0.59006,0.59000,0.59004,13
SQ:NZDUSD,2023-09-12T17:38:00+02:00,0.59003,0.59008,0.59002,0.59006,13
SQ:NZDUSD,2023-09-12T17:39:00+02:00,0.59006,0.59011,0.59000,0.59000,17
SQ:NZDUSD,2023-09-12T17:40:00+02:00,0.59000,0.59001,0.58997,0.59000,16
SQ:NZDUSD,2023-09-12T17:41:00+02:00,0.59000,0.59001,0.58997,0.58999,20
SQ:NZDUSD,2023-09-12T17:42:00+02:00,0.58999,0.59000,0.58990,0.58995,24
SQ:NZDUSD,2023-09-12T17:43:00+02:00,0.58995,0.59000,0.58995,0.58995,15
SQ:NZDUSD,2023-09-12T17:44:00+02:00,0.58995,0.58996,0.58991,0.58991,7
SQ:NZDUSD,2023-09-12T17:45:00+02:00,0.58991,0.59000,0.58991,0.58995,20
SQ:NZDUSD,2023-09-12T17:46:00+02:00,0.58995,0.59005,0.58994,0.59004,17
SQ:NZDUSD,2023-09-12T17:47:00+02:00,0.59004,0.59010,0.59004,0.59005,12
SQ:NZDUSD,2023-09-12T17:48:00+02:00,0.59005,0.59010,0.59004,0.59005,22
SQ:NZDUSD,2023-09-12T17:49:00+02:00,0.59005,0.59008,0.59002,0.59002,10
SQ:NZDUSD,2023-09-12T17:50:00+02:00,0.59004,0.59010,0.59003,0.59005,21
SQ:NZDUSD,2023-09-12T17:51:00+02:00,0.59005,0.59005,0.59001,0.59001,4
SQ:NZDUSD,2023-09-12T17:52:00+02:00,0.59001,0.59011,0.59001,0.59010,16
SQ:NZDUSD,2023-09-12T17:53:00+02:00,0.59010,0.59010,0.59007,0.59007,7
SQ:NZDUSD,2023-09-12T17:54:00+02:00,0.59006,0.59006,0.58994,0.58994,15
SQ:NZDUSD,2023-09-12T17:55:00+02:00,0.58994,0.58996,0.58994,0.58995,4
SQ:NZDUSD,2023-09-12T17:56:00+02:00,0.58996,0.58996,0.58991,0.58994,10
SQ:NZDUSD,2023-09-12T17:57:00+02:00,0.58994,0.59001,0.58992,0.59001,21
SQ:NZDUSD,2023-09-12T17:58:00+02:00,0.59002,0.59005,0.59002,0.59002,12
SQ:NZDUSD,2023-09-12T17:59:00+02:00,0.59002,0.59004,0.59001,0.59001,12
SQ:NZDUSD,2023-09-12T18:00:00+02:00,0.59001,0.59018,0.59001,0.59015,31
SQ:NZDUSD,2023-09-12T18:01:00+02:00,0.59015,0.59022,0.59015,0.59016,17
SQ:NZDUSD,2023-09-12T18:02:00+02:00,0.59016,0.59020,0.59010,0.59010,23
SQ:NZDUSD,2023-09-12T18:03:00+02:00,0.59011,0.59014,0.59000,0.59005,18
SQ:NZDUSD,2023-09-12T18:04:00+02:00,0.59005,0.59010,0.59005,0.59010,9
SQ:NZDUSD,2023-09-12T18:05:00+02:00,0.59011,0.59017,0.59011,0.59011,14
SQ:NZDUSD,2023-09-12T18:06:00+02:00,0.59011,0.59014,0.59007,0.59008,12
SQ:NZDUSD,2023-09-12T18:07:00+02:00,0.59008,0.59008,0.59005,0.59005,11
SQ:NZDUSD,2023-09-12T18:08:00+02:00,0.59006,0.59016,0.59006,0.59011,10
SQ:NZDUSD,2023-09-12T18:09:00+02:00,0.59011,0.59015,0.59011,0.59013,21
SQ:NZDUSD,2023-09-12T18:10:00+02:00,0.59012,0.59016,0.59011,0.59016,12
SQ:NZDUSD,2023-09-12T18:11:00+02:00,0.59017,0.59022,0.59016,0.59019,30
SQ:NZDUSD,2023-09-12T18:12:00+02:00,0.59020,0.59028,0.59018,0.59021,30
SQ:NZDUSD,2023-09-12T18:13:00+02:00,0.59021,0.59023,0.59021,0.59023,3
SQ:NZDUSD,2023-09-12T18:14:00+02:00,0.59023,0.59033,0.59023,0.59032,50
SQ:NZDUSD,2023-09-12T18:15:00+02:00,0.59031,0.59032,0.59030,0.59030,24
SQ:NZDUSD,2023-09-12T18:16:00+02:00,0.59030,0.59031,0.59026,0.59030,21
SQ:NZDUSD,2023-09-12T18:17:00+02:00,0.59030,0.59032,0.59030,0.59032,4
SQ:NZDUSD,2023-09-12T18:18:00+02:00,0.59032,0.59046,0.59032,0.59033,55
SQ:NZDUSD,2023-09-12T18:19:00+02:00,0.59033,0.59035,0.59027,0.59029,22
SQ:NZDUSD,2023-09-12T18:20:00+02:00,0.59028,0.59039,0.59028,0.59039,14
SQ:NZDUSD,2023-09-12T18:21:00+02:00,0.59038,0.59038,0.59027,0.59031,17
SQ:NZDUSD,2023-09-12T18:22:00+02:00,0.59031,0.59031,0.59023,0.59025,6
SQ:NZDUSD,2023-09-12T18:23:00+02:00,0.59025,0.59029,0.59025,0.59025,6
SQ:NZDUSD,2023-09-12T18:24:00+02:00,0.59025,0.59034,0.59025,0.59034,10
SQ:NZDUSD,2023-09-12T18:25:00+02:00,0.59034,0.59035,0.59030,0.59030,17
SQ:NZDUSD,2023-09-12T18:26:00+02:00,0.59030,0.59031,0.59027,0.59030,5
SQ:NZDUSD,2023-09-12T18:27:00+02:00,0.59030,0.59030,0.59025,0.59025,4
SQ:NZDUSD,2023-09-12T18:28:00+02:00,0.59025,0.59025,0.59024,0.59025,5
SQ:NZDUSD,2023-09-12T18:29:00+02:00,0.59025,0.59029,0.59020,0.59020,13
SQ:NZDUSD,2023-09-12T18:30:00+02:00,0.59020,0.59020,0.59014,0.59015,13
SQ:NZDUSD,2023-09-12T18:31:00+02:00,0.59015,0.59016,0.59011,0.59011,9
SQ:NZDUSD,2023-09-12T18:32:00+02:00,0.59011,0.59014,0.59006,0.59009,16
SQ:NZDUSD,2023-09-12T18:33:00+02:00,0.59009,0.59009,0.58995,0.58995,9
SQ:NZDUSD,2023-09-12T18:34:00+02:00,0.58995,0.58995,0.58987,0.58987,12
SQ:NZDUSD,2023-09-12T18:35:00+02:00,0.58985,0.58992,0.58985,0.58990,12
SQ:NZDUSD,2023-09-12T18:36:00+02:00,0.58990,0.58990,0.58975,0.58976,20
SQ:NZDUSD,2023-09-12T18:37:00+02:00,0.58976,0.58976,0.58967,0.58967,14
SQ:NZDUSD,2023-09-12T18:38:00+02:00,0.58966,0.58971,0.58963,0.58971,51
SQ:NZDUSD,2023-09-12T18:39:00+02:00,0.58971,0.58973,0.58970,0.58970,10
SQ:NZDUSD,2023-09-12T18:40:00+02:00,0.58970,0.58970,0.58962,0.58966,18
SQ:NZDUSD,2023-09-12T18:41:00+02:00,0.58968,0.58972,0.58963,0.58963,23
SQ:NZDUSD,2023-09-12T18:42:00+02:00,0.58964,0.58970,0.58964,0.58967,20
SQ:NZDUSD,2023-09-12T18:43:00+02:00,0.58967,0.58973,0.58967,0.58970,12
SQ:NZDUSD,2023-09-12T18:44:00+02:00,0.58970,0.58984,0.58970,0.58981,20
SQ:NZDUSD,2023-09-12T18:45:00+02:00,0.58982,0.58992,0.58982,0.58985,26
SQ:NZDUSD,2023-09-12T18:46:00+02:00,0.58985,0.58992,0.58985,0.58992,21
SQ:NZDUSD,2023-09-12T18:47:00+02:00,0.58992,0.58993,0.58988,0.58991,28
SQ:NZDUSD,2023-09-12T18:48:00+02:00,0.58991,0.58994,0.58989,0.58989,15
SQ:NZDUSD,2023-09-12T18:49:00+02:00,0.58989,0.58989,0.58985,0.58985,4
SQ:NZDUSD,2023-09-12T18:50:00+02:00,0.58984,0.58984,0.58970,0.58970,12
SQ:NZDUSD,2023-09-12T18:51:00+02:00,0.58970,0.58975,0.58966,0.58975,11
SQ:NZDUSD,2023-09-12T18:52:00+02:00,0.58975,0.58975,0.58966,0.58967,25
SQ:NZDUSD,2023-09-12T18:53:00+02:00,0.58967,0.58970,0.58962,0.58966,22
SQ:NZDUSD,2023-09-12T18:54:00+02:00,0.58965,0.58966,0.58963,0.58964,21
SQ:NZDUSD,2023-09-12T18:55:00+02:00,0.58963,0.58963,0.58955,0.58956,29
SQ:NZDUSD,2023-09-12T18:56:00+02:00,0.58955,0.58961,0.58950,0.58961,33
SQ:NZDUSD,2023-09-12T18:57:00+02:00,0.58960,0.58965,0.58959,0.58962,25
SQ:NZDUSD,2023-09-12T18:58:00+02:00,0.58962,0.58965,0.58961,0.58962,35
SQ:NZDUSD,2023-09-12T18:59:00+02:00,0.58963,0.58970,0.58963,0.58967,24
SQ:NZDUSD,2023-09-12T19:00:00+02:00,0.58967,0.58970,0.58962,0.58970,39
SQ:NZDUSD,2023-09-12T19:01:00+02:00,0.58970,0.58978,0.58964,0.58972,32
SQ:NZDUSD,2023-09-12T19:02:00+02:00,0.58972,0.58981,0.58972,0.58978,42
SQ:NZDUSD,2023-09-12T19:03:00+02:00,0.58978,0.58981,0.58978,0.58980,21
SQ:NZDUSD,2023-09-12T19:04:00+02:00,0.58980,0.58985,0.58976,0.58985,19
SQ:NZDUSD,2023-09-12T19:05:00+02:00,0.58986,0.58987,0.58980,0.58983,21
SQ:NZDUSD,2023-09-12T19:06:00+02:00,0.58983,0.58985,0.58979,0.58980,37
SQ:NZDUSD,2023-09-12T19:07:00+02:00,0.58979,0.58985,0.58975,0.58981,31
SQ:NZDUSD,2023-09-12T19:08:00+02:00,0.58981,0.58986,0.58976,0.58978,33
SQ:NZDUSD,2023-09-12T19:09:00+02:00,0.58979,0.58980,0.58974,0.58975,56
SQ:NZDUSD,2023-09-12T19:10:00+02:00,0.58973,0.58980,0.58969,0.58976,35
SQ:NZDUSD,2023-09-12T19:11:00+02:00,0.58976,0.58981,0.58974,0.58977,31
SQ:NZDUSD,2023-09-12T19:12:00+02:00,0.58977,0.58977,0.58968,0.58972,15
SQ:NZDUSD,2023-09-12T19:13:00+02:00,0.58972,0.58972,0.58969,0.58970,21
SQ:NZDUSD,2023-09-12T19:14:00+02:00,0.58969,0.58976,0.58969,0.58973,24
SQ:NZDUSD,2023-09-12T19:15:00+02:00,0.58974,0.58976,0.58970,0.58973,15
SQ:NZDUSD,2023-09-12T19:16:00+02:00,0.58975,0.58983,0.58974,0.58980,32
SQ:NZDUSD,2023-09-12T19:17:00+02:00,0.58979,0.58981,0.58974,0.58975,41
SQ:NZDUSD,2023-09-12T19:18:00+02:00,0.58974,0.58982,0.58971,0.58981,29
SQ:NZDUSD,2023-09-12T19:19:00+02:00,0.58981,0.58985,0.58980,0.58985,38
SQ:NZDUSD,2023-09-12T19:20:00+02:00,0.58985,0.59000,0.58985,0.58999,33
SQ:NZDUSD,2023-09-12T19:21:00+02:00,0.59000,0.59007,0.58995,0.58995,35
SQ:NZDUSD,2023-09-12T19:22:00+02:00,0.58995,0.59003,0.58991,0.58999,50
SQ:NZDUSD,2023-09-12T19:23:00+02:00,0.59000,0.59020,0.58999,0.59018,44
SQ:NZDUSD,2023-09-12T19:24:00+02:00,0.59019,0.59027,0.59019,0.59021,46
SQ:NZDUSD,2023-09-12T19:25:00+02:00,0.59021,0.59022,0.59015,0.59021,55
SQ:NZDUSD,2023-09-12T19:26:00+02:00,0.59020,0.59021,0.59016,0.59016,21
SQ:NZDUSD,2023-09-12T19:27:00+02:00,0.59016,0.59017,0.59012,0.59014,22
SQ:NZDUSD,2023-09-12T19:28:00+02:00,0.59013,0.59015,0.59007,0.59014,52
SQ:NZDUSD,2023-09-12T19:29:00+02:00,0.59013,0.59013,0.59004,0.59007,32
SQ:NZDUSD,2023-09-12T19:30:00+02:00,0.59007,0.59019,0.59007,0.59014,37
SQ:NZDUSD,2023-09-12T19:31:00+02:00,0.59014,0.59019,0.59010,0.59010,37
SQ:NZDUSD,2023-09-12T19:32:00+02:00,0.59010,0.59010,0.58999,0.59002,14
SQ:NZDUSD,2023-09-12T19:33:00+02:00,0.59002,0.59006,0.59001,0.59002,29
SQ:NZDUSD,2023-09-12T19:34:00+02:00,0.59002,0.59015,0.59002,0.59009,34
SQ:NZDUSD,2023-09-12T19:35:00+02:00,0.59008,0.59011,0.59002,0.59010,19
SQ:NZDUSD,2023-09-12T19:36:00+02:00,0.59009,0.59009,0.59004,0.59006,20
SQ:NZDUSD,2023-09-12T19:37:00+02:00,0.59007,0.59010,0.59004,0.59010,28
SQ:NZDUSD,2023-09-12T19:38:00+02:00,0.59010,0.59015,0.59006,0.59011,27
SQ:NZDUSD,2023-09-12T19:39:00+02:00,0.59012,0.59012,0.59007,0.59008,20
SQ:NZDUSD,2023-09-12T19:40:00+02:00,0.59008,0.59010,0.59005,0.59006,23
SQ:NZDUSD,2023-09-12T19:41:00+02:00,0.59005,0.59006,0.58991,0.58991,28
SQ:NZDUSD,2023-09-12T19:42:00+02:00,0.58991,0.59000,0.58987,0.58992,53
SQ:NZDUSD,2023-09-12T19:43:00+02:00,0.58992,0.58994,0.58989,0.58993,24
SQ:NZDUSD,2023-09-12T19:44:00+02:00,0.58991,0.58992,0.58983,0.58983,31
SQ:NZDUSD,2023-09-12T19:45:00+02:00,0.58983,0.58985,0.58982,0.58982,25
SQ:NZDUSD,2023-09-12T19:46:00+02:00,0.58982,0.58985,0.58974,0.58983,27
SQ:NZDUSD,2023-09-12T19:47:00+02:00,0.58983,0.58985,0.58981,0.58982,11
SQ:NZDUSD,2023-09-12T19:48:00+02:00,0.58982,0.58985,0.58979,0.58983,26
SQ:NZDUSD,2023-09-12T19:49:00+02:00,0.58983,0.58992,0.58981,0.58992,23
SQ:NZDUSD,2023-09-12T19:50:00+02:00,0.58992,0.59003,0.58992,0.59001,46
SQ:NZDUSD,2023-09-12T19:51:00+02:00,0.59001,0.59002,0.58992,0.58997,34
SQ:NZDUSD,2023-09-12T19:52:00+02:00,0.58997,0.59004,0.58997,0.58997,37
SQ:NZDUSD,2023-09-12T19:53:00+02:00,0.58997,0.59002,0.58988,0.58989,43
SQ:NZDUSD,2023-09-12T19:54:00+02:00,0.58989,0.58990,0.58975,0.58981,63
SQ:NZDUSD,2023-09-12T19:55:00+02:00,0.58982,0.58985,0.58977,0.58985,44
SQ:NZDUSD,2023-09-12T19:56:00+02:00,0.58985,0.58985,0.58975,0.58977,53
SQ:NZDUSD,2023-09-12T19:57:00+02:00,0.58977,0.58978,0.58972,0.58972,25
SQ:NZDUSD,2023-09-12T19:58:00+02:00,0.58972,0.58978,0.58970,0.58975,43
SQ:NZDUSD,2023-09-12T19:59:00+02:00,0.58976,0.58976,0.58970,0.58970,43
SQ:NZDUSD,2023-09-12T20:00:00+02:00,0.58970,0.58972,0.58963,0.58965,42
SQ:NZDUSD,2023-09-12T20:01:00+02:00,0.58965,0.58968,0.58960,0.58962,38
SQ:NZDUSD,2023-09-12T20:02:00+02:00,0.58963,0.58972,0.58961,0.58971,69
SQ:NZDUSD,2023-09-12T20:03:00+02:00,0.58972,0.58974,0.58969,0.58973,61
SQ:NZDUSD,2023-09-12T20:04:00+02:00,0.58972,0.58977,0.58968,0.58972,63
SQ:NZDUSD,2023-09-12T20:05:00+02:00,0.58972,0.58977,0.58971,0.58972,56
SQ:NZDUSD,2023-09-12T20:06:00+02:00,0.58972,0.58979,0.58971,0.58972,60
SQ:NZDUSD,2023-09-12T20:07:00+02:00,0.58973,0.58978,0.58972,0.58976,94
SQ:NZDUSD,2023-09-12T20:08:00+02:00,0.58975,0.58976,0.58970,0.58971,42
SQ:NZDUSD,2023-09-12T20:09:00+02:00,0.58971,0.58977,0.58971,0.58974,35
SQ:NZDUSD,2023-09-12T20:10:00+02:00,0.58973,0.58981,0.58970,0.58970,20
SQ:NZDUSD,2023-09-12T20:11:00+02:00,0.58970,0.58970,0.58965,0.58970,36
SQ:NZDUSD,2023-09-12T20:12:00+02:00,0.58971,0.58972,0.58965,0.58969,22
SQ:NZDUSD,2023-09-12T20:13:00+02:00,0.58969,0.58970,0.58964,0.58965,18
SQ:NZDUSD,2023-09-12T20:14:00+02:00,0.58965,0.58965,0.58954,0.58955,24
SQ:NZDUSD,2023-09-12T20:15:00+02:00,0.58954,0.58958,0.58951,0.58955,54
SQ:NZDUSD,2023-09-12T20:16:00+02:00,0.58957,0.58966,0.58957,0.58964,46
SQ:NZDUSD,2023-09-12T20:17:00+02:00,0.58965,0.58973,0.58964,0.58969,56
SQ:NZDUSD,2023-09-12T20:18:00+02:00,0.58970,0.58972,0.58967,0.58967,26
SQ:NZDUSD,2023-09-12T20:19:00+02:00,0.58967,0.58970,0.58961,0.58969,67
SQ:NZDUSD,2023-09-12T20:20:00+02:00,0.58969,0.58973,0.58967,0.58968,46
SQ:NZDUSD,2023-09-12T20:21:00+02:00,0.58970,0.58972,0.58968,0.58969,40
SQ:NZDUSD,2023-09-12T20:22:00+02:00,0.58970,0.58978,0.58967,0.58977,35
SQ:NZDUSD,2023-09-12T20:23:00+02:00,0.58978,0.58985,0.58976,0.58981,43
SQ:NZDUSD,2023-09-12T20:24:00+02:00,0.58981,0.58983,0.58977,0.58977,27
SQ:NZDUSD,2023-09-12T20:25:00+02:00,0.58977,0.58992,0.58977,0.58991,22
SQ:NZDUSD,2023-09-12T20:26:00+02:00,0.58994,0.58997,0.58982,0.58982,45
SQ:NZDUSD,2023-09-12T20:27:00+02:00,0.58982,0.58989,0.58980,0.58989,32
SQ:NZDUSD,2023-09-12T20:28:00+02:00,0.58988,0.59000,0.58985,0.58997,75
SQ:NZDUSD,2023-09-12T20:29:00+02:00,0.58998,0.59001,0.58993,0.58993,37
SQ:NZDUSD,2023-09-12T20:30:00+02:00,0.58993,0.58995,0.58981,0.58993,42
SQ:NZDUSD,2023-09-12T20:31:00+02:00,0.58992,0.58998,0.58989,0.58992,54
SQ:NZDUSD,2023-09-12T20:32:00+02:00,0.58992,0.58996,0.58984,0.58987,57
SQ:NZDUSD,2023-09-12T20:33:00+02:00,0.58987,0.58987,0.58980,0.58986,30
SQ:NZDUSD,2023-09-12T20:34:00+02:00,0.58985,0.58986,0.58980,0.58980,45
SQ:NZDUSD,2023-09-12T20:35:00+02:00,0.58981,0.58987,0.58980,0.58987,41
SQ:NZDUSD,2023-09-12T20:36:00+02:00,0.58988,0.58994,0.58986,0.58989,39
SQ:NZDUSD,2023-09-12T20:37:00+02:00,0.58989,0.59009,0.58989,0.59005,28
SQ:NZDUSD,2023-09-12T20:38:00+02:00,0.59005,0.59006,0.59001,0.59005,27
SQ:NZDUSD,2023-09-12T20:39:00+02:00,0.59005,0.59005,0.58997,0.58997,31
SQ:NZDUSD,2023-09-12T20:40:00+02:00,0.58998,0.59007,0.58997,0.59003,22
SQ:NZDUSD,2023-09-12T20:41:00+02:00,0.59004,0.59007,0.59004,0.59005,13
SQ:NZDUSD,2023-09-12T20:42:00+02:00,0.59005,0.59012,0.59003,0.59012,51
SQ:NZDUSD,2023-09-12T20:43:00+02:00,0.59012,0.59012,0.59010,0.59012,11
SQ:NZDUSD,2023-09-12T20:44:00+02:00,0.59013,0.59021,0.59012,0.59018,42
SQ:NZDUSD,2023-09-12T20:45:00+02:00,0.59019,0.59032,0.59019,0.59032,19
SQ:NZDUSD,2023-09-12T20:46:00+02:00,0.59032,0.59033,0.59019,0.59025,27
SQ:NZDUSD,2023-09-12T20:47:00+02:00,0.59022,0.59033,0.59022,0.59032,36
SQ:NZDUSD,2023-09-12T20:48:00+02:00,0.59029,0.59029,0.59016,0.59017,25
SQ:NZDUSD,2023-09-12T20:49:00+02:00,0.59017,0.59018,0.59012,0.59013,21
SQ:NZDUSD,2023-09-12T20:50:00+02:00,0.59012,0.59014,0.58999,0.59001,38
SQ:NZDUSD,2023-09-12T20:51:00+02:00,0.59002,0.59008,0.58998,0.58999,19
SQ:NZDUSD,2023-09-12T20:52:00+02:00,0.58999,0.59003,0.58997,0.58997,31
SQ:NZDUSD,2023-09-12T20:53:00+02:00,0.58998,0.59003,0.58992,0.58998,25
SQ:NZDUSD,2023-09-12T20:54:00+02:00,0.58998,0.58998,0.58993,0.58998,35
SQ:NZDUSD,2023-09-12T20:55:00+02:00,0.58998,0.59008,0.58998,0.59005,41
SQ:NZDUSD,2023-09-12T20:56:00+02:00,0.59005,0.59016,0.59003,0.59016,26
SQ:NZDUSD,2023-09-12T20:57:00+02:00,0.59015,0.59017,0.59012,0.59016,15
SQ:NZDUSD,2023-09-12T20:58:00+02:00,0.59017,0.59017,0.59015,0.59017,19
SQ:NZDUSD,2023-09-12T20:59:00+02:00,0.59018,0.59033,0.59016,0.59032,52
SQ:NZDUSD,2023-09-12T21:00:00+02:00,0.59027,0.59031,0.59022,0.59028,63
SQ:NZDUSD,2023-09-12T21:01:00+02:00,0.59028,0.59047,0.59026,0.59047,28
SQ:NZDUSD,2023-09-12T21:02:00+02:00,0.59047,0.59051,0.59040,0.59040,37
SQ:NZDUSD,2023-09-12T21:03:00+02:00,0.59042,0.59042,0.59030,0.59030,11
SQ:NZDUSD,2023-09-12T21:04:00+02:00,0.59030,0.59030,0.59019,0.59020,16
SQ:NZDUSD,2023-09-12T21:05:00+02:00,0.59020,0.59031,0.59020,0.59029,26
SQ:NZDUSD,2023-09-12T21:06:00+02:00,0.59029,0.59040,0.59029,0.59037,18
SQ:NZDUSD,2023-09-12T21:07:00+02:00,0.59037,0.59037,0.59022,0.59025,20
SQ:NZDUSD,2023-09-12T21:08:00+02:00,0.59025,0.59028,0.59023,0.59025,16
SQ:NZDUSD,2023-09-12T21:09:00+02:00,0.59025,0.59029,0.59025,0.59029,19
SQ:NZDUSD,2023-09-12T21:10:00+02:00,0.59028,0.59035,0.59028,0.59035,20
SQ:NZDUSD,2023-09-12T21:11:00+02:00,0.59035,0.59035,0.59027,0.59029,27
SQ:NZDUSD,2023-09-12T21:12:00+02:00,0.59029,0.59031,0.59023,0.59024,18
SQ:NZDUSD,2023-09-12T21:13:00+02:00,0.59024,0.59025,0.59024,0.59025,8
SQ:NZDUSD,2023-09-12T21:14:00+02:00,0.59025,0.59025,0.59021,0.59021,10
SQ:NZDUSD,2023-09-12T21:15:00+02:00,0.59022,0.59027,0.59017,0.59017,20
SQ:NZDUSD,2023-09-12T21:16:00+02:00,0.59017,0.59024,0.59017,0.59024,26
SQ:NZDUSD,2023-09-12T21:17:00+02:00,0.59024,0.59024,0.59019,0.59024,13
SQ:NZDUSD,2023-09-12T21:18:00+02:00,0.59025,0.59028,0.59016,0.59016,16
SQ:NZDUSD,2023-09-12T21:19:00+02:00,0.59018,0.59019,0.59013,0.59014,27
SQ:NZDUSD,2023-09-12T21:20:00+02:00,0.59015,0.59015,0.59011,0.59013,17
SQ:NZDUSD,2023-09-12T21:21:00+02:00,0.59013,0.59013,0.59009,0.59012,19
SQ:NZDUSD,2023-09-12T21:22:00+02:00,0.59011,0.59012,0.59010,0.59010,3
SQ:NZDUSD,2023-09-12T21:23:00+02:00,0.59012,0.59012,0.59004,0.59007,15
SQ:NZDUSD,2023-09-12T21:24:00+02:00,0.59007,0.59009,0.59007,0.59008,6
SQ:NZDUSD,2023-09-12T21:25:00+02:00,0.59008,0.59009,0.59007,0.59009,14
SQ:NZDUSD,2023-09-12T21:26:00+02:00,0.59010,0.59014,0.59009,0.59014,29
SQ:NZDUSD,2023-09-12T21:27:00+02:00,0.59014,0.59016,0.59012,0.59015,8
SQ:NZDUSD,2023-09-12T21:28:00+02:00,0.59015,0.59015,0.59011,0.59012,14
SQ:NZDUSD,2023-09-12T21:29:00+02:00,0.59012,0.59016,0.59009,0.59011,16
SQ:NZDUSD,2023-09-12T21:30:00+02:00,0.59011,0.59015,0.59010,0.59012,20
SQ:NZDUSD,2023-09-12T21:31:00+02:00,0.59012,0.59012,0.59004,0.59006,25
SQ:NZDUSD,2023-09-12T21:32:00+02:00,0.59006,0.59007,0.59001,0.59004,23
SQ:NZDUSD,2023-09-12T21:33:00+02:00,0.59003,0.59010,0.59002,0.59010,8
SQ:NZDUSD,2023-09-12T21:34:00+02:00,0.59010,0.59012,0.59005,0.59005,15
SQ:NZDUSD,2023-09-12T21:35:00+02:00,0.59005,0.59010,0.59005,0.59010,13
SQ:NZDUSD,2023-09-12T21:36:00+02:00,0.59010,0.59010,0.59002,0.59002,8
SQ:NZDUSD,2023-09-12T21:37:00+02:00,0.59002,0.59005,0.59002,0.59003,13
SQ:NZDUSD,2023-09-12T21:38:00+02:00,0.59003,0.59006,0.59003,0.59004,14
SQ:NZDUSD,2023-09-12T21:39:00+02:00,0.59004,0.59006,0.59002,0.59005,13
SQ:NZDUSD,2023-09-12T21:40:00+02:00,0.59005,0.59006,0.59003,0.59004,14
SQ:NZDUSD,2023-09-12T21:41:00+02:00,0.59003,0.59009,0.59003,0.59006,18
SQ:NZDUSD,2023-09-12T21:42:00+02:00,0.59006,0.59013,0.59005,0.59011,20
SQ:NZDUSD,2023-09-12T21:43:00+02:00,0.59011,0.59015,0.59008,0.59013,34
SQ:NZDUSD,2023-09-12T21:44:00+02:00,0.59012,0.59013,0.59010,0.59010,13
SQ:NZDUSD,2023-09-12T21:45:00+02:00,0.59011,0.59020,0.59011,0.59018,29
SQ:NZDUSD,2023-09-12T21:46:00+02:00,0.59017,0.59017,0.59002,0.59004,36
SQ:NZDUSD,2023-09-12T21:47:00+02:00,0.59005,0.59007,0.59002,0.59005,22
SQ:NZDUSD,2023-09-12T21:48:00+02:00,0.59004,0.59005,0.59002,0.59003,9
SQ:NZDUSD,2023-09-12T21:49:00+02:00,0.59002,0.59003,0.58999,0.58999,8
SQ:NZDUSD,2023-09-12T21:50:00+02:00,0.59001,0.59007,0.58999,0.59005,16
SQ:NZDUSD,2023-09-12T21:51:00+02:00,0.59005,0.59011,0.59004,0.59009,14
SQ:NZDUSD,2023-09-12T21:52:00+02:00,0.59009,0.59009,0.59005,0.59006,9
SQ:NZDUSD,2023-09-12T21:53:00+02:00,0.59007,0.59009,0.59006,0.59006,9
SQ:NZDUSD,2023-09-12T21:54:00+02:00,0.59006,0.59011,0.59005,0.59009,9
SQ:NZDUSD,2023-09-12T21:55:00+02:00,0.59010,0.59010,0.59004,0.59005,16
SQ:NZDUSD,2023-09-12T21:56:00+02:00,0.59005,0.59009,0.59004,0.59004,11
SQ:NZDUSD,2023-09-12T21:57:00+02:00,0.59004,0.59004,0.59004,0.59004,1
SQ:NZDUSD,2023-09-12T21:58:00+02:00,0.59004,0.59004,0.59000,0.59000,15
SQ:NZDUSD,2023-09-12T21:59:00+02:00,0.59001,0.59001,0.58998,0.58999,11
SQ:NZDUSD,2023-09-12T22:00:00+02:00,0.58996,0.58996,0.58995,0.58995,2
SQ:NZDUSD,2023-09-12T22:01:00+02:00,0.58995,0.58995,0.58993,0.58993,5
SQ:NZDUSD,2023-09-12T22:02:00+02:00,0.58991,0.58991,0.58987,0.58987,11
SQ:NZDUSD,2023-09-12T22:03:00+02:00,0.58987,0.58987,0.58987,0.58987,1
SQ:NZDUSD,2023-09-12T22:04:00+02:00,0.58987,0.58990,0.58987,0.58988,10
SQ:NZDUSD,2023-09-12T22:05:00+02:00,0.58988,0.58990,0.58988,0.58989,4
SQ:NZDUSD,2023-09-12T22:06:00+02:00,0.58989,0.58995,0.58989,0.58994,12
SQ:NZDUSD,2023-09-12T22:08:00+02:00,0.58994,0.58994,0.58994,0.58994,1
SQ:NZDUSD,2023-09-12T22:09:00+02:00,0.58994,0.58994,0.58993,0.58994,3
SQ:NZDUSD,2023-09-12T22:10:00+02:00,0.58994,0.58994,0.58994,0.58994,1
SQ:NZDUSD,2023-09-12T22:11:00+02:00,0.58994,0.58994,0.58985,0.58985,7
SQ:NZDUSD,2023-09-12T22:12:00+02:00,0.58985,0.58988,0.58985,0.58985,9
SQ:NZDUSD,2023-09-12T22:13:00+02:00,0.58985,0.58988,0.58984,0.58984,8
SQ:NZDUSD,2023-09-12T22:14:00+02:00,0.58984,0.58985,0.58981,0.58982,10
SQ:NZDUSD,2023-09-12T22:15:00+02:00,0.58983,0.58985,0.58980,0.58985,16
SQ:NZDUSD,2023-09-12T22:16:00+02:00,0.58985,0.58985,0.58983,0.58984,4
SQ:NZDUSD,2023-09-12T22:17:00+02:00,0.58981,0.58985,0.58981,0.58985,6
SQ:NZDUSD,2023-09-12T22:18:00+02:00,0.58985,0.58989,0.58985,0.58988,5
SQ:NZDUSD,2023-09-12T22:19:00+02:00,0.58988,0.58989,0.58988,0.58989,2
SQ:NZDUSD,2023-09-12T22:20:00+02:00,0.58989,0.58990,0.58989,0.58989,3
SQ:NZDUSD,2023-09-12T22:21:00+02:00,0.58990,0.58990,0.58985,0.58987,8
SQ:NZDUSD,2023-09-12T22:22:00+02:00,0.58987,0.58990,0.58983,0.58983,7
SQ:NZDUSD,2023-09-12T22:23:00+02:00,0.58983,0.58985,0.58979,0.58981,15
SQ:NZDUSD,2023-09-12T22:24:00+02:00,0.58979,0.58989,0.58979,0.58985,27
SQ:NZDUSD,2023-09-12T22:25:00+02:00,0.58986,0.58986,0.58980,0.58980,28
SQ:NZDUSD,2023-09-12T22:26:00+02:00,0.58981,0.58987,0.58979,0.58979,13
SQ:NZDUSD,2023-09-12T22:27:00+02:00,0.58979,0.58979,0.58973,0.58976,23
SQ:NZDUSD,2023-09-12T22:28:00+02:00,0.58977,0.58977,0.58976,0.58976,2
SQ:NZDUSD,2023-09-12T22:29:00+02:00,0.58976,0.58990,0.58976,0.58990,13
SQ:NZDUSD,2023-09-12T22:30:00+02:00,0.58990,0.58990,0.58990,0.58990,1
SQ:NZDUSD,2023-09-12T22:31:00+02:00,0.58990,0.58990,0.58990,0.58990,1
SQ:NZDUSD,2023-09-12T22:32:00+02:00,0.58990,0.58999,0.58990,0.58999,6
SQ:NZDUSD,2023-09-12T22:33:00+02:00,0.59000,0.59004,0.59000,0.59004,4
SQ:NZDUSD,2023-09-12T22:34:00+02:00,0.59004,0.59015,0.59004,0.59015,7
SQ:NZDUSD,2023-09-12T22:35:00+02:00,0.59015,0.59018,0.59010,0.59010,8
SQ:NZDUSD,2023-09-12T22:36:00+02:00,0.59010,0.59016,0.59010,0.59016,3
SQ:NZDUSD,2023-09-12T22:37:00+02:00,0.59016,0.59016,0.59012,0.59015,9
SQ:NZDUSD,2023-09-12T22:38:00+02:00,0.59015,0.59015,0.59010,0.59010,17
SQ:NZDUSD,2023-09-12T22:39:00+02:00,0.59010,0.59010,0.59005,0.59005,6
SQ:NZDUSD,2023-09-12T22:40:00+02:00,0.59005,0.59006,0.59005,0.59006,2
SQ:NZDUSD,2023-09-12T22:41:00+02:00,0.59006,0.59006,0.59002,0.59005,21
SQ:NZDUSD,2023-09-12T22:42:00+02:00,0.59005,0.59006,0.59002,0.59006,6
SQ:NZDUSD,2023-09-12T22:43:00+02:00,0.59006,0.59006,0.59006,0.59006,1
SQ:NZDUSD,2023-09-12T22:44:00+02:00,0.59007,0.59010,0.59006,0.59007,20
SQ:NZDUSD,2023-09-12T22:45:00+02:00,0.59008,0.59008,0.59003,0.59006,6
SQ:NZDUSD,2023-09-12T22:46:00+02:00,0.59006,0.59023,0.59006,0.59018,28
SQ:NZDUSD,2023-09-12T22:47:00+02:00,0.59017,0.59027,0.59017,0.59019,26
SQ:NZDUSD,2023-09-12T22:48:00+02:00,0.59018,0.59019,0.59015,0.59018,26
SQ:NZDUSD,2023-09-12T22:49:00+02:00,0.59017,0.59024,0.59017,0.59022,15
SQ:NZDUSD,2023-09-12T22:50:00+02:00,0.59021,0.59027,0.59020,0.59025,31
SQ:NZDUSD,2023-09-12T22:51:00+02:00,0.59025,0.59035,0.59024,0.59029,44
SQ:NZDUSD,2023-09-12T22:52:00+02:00,0.59029,0.59032,0.59029,0.59030,8
SQ:NZDUSD,2023-09-12T22:53:00+02:00,0.59029,0.59030,0.59024,0.59024,13
SQ:NZDUSD,2023-09-12T22:54:00+02:00,0.59024,0.59029,0.59024,0.59025,7
SQ:NZDUSD,2023-09-12T23:01:00+02:00,0.58684,0.59019,0.58684,0.59019,19
SQ:NZDUSD,2023-09-12T23:02:00+02:00,0.59019,0.59019,0.58928,0.58928,5
SQ:NZDUSD,2023-09-12T23:03:00+02:00,0.58928,0.58929,0.58928,0.58929,2
SQ:NZDUSD,2023-09-12T23:04:00+02:00,0.58929,0.58934,0.58929,0.58934,2
SQ:NZDUSD,2023-09-12T23:05:00+02:00,0.58943,0.59013,0.58936,0.59013,33
SQ:NZDUSD,2023-09-12T23:06:00+02:00,0.59011,0.59011,0.58973,0.59000,34
SQ:NZDUSD,2023-09-12T23:07:00+02:00,0.59000,0.59004,0.59000,0.59004,3
SQ:NZDUSD,2023-09-12T23:08:00+02:00,0.59006,0.59013,0.59006,0.59013,6
SQ:NZDUSD,2023-09-12T23:09:00+02:00,0.59014,0.59016,0.59013,0.59016,4
SQ:NZDUSD,2023-09-12T23:10:00+02:00,0.59015,0.59016,0.59008,0.59008,4
SQ:NZDUSD,2023-09-12T23:11:00+02:00,0.59008,0.59010,0.59004,0.59010,5
SQ:NZDUSD,2023-09-12T23:12:00+02:00,0.59014,0.59015,0.59011,0.59011,7
SQ:NZDUSD,2023-09-12T23:13:00+02:00,0.59012,0.59012,0.59012,0.59012,1
SQ:NZDUSD,2023-09-12T23:14:00+02:00,0.59014,0.59014,0.59014,0.59014,1
SQ:NZDUSD,2023-09-12T23:18:00+02:00,0.59012,0.59012,0.58992,0.58996,8
SQ:NZDUSD,2023-09-12T23:19:00+02:00,0.58998,0.59003,0.58989,0.58989,11
SQ:NZDUSD,2023-09-12T23:20:00+02:00,0.58987,0.58987,0.58986,0.58986,2
SQ:NZDUSD,2023-09-12T23:21:00+02:00,0.58985,0.58988,0.58973,0.58979,9
SQ:NZDUSD,2023-09-12T23:22:00+02:00,0.58988,0.58992,0.58988,0.58992,2
SQ:NZDUSD,2023-09-12T23:24:00+02:00,0.58991,0.58992,0.58991,0.58992,2
SQ:NZDUSD,2023-09-12T23:26:00+02:00,0.58992,0.58992,0.58992,0.58992,1
SQ:NZDUSD,2023-09-12T23:30:00+02:00,0.58994,0.58997,0.58989,0.58995,12
SQ:NZDUSD,2023-09-12T23:31:00+02:00,0.58995,0.58996,0.58992,0.58992,4
SQ:NZDUSD,2023-09-12T23:32:00+02:00,0.58995,0.58998,0.58985,0.58985,27
SQ:NZDUSD,2023-09-12T23:33:00+02:00,0.58985,0.58991,0.58984,0.58987,5
SQ:NZDUSD,2023-09-12T23:34:00+02:00,0.58987,0.58987,0.58987,0.58987,1
SQ:NZDUSD,2023-09-12T23:35:00+02:00,0.58998,0.58998,0.58978,0.58986,40
SQ:NZDUSD,2023-09-12T23:36:00+02:00,0.58986,0.58986,0.58980,0.58980,7
SQ:NZDUSD,2023-09-12T23:37:00+02:00,0.58981,0.58988,0.58975,0.58981,94
SQ:NZDUSD,2023-09-12T23:38:00+02:00,0.58982,0.58992,0.58977,0.58991,24
SQ:NZDUSD,2023-09-12T23:39:00+02:00,0.58986,0.58992,0.58980,0.58983,39
SQ:NZDUSD,2023-09-12T23:40:00+02:00,0.58981,0.58987,0.58969,0.58978,105
SQ:NZDUSD,2023-09-12T23:41:00+02:00,0.58979,0.58992,0.58976,0.58983,209
SQ:NZDUSD,2023-09-12T23:42:00+02:00,0.58981,0.58986,0.58979,0.58983,30
SQ:NZDUSD,2023-09-12T23:43:00+02:00,0.58981,0.58996,0.58975,0.58981,41
SQ:NZDUSD,2023-09-12T23:44:00+02:00,0.58977,0.58985,0.58975,0.58984,30
SQ:NZDUSD,2023-09-12T23:45:00+02:00,0.58985,0.58993,0.58979,0.58984,35
SQ:NZDUSD,2023-09-12T23:46:00+02:00,0.58985,0.59002,0.58984,0.59001,52
SQ:NZDUSD,2023-09-12T23:47:00+02:00,0.59001,0.59002,0.58996,0.59002,19
SQ:NZDUSD,2023-09-12T23:48:00+02:00,0.59000,0.59002,0.58992,0.58993,22
SQ:NZDUSD,2023-09-12T23:49:00+02:00,0.58994,0.59001,0.58994,0.58994,14
SQ:NZDUSD,2023-09-12T23:50:00+02:00,0.58994,0.58998,0.58994,0.58994,47
SQ:NZDUSD,2023-09-12T23:51:00+02:00,0.58994,0.58998,0.58994,0.58994,15
SQ:NZDUSD,2023-09-12T23:52:00+02:00,0.58994,0.58997,0.58993,0.58994,59
SQ:NZDUSD,2023-09-12T23:53:00+02:00,0.58994,0.58995,0.58992,0.58992,33
SQ:NZDUSD,2023-09-12T23:54:00+02:00,0.58992,0.58993,0.58992,0.58992,3
SQ:NZDUSD,2023-09-12T23:55:00+02:00,0.58992,0.58992,0.58987,0.58987,22
SQ:NZDUSD,2023-09-12T23:56:00+02:00,0.58987,0.58991,0.58987,0.58991,20
SQ:NZDUSD,2023-09-12T23:57:00+02:00,0.58988,0.58994,0.58987,0.58990,80
SQ:NZDUSD,2023-09-12T23:58:00+02:00,0.58989,0.58994,0.58978,0.58978,96
SQ:NZDUSD,2023-09-12T23:59:00+02:00,0.58981,0.58996,0.58974,0.58995,110
