SQ:USDJPY,2023-01-27T00:00:00+01:00,130.112,130.184,130.094,130.109,89
SQ:USDJPY,2023-01-27T00:01:00+01:00,130.112,130.156,130.112,130.136,64
SQ:USDJPY,2023-01-27T00:02:00+01:00,130.136,130.137,130.086,130.092,74
SQ:USDJPY,2023-01-27T00:03:00+01:00,130.095,130.116,130.095,130.101,57
SQ:USDJPY,2023-01-27T00:04:00+01:00,130.099,130.101,130.071,130.075,51
SQ:USDJPY,2023-01-27T00:05:00+01:00,130.074,130.078,130.064,130.064,13
SQ:USDJPY,2023-01-27T00:06:00+01:00,130.063,130.063,130.053,130.054,19
SQ:USDJPY,2023-01-27T00:07:00+01:00,130.053,130.060,130.048,130.054,14
SQ:USDJPY,2023-01-27T00:08:00+01:00,130.054,130.054,130.053,130.054,3
SQ:USDJPY,2023-01-27T00:09:00+01:00,130.055,130.090,130.055,130.074,28
SQ:USDJPY,2023-01-27T00:10:00+01:00,130.074,130.074,130.050,130.052,20
SQ:USDJPY,2023-01-27T00:11:00+01:00,130.052,130.058,130.051,130.057,14
SQ:USDJPY,2023-01-27T00:12:00+01:00,130.056,130.082,130.056,130.077,53
SQ:USDJPY,2023-01-27T00:13:00+01:00,130.077,130.077,130.046,130.055,38
SQ:USDJPY,2023-01-27T00:14:00+01:00,130.055,130.076,130.048,130.048,43
SQ:USDJPY,2023-01-27T00:15:00+01:00,130.049,130.077,130.049,130.055,69
SQ:USDJPY,2023-01-27T00:16:00+01:00,130.054,130.057,130.044,130.044,51
SQ:USDJPY,2023-01-27T00:17:00+01:00,130.046,130.097,130.046,130.068,87
SQ:USDJPY,2023-01-27T00:18:00+01:00,130.066,130.069,130.042,130.042,45
SQ:USDJPY,2023-01-27T00:19:00+01:00,130.042,130.060,130.041,130.047,39
SQ:USDJPY,2023-01-27T00:20:00+01:00,130.047,130.047,130.006,130.012,52
SQ:USDJPY,2023-01-27T00:21:00+01:00,130.012,130.040,130.010,130.012,76
SQ:USDJPY,2023-01-27T00:22:00+01:00,130.010,130.011,129.982,129.994,83
SQ:USDJPY,2023-01-27T00:23:00+01:00,129.995,129.996,129.978,129.989,53
SQ:USDJPY,2023-01-27T00:24:00+01:00,129.987,130.022,129.987,129.995,120
SQ:USDJPY,2023-01-27T00:25:00+01:00,129.994,129.995,129.974,129.978,88
SQ:USDJPY,2023-01-27T00:26:00+01:00,129.979,130.001,129.978,129.983,96
SQ:USDJPY,2023-01-27T00:27:00+01:00,129.983,129.983,129.934,129.960,106
SQ:USDJPY,2023-01-27T00:28:00+01:00,129.960,129.965,129.910,129.945,120
SQ:USDJPY,2023-01-27T00:29:00+01:00,129.944,129.959,129.913,129.943,101
SQ:USDJPY,2023-01-27T00:30:00+01:00,129.942,129.956,129.771,129.790,470
SQ:USDJPY,2023-01-27T00:31:00+01:00,129.789,129.865,129.743,129.764,228
SQ:USDJPY,2023-01-27T00:32:00+01:00,129.765,129.765,129.689,129.708,311
SQ:USDJPY,2023-01-27T00:33:00+01:00,129.707,129.758,129.706,129.749,220
SQ:USDJPY,2023-01-27T00:34:00+01:00,129.749,129.813,129.745,129.761,218
SQ:USDJPY,2023-01-27T00:35:00+01:00,129.761,129.778,129.735,129.777,168
SQ:USDJPY,2023-01-27T00:36:00+01:00,129.776,129.797,129.727,129.744,166
SQ:USDJPY,2023-01-27T00:37:00+01:00,129.746,129.765,129.692,129.707,167
SQ:USDJPY,2023-01-27T00:38:00+01:00,129.706,129.770,129.684,129.768,166
SQ:USDJPY,2023-01-27T00:39:00+01:00,129.763,129.772,129.668,129.685,209
SQ:USDJPY,2023-01-27T00:40:00+01:00,129.688,129.710,129.660,129.671,193
SQ:USDJPY,2023-01-27T00:41:00+01:00,129.671,129.715,129.637,129.713,196
SQ:USDJPY,2023-01-27T00:42:00+01:00,129.711,129.730,129.685,129.728,139
SQ:USDJPY,2023-01-27T00:43:00+01:00,129.728,129.761,129.715,129.738,168
SQ:USDJPY,2023-01-27T00:44:00+01:00,129.739,129.748,129.712,129.734,112
SQ:USDJPY,2023-01-27T00:45:00+01:00,129.734,129.762,129.732,129.754,89
SQ:USDJPY,2023-01-27T00:46:00+01:00,129.754,129.775,129.733,129.762,135
SQ:USDJPY,2023-01-27T00:47:00+01:00,129.760,129.765,129.728,129.749,125
SQ:USDJPY,2023-01-27T00:48:00+01:00,129.748,129.748,129.718,129.732,93
SQ:USDJPY,2023-01-27T00:49:00+01:00,129.730,129.772,129.730,129.747,100
SQ:USDJPY,2023-01-27T00:50:00+01:00,129.746,129.763,129.678,129.710,143
SQ:USDJPY,2023-01-27T00:51:00+01:00,129.709,129.727,129.690,129.716,110
SQ:USDJPY,2023-01-27T00:52:00+01:00,129.718,129.775,129.709,129.749,196
SQ:USDJPY,2023-01-27T00:53:00+01:00,129.749,129.798,129.748,129.785,160
SQ:USDJPY,2023-01-27T00:54:00+01:00,129.784,129.784,129.757,129.761,110
SQ:USDJPY,2023-01-27T00:55:00+01:00,129.762,129.772,129.740,129.750,106
SQ:USDJPY,2023-01-27T00:56:00+01:00,129.749,129.771,129.749,129.771,88
SQ:USDJPY,2023-01-27T00:57:00+01:00,129.771,129.822,129.766,129.791,255
SQ:USDJPY,2023-01-27T00:58:00+01:00,129.792,129.850,129.786,129.830,218
SQ:USDJPY,2023-01-27T00:59:00+01:00,129.833,129.837,129.791,129.795,164
SQ:USDJPY,2023-01-27T01:00:00+01:00,129.790,129.812,129.757,129.811,192
SQ:USDJPY,2023-01-27T01:01:00+01:00,129.812,129.874,129.812,129.846,226
SQ:USDJPY,2023-01-27T01:02:00+01:00,129.846,129.848,129.775,129.780,126
SQ:USDJPY,2023-01-27T01:03:00+01:00,129.780,129.819,129.773,129.819,81
SQ:USDJPY,2023-01-27T01:04:00+01:00,129.818,129.832,129.782,129.805,110
SQ:USDJPY,2023-01-27T01:05:00+01:00,129.804,129.827,129.800,129.804,72
SQ:USDJPY,2023-01-27T01:06:00+01:00,129.804,129.809,129.774,129.779,86
SQ:USDJPY,2023-01-27T01:07:00+01:00,129.778,129.831,129.750,129.823,121
SQ:USDJPY,2023-01-27T01:08:00+01:00,129.819,129.842,129.809,129.824,98
SQ:USDJPY,2023-01-27T01:09:00+01:00,129.825,129.829,129.776,129.803,96
SQ:USDJPY,2023-01-27T01:10:00+01:00,129.803,129.815,129.755,129.768,106
SQ:USDJPY,2023-01-27T01:11:00+01:00,129.769,129.795,129.760,129.781,98
SQ:USDJPY,2023-01-27T01:12:00+01:00,129.779,129.793,129.768,129.776,54
SQ:USDJPY,2023-01-27T01:13:00+01:00,129.774,129.784,129.740,129.750,86
SQ:USDJPY,2023-01-27T01:14:00+01:00,129.749,129.840,129.749,129.827,155
SQ:USDJPY,2023-01-27T01:15:00+01:00,129.827,129.834,129.788,129.823,127
SQ:USDJPY,2023-01-27T01:16:00+01:00,129.823,129.863,129.823,129.849,139
SQ:USDJPY,2023-01-27T01:17:00+01:00,129.850,129.861,129.817,129.819,53
SQ:USDJPY,2023-01-27T01:18:00+01:00,129.819,129.847,129.802,129.847,124
SQ:USDJPY,2023-01-27T01:19:00+01:00,129.847,129.847,129.803,129.816,139
SQ:USDJPY,2023-01-27T01:20:00+01:00,129.815,129.826,129.793,129.793,118
SQ:USDJPY,2023-01-27T01:21:00+01:00,129.793,129.794,129.755,129.773,119
SQ:USDJPY,2023-01-27T01:22:00+01:00,129.772,129.787,129.754,129.768,87
SQ:USDJPY,2023-01-27T01:23:00+01:00,129.767,129.780,129.734,129.749,105
SQ:USDJPY,2023-01-27T01:24:00+01:00,129.752,129.772,129.749,129.761,65
SQ:USDJPY,2023-01-27T01:25:00+01:00,129.762,129.762,129.733,129.736,109
SQ:USDJPY,2023-01-27T01:26:00+01:00,129.737,129.764,129.702,129.764,97
SQ:USDJPY,2023-01-27T01:27:00+01:00,129.764,129.854,129.763,129.854,157
SQ:USDJPY,2023-01-27T01:28:00+01:00,129.854,129.854,129.822,129.840,128
SQ:USDJPY,2023-01-27T01:29:00+01:00,129.841,129.856,129.837,129.844,83
SQ:USDJPY,2023-01-27T01:30:00+01:00,129.844,129.846,129.804,129.841,115
SQ:USDJPY,2023-01-27T01:31:00+01:00,129.840,129.876,129.830,129.865,113
SQ:USDJPY,2023-01-27T01:32:00+01:00,129.865,129.865,129.783,129.803,127
SQ:USDJPY,2023-01-27T01:33:00+01:00,129.803,129.818,129.775,129.779,104
SQ:USDJPY,2023-01-27T01:34:00+01:00,129.783,129.790,129.765,129.768,46
SQ:USDJPY,2023-01-27T01:35:00+01:00,129.767,129.789,129.767,129.775,126
SQ:USDJPY,2023-01-27T01:36:00+01:00,129.773,129.803,129.767,129.781,120
SQ:USDJPY,2023-01-27T01:37:00+01:00,129.781,129.788,129.766,129.774,117
SQ:USDJPY,2023-01-27T01:38:00+01:00,129.777,129.815,129.772,129.791,102
SQ:USDJPY,2023-01-27T01:39:00+01:00,129.794,129.802,129.740,129.743,88
SQ:USDJPY,2023-01-27T01:40:00+01:00,129.742,129.758,129.740,129.754,82
SQ:USDJPY,2023-01-27T01:41:00+01:00,129.754,129.766,129.742,129.762,87
SQ:USDJPY,2023-01-27T01:42:00+01:00,129.763,129.787,129.761,129.787,85
SQ:USDJPY,2023-01-27T01:43:00+01:00,129.785,129.787,129.777,129.785,39
SQ:USDJPY,2023-01-27T01:44:00+01:00,129.786,129.786,129.778,129.780,37
SQ:USDJPY,2023-01-27T01:45:00+01:00,129.780,129.803,129.776,129.802,92
SQ:USDJPY,2023-01-27T01:46:00+01:00,129.801,129.803,129.788,129.797,99
SQ:USDJPY,2023-01-27T01:47:00+01:00,129.797,129.824,129.796,129.821,55
SQ:USDJPY,2023-01-27T01:48:00+01:00,129.821,129.838,129.818,129.837,94
SQ:USDJPY,2023-01-27T01:49:00+01:00,129.838,129.842,129.784,129.794,144
SQ:USDJPY,2023-01-27T01:50:00+01:00,129.794,129.794,129.671,129.683,295
SQ:USDJPY,2023-01-27T01:51:00+01:00,129.683,129.698,129.555,129.576,318
SQ:USDJPY,2023-01-27T01:52:00+01:00,129.579,129.617,129.543,129.567,364
SQ:USDJPY,2023-01-27T01:53:00+01:00,129.566,129.595,129.514,129.544,338
SQ:USDJPY,2023-01-27T01:54:00+01:00,129.543,129.543,129.490,129.535,452
SQ:USDJPY,2023-01-27T01:55:00+01:00,129.536,129.600,129.525,129.589,338
SQ:USDJPY,2023-01-27T01:56:00+01:00,129.589,129.627,129.571,129.624,149
SQ:USDJPY,2023-01-27T01:57:00+01:00,129.625,129.650,129.607,129.627,224
SQ:USDJPY,2023-01-27T01:58:00+01:00,129.626,129.656,129.611,129.615,179
SQ:USDJPY,2023-01-27T01:59:00+01:00,129.614,129.645,129.606,129.630,220
SQ:USDJPY,2023-01-27T02:00:00+01:00,129.638,129.670,129.612,129.655,215
SQ:USDJPY,2023-01-27T02:01:00+01:00,129.657,129.677,129.645,129.662,139
SQ:USDJPY,2023-01-27T02:02:00+01:00,129.662,129.702,129.658,129.695,162
SQ:USDJPY,2023-01-27T02:03:00+01:00,129.696,129.733,129.688,129.713,138
SQ:USDJPY,2023-01-27T02:04:00+01:00,129.712,129.712,129.671,129.678,92
SQ:USDJPY,2023-01-27T02:05:00+01:00,129.678,129.705,129.667,129.681,129
SQ:USDJPY,2023-01-27T02:06:00+01:00,129.680,129.687,129.667,129.687,81
SQ:USDJPY,2023-01-27T02:07:00+01:00,129.686,129.706,129.678,129.704,50
SQ:USDJPY,2023-01-27T02:08:00+01:00,129.702,129.702,129.673,129.683,53
SQ:USDJPY,2023-01-27T02:09:00+01:00,129.684,129.714,129.675,129.712,63
SQ:USDJPY,2023-01-27T02:10:00+01:00,129.711,129.730,129.702,129.707,65
SQ:USDJPY,2023-01-27T02:11:00+01:00,129.706,129.714,129.706,129.708,53
SQ:USDJPY,2023-01-27T02:12:00+01:00,129.707,129.729,129.705,129.725,48
SQ:USDJPY,2023-01-27T02:13:00+01:00,129.726,129.726,129.707,129.717,60
SQ:USDJPY,2023-01-27T02:14:00+01:00,129.716,129.732,129.691,129.713,100
SQ:USDJPY,2023-01-27T02:15:00+01:00,129.710,129.720,129.700,129.712,43
SQ:USDJPY,2023-01-27T02:16:00+01:00,129.712,129.747,129.712,129.737,78
SQ:USDJPY,2023-01-27T02:17:00+01:00,129.738,129.754,129.733,129.733,37
SQ:USDJPY,2023-01-27T02:18:00+01:00,129.734,129.736,129.690,129.701,110
SQ:USDJPY,2023-01-27T02:19:00+01:00,129.702,129.721,129.696,129.696,100
SQ:USDJPY,2023-01-27T02:20:00+01:00,129.695,129.700,129.657,129.692,108
SQ:USDJPY,2023-01-27T02:21:00+01:00,129.690,129.716,129.687,129.714,86
SQ:USDJPY,2023-01-27T02:22:00+01:00,129.713,129.718,129.689,129.704,89
SQ:USDJPY,2023-01-27T02:23:00+01:00,129.703,129.751,129.698,129.745,106
SQ:USDJPY,2023-01-27T02:24:00+01:00,129.744,129.780,129.732,129.779,125
SQ:USDJPY,2023-01-27T02:25:00+01:00,129.781,129.805,129.758,129.759,149
SQ:USDJPY,2023-01-27T02:26:00+01:00,129.759,129.762,129.743,129.760,66
SQ:USDJPY,2023-01-27T02:27:00+01:00,129.760,129.771,129.744,129.762,82
SQ:USDJPY,2023-01-27T02:28:00+01:00,129.763,129.764,129.707,129.739,108
SQ:USDJPY,2023-01-27T02:29:00+01:00,129.739,129.739,129.721,129.734,116
SQ:USDJPY,2023-01-27T02:30:00+01:00,129.734,129.734,129.694,129.703,73
SQ:USDJPY,2023-01-27T02:31:00+01:00,129.702,129.716,129.690,129.690,132
SQ:USDJPY,2023-01-27T02:32:00+01:00,129.690,129.713,129.675,129.711,94
SQ:USDJPY,2023-01-27T02:33:00+01:00,129.710,129.710,129.643,129.644,113
SQ:USDJPY,2023-01-27T02:34:00+01:00,129.645,129.660,129.630,129.642,105
SQ:USDJPY,2023-01-27T02:35:00+01:00,129.641,129.644,129.611,129.637,80
SQ:USDJPY,2023-01-27T02:36:00+01:00,129.636,129.658,129.633,129.644,94
SQ:USDJPY,2023-01-27T02:37:00+01:00,129.645,129.664,129.626,129.647,102
SQ:USDJPY,2023-01-27T02:38:00+01:00,129.647,129.649,129.614,129.614,107
SQ:USDJPY,2023-01-27T02:39:00+01:00,129.614,129.673,129.614,129.657,92
SQ:USDJPY,2023-01-27T02:40:00+01:00,129.656,129.704,129.656,129.698,133
SQ:USDJPY,2023-01-27T02:41:00+01:00,129.698,129.714,129.695,129.710,103
SQ:USDJPY,2023-01-27T02:42:00+01:00,129.711,129.735,129.711,129.728,54
SQ:USDJPY,2023-01-27T02:43:00+01:00,129.730,129.756,129.713,129.715,69
SQ:USDJPY,2023-01-27T02:44:00+01:00,129.717,129.735,129.707,129.721,84
SQ:USDJPY,2023-01-27T02:45:00+01:00,129.719,129.719,129.698,129.700,46
SQ:USDJPY,2023-01-27T02:46:00+01:00,129.699,129.731,129.699,129.719,91
SQ:USDJPY,2023-01-27T02:47:00+01:00,129.720,129.720,129.693,129.694,40
SQ:USDJPY,2023-01-27T02:48:00+01:00,129.693,129.704,129.683,129.694,68
SQ:USDJPY,2023-01-27T02:49:00+01:00,129.694,129.695,129.669,129.669,60
SQ:USDJPY,2023-01-27T02:50:00+01:00,129.671,129.701,129.670,129.691,72
SQ:USDJPY,2023-01-27T02:51:00+01:00,129.691,129.697,129.658,129.662,52
SQ:USDJPY,2023-01-27T02:52:00+01:00,129.662,129.663,129.642,129.643,82
SQ:USDJPY,2023-01-27T02:53:00+01:00,129.651,129.668,129.642,129.661,88
SQ:USDJPY,2023-01-27T02:54:00+01:00,129.662,129.681,129.661,129.669,74
SQ:USDJPY,2023-01-27T02:55:00+01:00,129.670,129.685,129.669,129.683,42
SQ:USDJPY,2023-01-27T02:56:00+01:00,129.683,129.723,129.683,129.715,111
SQ:USDJPY,2023-01-27T02:57:00+01:00,129.714,129.740,129.707,129.716,112
SQ:USDJPY,2023-01-27T02:58:00+01:00,129.716,129.716,129.698,129.710,40
SQ:USDJPY,2023-01-27T02:59:00+01:00,129.710,129.726,129.679,129.682,71
SQ:USDJPY,2023-01-27T03:00:00+01:00,129.680,129.750,129.680,129.737,90
SQ:USDJPY,2023-01-27T03:01:00+01:00,129.739,129.746,129.720,129.737,79
SQ:USDJPY,2023-01-27T03:02:00+01:00,129.738,129.765,129.736,129.745,83
SQ:USDJPY,2023-01-27T03:03:00+01:00,129.746,129.764,129.743,129.755,139
SQ:USDJPY,2023-01-27T03:04:00+01:00,129.754,129.754,129.721,129.729,116
SQ:USDJPY,2023-01-27T03:05:00+01:00,129.730,129.748,129.730,129.743,78
SQ:USDJPY,2023-01-27T03:06:00+01:00,129.743,129.745,129.730,129.730,112
SQ:USDJPY,2023-01-27T03:07:00+01:00,129.731,129.732,129.708,129.708,67
SQ:USDJPY,2023-01-27T03:08:00+01:00,129.709,129.726,129.689,129.701,81
SQ:USDJPY,2023-01-27T03:09:00+01:00,129.700,129.700,129.662,129.681,76
SQ:USDJPY,2023-01-27T03:10:00+01:00,129.680,129.691,129.676,129.676,55
SQ:USDJPY,2023-01-27T03:11:00+01:00,129.677,129.677,129.644,129.648,109
SQ:USDJPY,2023-01-27T03:12:00+01:00,129.648,129.654,129.598,129.606,76
SQ:USDJPY,2023-01-27T03:13:00+01:00,129.607,129.649,129.606,129.636,119
SQ:USDJPY,2023-01-27T03:14:00+01:00,129.635,129.640,129.625,129.634,59
SQ:USDJPY,2023-01-27T03:15:00+01:00,129.631,129.634,129.617,129.618,62
SQ:USDJPY,2023-01-27T03:16:00+01:00,129.618,129.655,129.618,129.646,65
SQ:USDJPY,2023-01-27T03:17:00+01:00,129.645,129.682,129.644,129.680,60
SQ:USDJPY,2023-01-27T03:18:00+01:00,129.680,129.685,129.671,129.678,27
SQ:USDJPY,2023-01-27T03:19:00+01:00,129.679,129.705,129.671,129.690,48
SQ:USDJPY,2023-01-27T03:20:00+01:00,129.696,129.719,129.689,129.718,92
SQ:USDJPY,2023-01-27T03:21:00+01:00,129.718,129.720,129.704,129.705,53
SQ:USDJPY,2023-01-27T03:22:00+01:00,129.705,129.729,129.703,129.725,41
SQ:USDJPY,2023-01-27T03:23:00+01:00,129.726,129.726,129.715,129.721,56
SQ:USDJPY,2023-01-27T03:24:00+01:00,129.716,129.716,129.700,129.704,46
SQ:USDJPY,2023-01-27T03:25:00+01:00,129.704,129.704,129.684,129.687,55
SQ:USDJPY,2023-01-27T03:26:00+01:00,129.686,129.693,129.675,129.693,64
SQ:USDJPY,2023-01-27T03:27:00+01:00,129.692,129.700,129.666,129.688,67
SQ:USDJPY,2023-01-27T03:28:00+01:00,129.688,129.700,129.677,129.678,46
SQ:USDJPY,2023-01-27T03:29:00+01:00,129.678,129.689,129.667,129.685,53
SQ:USDJPY,2023-01-27T03:30:00+01:00,129.685,129.694,129.670,129.694,39
SQ:USDJPY,2023-01-27T03:31:00+01:00,129.693,129.694,129.676,129.685,47
SQ:USDJPY,2023-01-27T03:32:00+01:00,129.681,129.704,129.678,129.694,82
SQ:USDJPY,2023-01-27T03:33:00+01:00,129.695,129.707,129.692,129.700,68
SQ:USDJPY,2023-01-27T03:34:00+01:00,129.699,129.712,129.688,129.711,34
SQ:USDJPY,2023-01-27T03:35:00+01:00,129.708,129.708,129.697,129.699,50
SQ:USDJPY,2023-01-27T03:36:00+01:00,129.697,129.697,129.684,129.695,45
SQ:USDJPY,2023-01-27T03:37:00+01:00,129.695,129.706,129.680,129.692,56
SQ:USDJPY,2023-01-27T03:38:00+01:00,129.693,129.698,129.689,129.689,26
SQ:USDJPY,2023-01-27T03:39:00+01:00,129.690,129.690,129.676,129.676,34
SQ:USDJPY,2023-01-27T03:40:00+01:00,129.675,129.700,129.675,129.694,23
SQ:USDJPY,2023-01-27T03:41:00+01:00,129.691,129.709,129.688,129.705,22
SQ:USDJPY,2023-01-27T03:42:00+01:00,129.704,129.704,129.677,129.680,57
SQ:USDJPY,2023-01-27T03:43:00+01:00,129.684,129.685,129.678,129.679,15
SQ:USDJPY,2023-01-27T03:44:00+01:00,129.678,129.681,129.676,129.678,12
SQ:USDJPY,2023-01-27T03:45:00+01:00,129.678,129.695,129.678,129.688,29
SQ:USDJPY,2023-01-27T03:46:00+01:00,129.688,129.688,129.678,129.686,29
SQ:USDJPY,2023-01-27T03:47:00+01:00,129.685,129.696,129.679,129.695,35
SQ:USDJPY,2023-01-27T03:48:00+01:00,129.695,129.695,129.674,129.684,38
SQ:USDJPY,2023-01-27T03:49:00+01:00,129.685,129.704,129.683,129.702,33
SQ:USDJPY,2023-01-27T03:50:00+01:00,129.701,129.702,129.690,129.694,19
SQ:USDJPY,2023-01-27T03:51:00+01:00,129.695,129.750,129.689,129.742,64
SQ:USDJPY,2023-01-27T03:52:00+01:00,129.743,129.762,129.729,129.746,81
SQ:USDJPY,2023-01-27T03:53:00+01:00,129.747,129.748,129.721,129.726,44
SQ:USDJPY,2023-01-27T03:54:00+01:00,129.726,129.755,129.722,129.753,54
SQ:USDJPY,2023-01-27T03:55:00+01:00,129.752,129.765,129.745,129.764,79
SQ:USDJPY,2023-01-27T03:56:00+01:00,129.764,129.770,129.759,129.760,54
SQ:USDJPY,2023-01-27T03:57:00+01:00,129.762,129.767,129.749,129.752,25
SQ:USDJPY,2023-01-27T03:58:00+01:00,129.749,129.762,129.747,129.762,26
SQ:USDJPY,2023-01-27T03:59:00+01:00,129.761,129.763,129.754,129.757,34
SQ:USDJPY,2023-01-27T04:00:00+01:00,129.753,129.754,129.720,129.730,31
SQ:USDJPY,2023-01-27T04:01:00+01:00,129.724,129.724,129.686,129.687,50
SQ:USDJPY,2023-01-27T04:02:00+01:00,129.688,129.720,129.688,129.701,72
SQ:USDJPY,2023-01-27T04:03:00+01:00,129.700,129.706,129.691,129.706,28
SQ:USDJPY,2023-01-27T04:04:00+01:00,129.705,129.705,129.681,129.684,31
SQ:USDJPY,2023-01-27T04:05:00+01:00,129.684,129.702,129.682,129.686,44
SQ:USDJPY,2023-01-27T04:06:00+01:00,129.686,129.693,129.685,129.691,26
SQ:USDJPY,2023-01-27T04:07:00+01:00,129.690,129.705,129.678,129.681,68
SQ:USDJPY,2023-01-27T04:08:00+01:00,129.681,129.701,129.678,129.694,25
SQ:USDJPY,2023-01-27T04:09:00+01:00,129.694,129.696,129.684,129.691,16
SQ:USDJPY,2023-01-27T04:10:00+01:00,129.694,129.704,129.690,129.703,36
SQ:USDJPY,2023-01-27T04:11:00+01:00,129.704,129.718,129.697,129.697,79
SQ:USDJPY,2023-01-27T04:12:00+01:00,129.696,129.710,129.696,129.705,34
SQ:USDJPY,2023-01-27T04:13:00+01:00,129.705,129.708,129.696,129.697,33
SQ:USDJPY,2023-01-27T04:14:00+01:00,129.697,129.706,129.692,129.700,32
SQ:USDJPY,2023-01-27T04:15:00+01:00,129.700,129.700,129.689,129.691,13
SQ:USDJPY,2023-01-27T04:16:00+01:00,129.690,129.780,129.687,129.768,97
SQ:USDJPY,2023-01-27T04:17:00+01:00,129.769,129.812,129.751,129.796,119
SQ:USDJPY,2023-01-27T04:18:00+01:00,129.798,129.798,129.765,129.768,74
SQ:USDJPY,2023-01-27T04:19:00+01:00,129.769,129.773,129.768,129.768,21
SQ:USDJPY,2023-01-27T04:20:00+01:00,129.767,129.767,129.736,129.746,66
SQ:USDJPY,2023-01-27T04:21:00+01:00,129.746,129.773,129.746,129.772,54
SQ:USDJPY,2023-01-27T04:22:00+01:00,129.771,129.780,129.769,129.780,43
SQ:USDJPY,2023-01-27T04:23:00+01:00,129.780,129.780,129.767,129.772,68
SQ:USDJPY,2023-01-27T04:24:00+01:00,129.771,129.773,129.761,129.764,24
SQ:USDJPY,2023-01-27T04:25:00+01:00,129.764,129.791,129.764,129.789,40
SQ:USDJPY,2023-01-27T04:26:00+01:00,129.788,129.857,129.780,129.799,144
SQ:USDJPY,2023-01-27T04:27:00+01:00,129.795,129.864,129.795,129.854,89
SQ:USDJPY,2023-01-27T04:28:00+01:00,129.853,129.864,129.833,129.847,94
SQ:USDJPY,2023-01-27T04:29:00+01:00,129.846,129.875,129.829,129.855,125
SQ:USDJPY,2023-01-27T04:30:00+01:00,129.853,129.874,129.846,129.873,90
SQ:USDJPY,2023-01-27T04:31:00+01:00,129.869,129.873,129.860,129.863,24
SQ:USDJPY,2023-01-27T04:32:00+01:00,129.863,129.865,129.824,129.826,45
SQ:USDJPY,2023-01-27T04:33:00+01:00,129.829,129.878,129.829,129.878,72
SQ:USDJPY,2023-01-27T04:34:00+01:00,129.877,129.879,129.846,129.850,96
SQ:USDJPY,2023-01-27T04:35:00+01:00,129.849,129.891,129.849,129.883,120
SQ:USDJPY,2023-01-27T04:36:00+01:00,129.883,129.890,129.860,129.864,68
SQ:USDJPY,2023-01-27T04:37:00+01:00,129.864,129.884,129.862,129.882,41
SQ:USDJPY,2023-01-27T04:38:00+01:00,129.882,129.914,129.878,129.897,81
SQ:USDJPY,2023-01-27T04:39:00+01:00,129.898,129.898,129.863,129.881,91
SQ:USDJPY,2023-01-27T04:40:00+01:00,129.880,129.899,129.863,129.894,78
SQ:USDJPY,2023-01-27T04:41:00+01:00,129.898,129.898,129.879,129.891,77
SQ:USDJPY,2023-01-27T04:42:00+01:00,129.890,129.905,129.879,129.905,67
SQ:USDJPY,2023-01-27T04:43:00+01:00,129.904,129.915,129.887,129.891,63
SQ:USDJPY,2023-01-27T04:44:00+01:00,129.898,129.902,129.891,129.893,57
SQ:USDJPY,2023-01-27T04:45:00+01:00,129.893,129.893,129.875,129.893,42
SQ:USDJPY,2023-01-27T04:46:00+01:00,129.894,129.897,129.876,129.882,32
SQ:USDJPY,2023-01-27T04:47:00+01:00,129.882,129.889,129.868,129.874,53
SQ:USDJPY,2023-01-27T04:48:00+01:00,129.874,129.883,129.871,129.873,20
SQ:USDJPY,2023-01-27T04:49:00+01:00,129.872,129.905,129.870,129.902,46
SQ:USDJPY,2023-01-27T04:50:00+01:00,129.903,129.912,129.860,129.860,67
SQ:USDJPY,2023-01-27T04:51:00+01:00,129.861,129.865,129.837,129.847,101
SQ:USDJPY,2023-01-27T04:52:00+01:00,129.847,129.859,129.824,129.856,89
SQ:USDJPY,2023-01-27T04:53:00+01:00,129.857,129.857,129.807,129.808,45
SQ:USDJPY,2023-01-27T04:54:00+01:00,129.809,129.831,129.808,129.829,67
SQ:USDJPY,2023-01-27T04:55:00+01:00,129.828,129.831,129.798,129.814,58
SQ:USDJPY,2023-01-27T04:56:00+01:00,129.815,129.830,129.813,129.823,23
SQ:USDJPY,2023-01-27T04:57:00+01:00,129.825,129.834,129.825,129.833,23
SQ:USDJPY,2023-01-27T04:58:00+01:00,129.834,129.868,129.833,129.859,47
SQ:USDJPY,2023-01-27T04:59:00+01:00,129.859,129.867,129.848,129.848,67
SQ:USDJPY,2023-01-27T05:00:00+01:00,129.855,129.926,129.854,129.924,106
SQ:USDJPY,2023-01-27T05:01:00+01:00,129.925,130.000,129.913,129.985,199
SQ:USDJPY,2023-01-27T05:02:00+01:00,129.986,130.015,129.957,130.010,139
SQ:USDJPY,2023-01-27T05:03:00+01:00,130.011,130.024,129.989,130.009,150
SQ:USDJPY,2023-01-27T05:04:00+01:00,130.004,130.066,130.002,130.062,110
SQ:USDJPY,2023-01-27T05:05:00+01:00,130.063,130.063,130.006,130.008,130
SQ:USDJPY,2023-01-27T05:06:00+01:00,130.009,130.019,129.998,130.019,69
SQ:USDJPY,2023-01-27T05:07:00+01:00,130.024,130.044,130.023,130.024,48
SQ:USDJPY,2023-01-27T05:08:00+01:00,130.024,130.026,129.993,129.998,68
SQ:USDJPY,2023-01-27T05:09:00+01:00,129.999,130.000,129.964,129.966,91
SQ:USDJPY,2023-01-27T05:10:00+01:00,129.966,129.984,129.962,129.983,50
SQ:USDJPY,2023-01-27T05:11:00+01:00,129.983,130.005,129.974,129.998,59
SQ:USDJPY,2023-01-27T05:12:00+01:00,129.997,130.005,129.993,129.995,41
SQ:USDJPY,2023-01-27T05:13:00+01:00,129.997,129.999,129.982,129.983,44
SQ:USDJPY,2023-01-27T05:14:00+01:00,129.983,130.019,129.975,130.018,57
SQ:USDJPY,2023-01-27T05:15:00+01:00,130.023,130.035,130.012,130.023,112
SQ:USDJPY,2023-01-27T05:16:00+01:00,130.022,130.059,130.021,130.057,110
SQ:USDJPY,2023-01-27T05:17:00+01:00,130.056,130.083,130.046,130.067,71
SQ:USDJPY,2023-01-27T05:18:00+01:00,130.067,130.102,130.066,130.088,109
SQ:USDJPY,2023-01-27T05:19:00+01:00,130.089,130.138,130.088,130.136,110
SQ:USDJPY,2023-01-27T05:20:00+01:00,130.136,130.144,130.108,130.114,110
SQ:USDJPY,2023-01-27T05:21:00+01:00,130.114,130.130,130.106,130.119,112
SQ:USDJPY,2023-01-27T05:22:00+01:00,130.118,130.148,130.115,130.117,108
SQ:USDJPY,2023-01-27T05:23:00+01:00,130.116,130.133,130.098,130.099,91
SQ:USDJPY,2023-01-27T05:24:00+01:00,130.099,130.113,130.090,130.096,38
SQ:USDJPY,2023-01-27T05:25:00+01:00,130.097,130.099,130.082,130.082,38
SQ:USDJPY,2023-01-27T05:26:00+01:00,130.082,130.111,130.082,130.094,48
SQ:USDJPY,2023-01-27T05:27:00+01:00,130.095,130.141,130.095,130.123,60
SQ:USDJPY,2023-01-27T05:28:00+01:00,130.124,130.128,130.107,130.123,66
SQ:USDJPY,2023-01-27T05:29:00+01:00,130.124,130.124,130.084,130.094,103
SQ:USDJPY,2023-01-27T05:30:00+01:00,130.095,130.097,130.071,130.075,49
SQ:USDJPY,2023-01-27T05:31:00+01:00,130.076,130.077,130.032,130.042,56
SQ:USDJPY,2023-01-27T05:32:00+01:00,130.042,130.053,130.030,130.031,62
SQ:USDJPY,2023-01-27T05:33:00+01:00,130.031,130.034,130.028,130.031,22
SQ:USDJPY,2023-01-27T05:34:00+01:00,130.030,130.038,130.010,130.037,51
SQ:USDJPY,2023-01-27T05:35:00+01:00,130.037,130.043,130.028,130.037,52
SQ:USDJPY,2023-01-27T05:36:00+01:00,130.036,130.036,130.004,130.006,67
SQ:USDJPY,2023-01-27T05:37:00+01:00,130.006,130.028,129.997,130.001,56
SQ:USDJPY,2023-01-27T05:38:00+01:00,129.997,130.039,129.997,130.024,63
SQ:USDJPY,2023-01-27T05:39:00+01:00,130.023,130.027,130.013,130.017,44
SQ:USDJPY,2023-01-27T05:40:00+01:00,130.017,130.032,130.016,130.028,54
SQ:USDJPY,2023-01-27T05:41:00+01:00,130.028,130.030,130.005,130.008,25
SQ:USDJPY,2023-01-27T05:42:00+01:00,130.008,130.032,130.002,130.032,47
SQ:USDJPY,2023-01-27T05:43:00+01:00,130.031,130.060,130.014,130.051,52
SQ:USDJPY,2023-01-27T05:44:00+01:00,130.052,130.064,130.040,130.057,71
SQ:USDJPY,2023-01-27T05:45:00+01:00,130.057,130.071,130.051,130.063,66
SQ:USDJPY,2023-01-27T05:46:00+01:00,130.064,130.091,130.063,130.081,55
SQ:USDJPY,2023-01-27T05:47:00+01:00,130.081,130.081,130.073,130.075,18
SQ:USDJPY,2023-01-27T05:48:00+01:00,130.075,130.075,130.038,130.040,47
SQ:USDJPY,2023-01-27T05:49:00+01:00,130.040,130.040,130.023,130.023,56
SQ:USDJPY,2023-01-27T05:50:00+01:00,130.022,130.031,130.005,130.026,71
SQ:USDJPY,2023-01-27T05:51:00+01:00,130.023,130.023,130.010,130.019,78
SQ:USDJPY,2023-01-27T05:52:00+01:00,130.021,130.024,129.997,130.001,72
SQ:USDJPY,2023-01-27T05:53:00+01:00,130.002,130.023,129.997,130.023,58
SQ:USDJPY,2023-01-27T05:54:00+01:00,130.022,130.026,130.005,130.006,63
SQ:USDJPY,2023-01-27T05:55:00+01:00,130.007,130.028,130.005,130.028,30
SQ:USDJPY,2023-01-27T05:56:00+01:00,130.028,130.045,130.023,130.044,95
SQ:USDJPY,2023-01-27T05:57:00+01:00,130.045,130.065,130.045,130.056,79
SQ:USDJPY,2023-01-27T05:58:00+01:00,130.056,130.056,130.038,130.038,52
SQ:USDJPY,2023-01-27T05:59:00+01:00,130.039,130.039,130.006,130.014,98
SQ:USDJPY,2023-01-27T06:00:00+01:00,130.014,130.027,130.009,130.016,92
SQ:USDJPY,2023-01-27T06:01:00+01:00,130.014,130.016,130.013,130.015,78
SQ:USDJPY,2023-01-27T06:02:00+01:00,130.013,130.050,130.002,130.027,83
SQ:USDJPY,2023-01-27T06:03:00+01:00,130.026,130.031,130.009,130.023,66
SQ:USDJPY,2023-01-27T06:04:00+01:00,130.024,130.029,129.997,130.007,80
SQ:USDJPY,2023-01-27T06:05:00+01:00,130.006,130.018,129.999,130.000,85
SQ:USDJPY,2023-01-27T06:06:00+01:00,130.000,130.000,129.946,129.963,66
SQ:USDJPY,2023-01-27T06:07:00+01:00,129.963,129.964,129.915,129.917,62
SQ:USDJPY,2023-01-27T06:08:00+01:00,129.917,129.938,129.915,129.922,59
SQ:USDJPY,2023-01-27T06:09:00+01:00,129.923,129.933,129.919,129.926,26
SQ:USDJPY,2023-01-27T06:10:00+01:00,129.925,129.950,129.923,129.938,45
SQ:USDJPY,2023-01-27T06:11:00+01:00,129.939,129.955,129.938,129.949,22
SQ:USDJPY,2023-01-27T06:12:00+01:00,129.949,129.949,129.893,129.904,66
SQ:USDJPY,2023-01-27T06:13:00+01:00,129.905,129.916,129.891,129.916,53
SQ:USDJPY,2023-01-27T06:14:00+01:00,129.914,129.927,129.911,129.923,27
SQ:USDJPY,2023-01-27T06:15:00+01:00,129.925,129.938,129.923,129.935,19
SQ:USDJPY,2023-01-27T06:16:00+01:00,129.934,129.934,129.913,129.915,33
SQ:USDJPY,2023-01-27T06:17:00+01:00,129.914,129.954,129.914,129.952,68
SQ:USDJPY,2023-01-27T06:18:00+01:00,129.951,129.956,129.950,129.955,70
SQ:USDJPY,2023-01-27T06:19:00+01:00,129.956,129.972,129.953,129.959,74
SQ:USDJPY,2023-01-27T06:20:00+01:00,129.962,129.981,129.962,129.981,55
SQ:USDJPY,2023-01-27T06:21:00+01:00,129.982,129.982,129.967,129.981,34
SQ:USDJPY,2023-01-27T06:22:00+01:00,129.980,129.996,129.972,129.981,71
SQ:USDJPY,2023-01-27T06:23:00+01:00,129.980,130.005,129.974,129.990,80
SQ:USDJPY,2023-01-27T06:24:00+01:00,129.991,129.993,129.982,129.983,17
SQ:USDJPY,2023-01-27T06:25:00+01:00,129.983,129.987,129.977,129.985,29
SQ:USDJPY,2023-01-27T06:26:00+01:00,129.984,130.000,129.941,129.941,40
SQ:USDJPY,2023-01-27T06:27:00+01:00,129.943,129.967,129.941,129.966,60
SQ:USDJPY,2023-01-27T06:28:00+01:00,129.965,129.965,129.937,129.938,80
SQ:USDJPY,2023-01-27T06:29:00+01:00,129.939,129.941,129.934,129.941,67
SQ:USDJPY,2023-01-27T06:30:00+01:00,129.940,129.943,129.926,129.940,36
SQ:USDJPY,2023-01-27T06:31:00+01:00,129.941,129.944,129.928,129.940,77
SQ:USDJPY,2023-01-27T06:32:00+01:00,129.943,129.968,129.939,129.967,40
SQ:USDJPY,2023-01-27T06:33:00+01:00,129.968,129.981,129.936,129.948,109
SQ:USDJPY,2023-01-27T06:34:00+01:00,129.947,129.947,129.923,129.944,98
SQ:USDJPY,2023-01-27T06:35:00+01:00,129.943,129.953,129.939,129.952,76
SQ:USDJPY,2023-01-27T06:36:00+01:00,129.952,129.967,129.952,129.963,61
SQ:USDJPY,2023-01-27T06:37:00+01:00,129.962,129.968,129.962,129.967,55
SQ:USDJPY,2023-01-27T06:38:00+01:00,129.966,129.980,129.966,129.973,75
SQ:USDJPY,2023-01-27T06:39:00+01:00,129.974,129.974,129.953,129.973,92
SQ:USDJPY,2023-01-27T06:40:00+01:00,129.972,129.979,129.965,129.968,40
SQ:USDJPY,2023-01-27T06:41:00+01:00,129.965,129.969,129.962,129.965,22
SQ:USDJPY,2023-01-27T06:42:00+01:00,129.964,129.965,129.957,129.965,75
SQ:USDJPY,2023-01-27T06:43:00+01:00,129.966,129.966,129.964,129.964,15
SQ:USDJPY,2023-01-27T06:44:00+01:00,129.964,129.964,129.932,129.938,39
SQ:USDJPY,2023-01-27T06:45:00+01:00,129.939,129.941,129.915,129.936,66
SQ:USDJPY,2023-01-27T06:46:00+01:00,129.935,129.942,129.928,129.940,60
SQ:USDJPY,2023-01-27T06:47:00+01:00,129.941,129.958,129.937,129.958,34
SQ:USDJPY,2023-01-27T06:48:00+01:00,129.960,129.972,129.960,129.968,20
SQ:USDJPY,2023-01-27T06:49:00+01:00,129.968,129.981,129.955,129.955,46
SQ:USDJPY,2023-01-27T06:50:00+01:00,129.954,129.955,129.939,129.939,43
SQ:USDJPY,2023-01-27T06:51:00+01:00,129.938,129.981,129.938,129.978,90
SQ:USDJPY,2023-01-27T06:52:00+01:00,129.977,130.010,129.977,130.007,67
SQ:USDJPY,2023-01-27T06:53:00+01:00,130.007,130.008,129.998,130.000,20
SQ:USDJPY,2023-01-27T06:54:00+01:00,129.999,129.999,129.977,129.977,32
SQ:USDJPY,2023-01-27T06:55:00+01:00,129.979,130.004,129.976,129.989,47
SQ:USDJPY,2023-01-27T06:56:00+01:00,129.989,130.014,129.989,130.011,84
SQ:USDJPY,2023-01-27T06:57:00+01:00,130.013,130.013,129.996,129.998,26
SQ:USDJPY,2023-01-27T06:58:00+01:00,129.993,129.995,129.962,129.968,69
SQ:USDJPY,2023-01-27T06:59:00+01:00,129.970,129.989,129.970,129.973,47
SQ:USDJPY,2023-01-27T07:00:00+01:00,129.971,130.000,129.956,129.968,105
SQ:USDJPY,2023-01-27T07:01:00+01:00,129.966,129.971,129.940,129.947,56
SQ:USDJPY,2023-01-27T07:02:00+01:00,129.949,129.949,129.918,129.933,51
SQ:USDJPY,2023-01-27T07:03:00+01:00,129.933,129.955,129.931,129.949,57
SQ:USDJPY,2023-01-27T07:04:00+01:00,129.949,129.965,129.938,129.952,77
SQ:USDJPY,2023-01-27T07:05:00+01:00,129.953,129.953,129.927,129.936,72
SQ:USDJPY,2023-01-27T07:06:00+01:00,129.935,129.949,129.930,129.947,22
SQ:USDJPY,2023-01-27T07:07:00+01:00,129.947,129.947,129.944,129.947,9
SQ:USDJPY,2023-01-27T07:08:00+01:00,129.945,129.945,129.930,129.933,23
SQ:USDJPY,2023-01-27T07:09:00+01:00,129.932,129.942,129.928,129.928,47
SQ:USDJPY,2023-01-27T07:10:00+01:00,129.927,129.927,129.871,129.891,64
SQ:USDJPY,2023-01-27T07:11:00+01:00,129.891,129.898,129.878,129.881,66
SQ:USDJPY,2023-01-27T07:12:00+01:00,129.881,129.887,129.849,129.874,63
SQ:USDJPY,2023-01-27T07:13:00+01:00,129.874,129.902,129.865,129.866,71
SQ:USDJPY,2023-01-27T07:14:00+01:00,129.868,129.868,129.813,129.846,73
SQ:USDJPY,2023-01-27T07:15:00+01:00,129.846,129.850,129.839,129.847,29
SQ:USDJPY,2023-01-27T07:16:00+01:00,129.846,129.881,129.846,129.881,34
SQ:USDJPY,2023-01-27T07:17:00+01:00,129.881,129.888,129.842,129.861,46
SQ:USDJPY,2023-01-27T07:18:00+01:00,129.860,129.875,129.847,129.875,42
SQ:USDJPY,2023-01-27T07:19:00+01:00,129.875,129.899,129.873,129.899,40
SQ:USDJPY,2023-01-27T07:20:00+01:00,129.899,129.906,129.878,129.885,48
SQ:USDJPY,2023-01-27T07:21:00+01:00,129.886,129.907,129.886,129.906,40
SQ:USDJPY,2023-01-27T07:22:00+01:00,129.905,129.909,129.887,129.888,48
SQ:USDJPY,2023-01-27T07:23:00+01:00,129.886,129.892,129.879,129.882,51
SQ:USDJPY,2023-01-27T07:24:00+01:00,129.882,129.899,129.881,129.894,42
SQ:USDJPY,2023-01-27T07:25:00+01:00,129.894,129.894,129.879,129.880,17
SQ:USDJPY,2023-01-27T07:26:00+01:00,129.880,129.896,129.874,129.893,37
SQ:USDJPY,2023-01-27T07:27:00+01:00,129.895,129.934,129.895,129.934,50
SQ:USDJPY,2023-01-27T07:28:00+01:00,129.935,129.940,129.921,129.931,63
SQ:USDJPY,2023-01-27T07:29:00+01:00,129.933,129.944,129.929,129.929,72
SQ:USDJPY,2023-01-27T07:30:00+01:00,129.927,129.957,129.927,129.943,112
SQ:USDJPY,2023-01-27T07:31:00+01:00,129.948,129.964,129.947,129.959,52
SQ:USDJPY,2023-01-27T07:32:00+01:00,129.959,130.012,129.955,130.008,53
SQ:USDJPY,2023-01-27T07:33:00+01:00,130.009,130.023,129.981,130.017,73
SQ:USDJPY,2023-01-27T07:34:00+01:00,130.018,130.050,130.015,130.049,92
SQ:USDJPY,2023-01-27T07:35:00+01:00,130.049,130.089,130.042,130.071,83
SQ:USDJPY,2023-01-27T07:36:00+01:00,130.070,130.070,130.055,130.061,49
SQ:USDJPY,2023-01-27T07:37:00+01:00,130.062,130.083,130.054,130.082,42
SQ:USDJPY,2023-01-27T07:38:00+01:00,130.082,130.096,130.075,130.096,46
SQ:USDJPY,2023-01-27T07:39:00+01:00,130.095,130.095,130.056,130.065,34
SQ:USDJPY,2023-01-27T07:40:00+01:00,130.064,130.067,130.059,130.065,35
SQ:USDJPY,2023-01-27T07:41:00+01:00,130.063,130.163,130.063,130.159,134
SQ:USDJPY,2023-01-27T07:42:00+01:00,130.158,130.193,130.135,130.180,139
SQ:USDJPY,2023-01-27T07:43:00+01:00,130.181,130.218,130.163,130.181,85
SQ:USDJPY,2023-01-27T07:44:00+01:00,130.181,130.181,130.132,130.155,122
SQ:USDJPY,2023-01-27T07:45:00+01:00,130.156,130.182,130.132,130.139,86
SQ:USDJPY,2023-01-27T07:46:00+01:00,130.139,130.164,130.128,130.162,85
SQ:USDJPY,2023-01-27T07:47:00+01:00,130.162,130.173,130.141,130.142,73
SQ:USDJPY,2023-01-27T07:48:00+01:00,130.142,130.176,130.138,130.176,96
SQ:USDJPY,2023-01-27T07:49:00+01:00,130.178,130.254,130.178,130.248,184
SQ:USDJPY,2023-01-27T07:50:00+01:00,130.247,130.252,130.224,130.247,108
SQ:USDJPY,2023-01-27T07:51:00+01:00,130.247,130.252,130.218,130.233,88
SQ:USDJPY,2023-01-27T07:52:00+01:00,130.233,130.239,130.184,130.212,128
SQ:USDJPY,2023-01-27T07:53:00+01:00,130.208,130.218,130.183,130.183,53
SQ:USDJPY,2023-01-27T07:54:00+01:00,130.185,130.195,130.164,130.167,68
SQ:USDJPY,2023-01-27T07:55:00+01:00,130.167,130.195,130.156,130.182,79
SQ:USDJPY,2023-01-27T07:56:00+01:00,130.181,130.194,130.144,130.145,82
SQ:USDJPY,2023-01-27T07:57:00+01:00,130.146,130.153,130.130,130.133,81
SQ:USDJPY,2023-01-27T07:58:00+01:00,130.132,130.160,130.122,130.157,102
SQ:USDJPY,2023-01-27T07:59:00+01:00,130.157,130.176,130.156,130.173,48
SQ:USDJPY,2023-01-27T08:00:00+01:00,130.178,130.192,130.161,130.170,127
SQ:USDJPY,2023-01-27T08:01:00+01:00,130.170,130.259,130.170,130.237,151
SQ:USDJPY,2023-01-27T08:02:00+01:00,130.234,130.234,130.178,130.207,134
SQ:USDJPY,2023-01-27T08:03:00+01:00,130.208,130.208,130.159,130.167,100
SQ:USDJPY,2023-01-27T08:04:00+01:00,130.167,130.170,130.126,130.146,108
SQ:USDJPY,2023-01-27T08:05:00+01:00,130.146,130.166,130.112,130.130,154
SQ:USDJPY,2023-01-27T08:06:00+01:00,130.129,130.149,130.112,130.148,98
SQ:USDJPY,2023-01-27T08:07:00+01:00,130.148,130.167,130.117,130.117,107
SQ:USDJPY,2023-01-27T08:08:00+01:00,130.116,130.126,130.091,130.107,155
SQ:USDJPY,2023-01-27T08:09:00+01:00,130.107,130.112,130.090,130.096,80
SQ:USDJPY,2023-01-27T08:10:00+01:00,130.096,130.116,130.085,130.086,125
SQ:USDJPY,2023-01-27T08:11:00+01:00,130.085,130.119,130.067,130.113,167
SQ:USDJPY,2023-01-27T08:12:00+01:00,130.112,130.129,130.108,130.112,89
SQ:USDJPY,2023-01-27T08:13:00+01:00,130.112,130.114,130.096,130.097,104
SQ:USDJPY,2023-01-27T08:14:00+01:00,130.097,130.107,130.085,130.100,68
SQ:USDJPY,2023-01-27T08:15:00+01:00,130.101,130.117,130.087,130.117,94
SQ:USDJPY,2023-01-27T08:16:00+01:00,130.117,130.117,130.072,130.090,86
SQ:USDJPY,2023-01-27T08:17:00+01:00,130.091,130.126,130.091,130.125,26
SQ:USDJPY,2023-01-27T08:18:00+01:00,130.125,130.125,130.112,130.122,20
SQ:USDJPY,2023-01-27T08:19:00+01:00,130.121,130.123,130.062,130.065,106
SQ:USDJPY,2023-01-27T08:20:00+01:00,130.064,130.072,130.044,130.048,53
SQ:USDJPY,2023-01-27T08:21:00+01:00,130.048,130.050,130.012,130.040,93
SQ:USDJPY,2023-01-27T08:22:00+01:00,130.039,130.039,130.005,130.007,36
SQ:USDJPY,2023-01-27T08:23:00+01:00,130.007,130.052,130.007,130.052,47
SQ:USDJPY,2023-01-27T08:24:00+01:00,130.050,130.050,130.017,130.036,60
SQ:USDJPY,2023-01-27T08:25:00+01:00,130.039,130.053,130.027,130.053,44
SQ:USDJPY,2023-01-27T08:26:00+01:00,130.053,130.057,130.045,130.048,34
SQ:USDJPY,2023-01-27T08:27:00+01:00,130.048,130.050,130.031,130.044,52
SQ:USDJPY,2023-01-27T08:28:00+01:00,130.046,130.080,130.040,130.040,46
SQ:USDJPY,2023-01-27T08:29:00+01:00,130.042,130.045,130.022,130.042,61
SQ:USDJPY,2023-01-27T08:30:00+01:00,130.042,130.085,130.037,130.074,97
SQ:USDJPY,2023-01-27T08:31:00+01:00,130.072,130.072,130.063,130.066,31
SQ:USDJPY,2023-01-27T08:32:00+01:00,130.066,130.075,130.066,130.072,26
SQ:USDJPY,2023-01-27T08:33:00+01:00,130.071,130.071,130.056,130.064,37
SQ:USDJPY,2023-01-27T08:34:00+01:00,130.065,130.065,130.037,130.037,51
SQ:USDJPY,2023-01-27T08:35:00+01:00,130.039,130.057,130.038,130.043,53
SQ:USDJPY,2023-01-27T08:36:00+01:00,130.043,130.080,130.041,130.079,96
SQ:USDJPY,2023-01-27T08:37:00+01:00,130.079,130.079,130.054,130.059,54
SQ:USDJPY,2023-01-27T08:38:00+01:00,130.059,130.064,130.044,130.055,71
SQ:USDJPY,2023-01-27T08:39:00+01:00,130.056,130.066,130.037,130.045,76
SQ:USDJPY,2023-01-27T08:40:00+01:00,130.043,130.058,130.024,130.058,77
SQ:USDJPY,2023-01-27T08:41:00+01:00,130.059,130.081,130.059,130.081,67
SQ:USDJPY,2023-01-27T08:42:00+01:00,130.083,130.084,130.070,130.073,32
SQ:USDJPY,2023-01-27T08:43:00+01:00,130.080,130.082,130.069,130.069,23
SQ:USDJPY,2023-01-27T08:44:00+01:00,130.069,130.069,130.038,130.058,82
SQ:USDJPY,2023-01-27T08:45:00+01:00,130.056,130.059,130.045,130.052,30
SQ:USDJPY,2023-01-27T08:46:00+01:00,130.049,130.066,130.049,130.064,46
SQ:USDJPY,2023-01-27T08:47:00+01:00,130.065,130.075,130.053,130.075,31
SQ:USDJPY,2023-01-27T08:48:00+01:00,130.074,130.085,130.060,130.060,70
SQ:USDJPY,2023-01-27T08:49:00+01:00,130.060,130.065,130.049,130.056,53
SQ:USDJPY,2023-01-27T08:50:00+01:00,130.057,130.065,130.056,130.056,26
SQ:USDJPY,2023-01-27T08:51:00+01:00,130.058,130.066,130.055,130.065,50
SQ:USDJPY,2023-01-27T08:52:00+01:00,130.066,130.077,130.029,130.039,57
SQ:USDJPY,2023-01-27T08:53:00+01:00,130.041,130.041,129.937,129.949,93
SQ:USDJPY,2023-01-27T08:54:00+01:00,129.953,129.965,129.914,129.933,148
SQ:USDJPY,2023-01-27T08:55:00+01:00,129.934,129.934,129.874,129.898,125
SQ:USDJPY,2023-01-27T08:56:00+01:00,129.897,129.916,129.878,129.884,92
SQ:USDJPY,2023-01-27T08:57:00+01:00,129.885,129.926,129.885,129.913,74
SQ:USDJPY,2023-01-27T08:58:00+01:00,129.911,129.936,129.904,129.931,76
SQ:USDJPY,2023-01-27T08:59:00+01:00,129.930,129.958,129.929,129.956,103
SQ:USDJPY,2023-01-27T09:00:00+01:00,129.947,129.947,129.913,129.914,148
SQ:USDJPY,2023-01-27T09:01:00+01:00,129.914,129.959,129.912,129.922,120
SQ:USDJPY,2023-01-27T09:02:00+01:00,129.923,129.926,129.883,129.910,153
SQ:USDJPY,2023-01-27T09:03:00+01:00,129.911,129.911,129.771,129.794,208
SQ:USDJPY,2023-01-27T09:04:00+01:00,129.794,129.809,129.758,129.778,145
SQ:USDJPY,2023-01-27T09:05:00+01:00,129.781,129.791,129.744,129.749,122
SQ:USDJPY,2023-01-27T09:06:00+01:00,129.750,129.780,129.730,129.749,182
SQ:USDJPY,2023-01-27T09:07:00+01:00,129.749,129.759,129.719,129.725,164
SQ:USDJPY,2023-01-27T09:08:00+01:00,129.724,129.766,129.707,129.749,165
SQ:USDJPY,2023-01-27T09:09:00+01:00,129.749,129.780,129.747,129.761,135
SQ:USDJPY,2023-01-27T09:10:00+01:00,129.760,129.808,129.752,129.799,157
SQ:USDJPY,2023-01-27T09:11:00+01:00,129.798,129.806,129.778,129.779,97
SQ:USDJPY,2023-01-27T09:12:00+01:00,129.780,129.822,129.761,129.817,123
SQ:USDJPY,2023-01-27T09:13:00+01:00,129.817,129.836,129.791,129.827,105
SQ:USDJPY,2023-01-27T09:14:00+01:00,129.828,129.870,129.828,129.858,125
SQ:USDJPY,2023-01-27T09:15:00+01:00,129.859,129.865,129.837,129.841,127
SQ:USDJPY,2023-01-27T09:16:00+01:00,129.842,129.929,129.841,129.918,189
SQ:USDJPY,2023-01-27T09:17:00+01:00,129.919,129.942,129.907,129.926,152
SQ:USDJPY,2023-01-27T09:18:00+01:00,129.926,129.926,129.889,129.924,106
SQ:USDJPY,2023-01-27T09:19:00+01:00,129.925,129.939,129.891,129.901,96
SQ:USDJPY,2023-01-27T09:20:00+01:00,129.901,129.915,129.891,129.898,104
SQ:USDJPY,2023-01-27T09:21:00+01:00,129.898,129.928,129.881,129.915,112
SQ:USDJPY,2023-01-27T09:22:00+01:00,129.913,129.913,129.877,129.891,119
SQ:USDJPY,2023-01-27T09:23:00+01:00,129.892,129.909,129.888,129.900,85
SQ:USDJPY,2023-01-27T09:24:00+01:00,129.900,129.905,129.878,129.893,82
SQ:USDJPY,2023-01-27T09:25:00+01:00,129.893,129.902,129.867,129.880,111
SQ:USDJPY,2023-01-27T09:26:00+01:00,129.879,129.902,129.875,129.890,134
SQ:USDJPY,2023-01-27T09:27:00+01:00,129.891,129.948,129.871,129.943,129
SQ:USDJPY,2023-01-27T09:28:00+01:00,129.940,129.995,129.928,129.974,168
SQ:USDJPY,2023-01-27T09:29:00+01:00,129.975,129.983,129.959,129.966,92
SQ:USDJPY,2023-01-27T09:30:00+01:00,129.967,129.992,129.937,129.937,129
SQ:USDJPY,2023-01-27T09:31:00+01:00,129.938,129.960,129.919,129.957,110
SQ:USDJPY,2023-01-27T09:32:00+01:00,129.957,129.984,129.956,129.978,125
SQ:USDJPY,2023-01-27T09:33:00+01:00,129.978,129.982,129.948,129.954,109
SQ:USDJPY,2023-01-27T09:34:00+01:00,129.954,129.967,129.937,129.964,109
SQ:USDJPY,2023-01-27T09:35:00+01:00,129.964,129.968,129.922,129.939,111
SQ:USDJPY,2023-01-27T09:36:00+01:00,129.942,129.949,129.907,129.908,107
SQ:USDJPY,2023-01-27T09:37:00+01:00,129.907,129.925,129.903,129.922,122
SQ:USDJPY,2023-01-27T09:38:00+01:00,129.923,129.931,129.894,129.919,115
SQ:USDJPY,2023-01-27T09:39:00+01:00,129.921,129.926,129.908,129.919,66
SQ:USDJPY,2023-01-27T09:40:00+01:00,129.918,129.926,129.896,129.898,83
SQ:USDJPY,2023-01-27T09:41:00+01:00,129.898,129.910,129.870,129.881,126
SQ:USDJPY,2023-01-27T09:42:00+01:00,129.882,129.907,129.877,129.902,78
SQ:USDJPY,2023-01-27T09:43:00+01:00,129.900,129.909,129.850,129.857,95
SQ:USDJPY,2023-01-27T09:44:00+01:00,129.856,129.880,129.856,129.859,51
SQ:USDJPY,2023-01-27T09:45:00+01:00,129.860,129.875,129.842,129.875,83
SQ:USDJPY,2023-01-27T09:46:00+01:00,129.875,129.875,129.842,129.853,69
SQ:USDJPY,2023-01-27T09:47:00+01:00,129.850,129.854,129.830,129.837,79
SQ:USDJPY,2023-01-27T09:48:00+01:00,129.840,129.884,129.830,129.884,97
SQ:USDJPY,2023-01-27T09:49:00+01:00,129.883,129.905,129.866,129.881,85
SQ:USDJPY,2023-01-27T09:50:00+01:00,129.882,129.887,129.858,129.858,71
SQ:USDJPY,2023-01-27T09:51:00+01:00,129.858,129.890,129.858,129.885,80
SQ:USDJPY,2023-01-27T09:52:00+01:00,129.885,129.919,129.883,129.919,52
SQ:USDJPY,2023-01-27T09:53:00+01:00,129.916,129.954,129.916,129.944,79
SQ:USDJPY,2023-01-27T09:54:00+01:00,129.944,129.950,129.913,129.923,80
SQ:USDJPY,2023-01-27T09:55:00+01:00,129.923,129.927,129.898,129.915,85
SQ:USDJPY,2023-01-27T09:56:00+01:00,129.915,129.942,129.902,129.933,69
SQ:USDJPY,2023-01-27T09:57:00+01:00,129.932,129.935,129.899,129.900,77
SQ:USDJPY,2023-01-27T09:58:00+01:00,129.898,129.923,129.895,129.897,88
SQ:USDJPY,2023-01-27T09:59:00+01:00,129.904,129.907,129.896,129.898,65
SQ:USDJPY,2023-01-27T10:00:00+01:00,129.898,129.921,129.837,129.842,105
SQ:USDJPY,2023-01-27T10:01:00+01:00,129.843,129.861,129.823,129.832,122
SQ:USDJPY,2023-01-27T10:02:00+01:00,129.832,129.848,129.824,129.831,83
SQ:USDJPY,2023-01-27T10:03:00+01:00,129.831,129.835,129.802,129.829,115
SQ:USDJPY,2023-01-27T10:04:00+01:00,129.829,129.848,129.826,129.839,82
SQ:USDJPY,2023-01-27T10:05:00+01:00,129.839,129.841,129.832,129.834,54
SQ:USDJPY,2023-01-27T10:06:00+01:00,129.834,129.857,129.810,129.812,60
SQ:USDJPY,2023-01-27T10:07:00+01:00,129.811,129.851,129.792,129.848,96
SQ:USDJPY,2023-01-27T10:08:00+01:00,129.849,129.853,129.832,129.847,80
SQ:USDJPY,2023-01-27T10:09:00+01:00,129.848,129.850,129.838,129.845,56
SQ:USDJPY,2023-01-27T10:10:00+01:00,129.846,129.849,129.830,129.840,70
SQ:USDJPY,2023-01-27T10:11:00+01:00,129.840,129.848,129.812,129.835,82
SQ:USDJPY,2023-01-27T10:12:00+01:00,129.834,129.842,129.826,129.831,66
SQ:USDJPY,2023-01-27T10:13:00+01:00,129.830,129.836,129.823,129.831,51
SQ:USDJPY,2023-01-27T10:14:00+01:00,129.832,129.832,129.798,129.798,61
SQ:USDJPY,2023-01-27T10:15:00+01:00,129.798,129.799,129.754,129.792,116
SQ:USDJPY,2023-01-27T10:16:00+01:00,129.791,129.802,129.777,129.789,70
SQ:USDJPY,2023-01-27T10:17:00+01:00,129.790,129.799,129.779,129.781,66
SQ:USDJPY,2023-01-27T10:18:00+01:00,129.780,129.785,129.762,129.782,66
SQ:USDJPY,2023-01-27T10:19:00+01:00,129.782,129.792,129.777,129.791,79
SQ:USDJPY,2023-01-27T10:20:00+01:00,129.789,129.793,129.772,129.791,64
SQ:USDJPY,2023-01-27T10:21:00+01:00,129.792,129.792,129.744,129.748,75
SQ:USDJPY,2023-01-27T10:22:00+01:00,129.747,129.785,129.736,129.781,121
SQ:USDJPY,2023-01-27T10:23:00+01:00,129.781,129.814,129.780,129.785,89
SQ:USDJPY,2023-01-27T10:24:00+01:00,129.785,129.792,129.763,129.769,101
SQ:USDJPY,2023-01-27T10:25:00+01:00,129.766,129.814,129.764,129.807,86
SQ:USDJPY,2023-01-27T10:26:00+01:00,129.805,129.826,129.798,129.815,81
SQ:USDJPY,2023-01-27T10:27:00+01:00,129.815,129.825,129.795,129.814,76
SQ:USDJPY,2023-01-27T10:28:00+01:00,129.814,129.819,129.805,129.806,69
SQ:USDJPY,2023-01-27T10:29:00+01:00,129.806,129.830,129.805,129.825,84
SQ:USDJPY,2023-01-27T10:30:00+01:00,129.824,129.826,129.803,129.813,68
SQ:USDJPY,2023-01-27T10:31:00+01:00,129.814,129.820,129.797,129.806,58
SQ:USDJPY,2023-01-27T10:32:00+01:00,129.806,129.808,129.788,129.789,46
SQ:USDJPY,2023-01-27T10:33:00+01:00,129.787,129.787,129.763,129.782,51
SQ:USDJPY,2023-01-27T10:34:00+01:00,129.783,129.790,129.746,129.761,63
SQ:USDJPY,2023-01-27T10:35:00+01:00,129.761,129.800,129.756,129.797,97
SQ:USDJPY,2023-01-27T10:36:00+01:00,129.795,129.796,129.774,129.788,62
SQ:USDJPY,2023-01-27T10:37:00+01:00,129.788,129.810,129.786,129.808,39
SQ:USDJPY,2023-01-27T10:38:00+01:00,129.809,129.831,129.806,129.831,62
SQ:USDJPY,2023-01-27T10:39:00+01:00,129.832,129.856,129.815,129.850,94
SQ:USDJPY,2023-01-27T10:40:00+01:00,129.850,129.857,129.846,129.848,46
SQ:USDJPY,2023-01-27T10:41:00+01:00,129.849,129.857,129.829,129.840,65
SQ:USDJPY,2023-01-27T10:42:00+01:00,129.840,129.857,129.836,129.855,57
SQ:USDJPY,2023-01-27T10:43:00+01:00,129.855,129.883,129.855,129.871,85
SQ:USDJPY,2023-01-27T10:44:00+01:00,129.871,129.906,129.866,129.898,61
SQ:USDJPY,2023-01-27T10:45:00+01:00,129.899,129.918,129.892,129.916,64
SQ:USDJPY,2023-01-27T10:46:00+01:00,129.916,129.935,129.915,129.925,77
SQ:USDJPY,2023-01-27T10:47:00+01:00,129.925,129.947,129.925,129.935,104
SQ:USDJPY,2023-01-27T10:48:00+01:00,129.934,129.951,129.925,129.927,85
SQ:USDJPY,2023-01-27T10:49:00+01:00,129.928,129.928,129.911,129.917,70
SQ:USDJPY,2023-01-27T10:50:00+01:00,129.919,129.940,129.919,129.932,74
SQ:USDJPY,2023-01-27T10:51:00+01:00,129.933,129.934,129.898,129.898,64
SQ:USDJPY,2023-01-27T10:52:00+01:00,129.898,129.898,129.870,129.875,46
SQ:USDJPY,2023-01-27T10:53:00+01:00,129.874,129.885,129.865,129.876,59
SQ:USDJPY,2023-01-27T10:54:00+01:00,129.881,129.901,129.881,129.892,61
SQ:USDJPY,2023-01-27T10:55:00+01:00,129.890,129.896,129.882,129.891,47
SQ:USDJPY,2023-01-27T10:56:00+01:00,129.890,129.920,129.890,129.900,72
SQ:USDJPY,2023-01-27T10:57:00+01:00,129.899,129.904,129.897,129.897,34
SQ:USDJPY,2023-01-27T10:58:00+01:00,129.897,129.899,129.857,129.859,58
SQ:USDJPY,2023-01-27T10:59:00+01:00,129.859,129.859,129.839,129.844,60
SQ:USDJPY,2023-01-27T11:00:00+01:00,129.843,129.855,129.839,129.848,69
SQ:USDJPY,2023-01-27T11:01:00+01:00,129.848,129.861,129.846,129.848,50
SQ:USDJPY,2023-01-27T11:02:00+01:00,129.850,129.859,129.838,129.857,70
SQ:USDJPY,2023-01-27T11:03:00+01:00,129.858,129.858,129.846,129.848,42
SQ:USDJPY,2023-01-27T11:04:00+01:00,129.848,129.848,129.815,129.815,30
SQ:USDJPY,2023-01-27T11:05:00+01:00,129.814,129.826,129.795,129.798,78
SQ:USDJPY,2023-01-27T11:06:00+01:00,129.798,129.801,129.781,129.783,63
SQ:USDJPY,2023-01-27T11:07:00+01:00,129.784,129.797,129.781,129.797,45
SQ:USDJPY,2023-01-27T11:08:00+01:00,129.796,129.819,129.796,129.806,70
SQ:USDJPY,2023-01-27T11:09:00+01:00,129.806,129.817,129.785,129.813,68
SQ:USDJPY,2023-01-27T11:10:00+01:00,129.813,129.818,129.786,129.788,43
SQ:USDJPY,2023-01-27T11:11:00+01:00,129.788,129.791,129.770,129.775,78
SQ:USDJPY,2023-01-27T11:12:00+01:00,129.775,129.782,129.763,129.776,88
SQ:USDJPY,2023-01-27T11:13:00+01:00,129.780,129.802,129.780,129.783,89
SQ:USDJPY,2023-01-27T11:14:00+01:00,129.781,129.827,129.781,129.807,87
SQ:USDJPY,2023-01-27T11:15:00+01:00,129.806,129.811,129.774,129.776,67
SQ:USDJPY,2023-01-27T11:16:00+01:00,129.776,129.784,129.764,129.782,67
SQ:USDJPY,2023-01-27T11:17:00+01:00,129.782,129.785,129.772,129.779,57
SQ:USDJPY,2023-01-27T11:18:00+01:00,129.780,129.781,129.762,129.765,34
SQ:USDJPY,2023-01-27T11:19:00+01:00,129.765,129.771,129.761,129.763,37
SQ:USDJPY,2023-01-27T11:20:00+01:00,129.764,129.765,129.746,129.752,51
SQ:USDJPY,2023-01-27T11:21:00+01:00,129.752,129.771,129.712,129.715,74
SQ:USDJPY,2023-01-27T11:22:00+01:00,129.715,129.715,129.664,129.687,103
SQ:USDJPY,2023-01-27T11:23:00+01:00,129.687,129.695,129.668,129.690,101
SQ:USDJPY,2023-01-27T11:24:00+01:00,129.690,129.693,129.673,129.678,56
SQ:USDJPY,2023-01-27T11:25:00+01:00,129.679,129.697,129.673,129.673,76
SQ:USDJPY,2023-01-27T11:26:00+01:00,129.671,129.678,129.653,129.671,91
SQ:USDJPY,2023-01-27T11:27:00+01:00,129.672,129.687,129.661,129.661,70
SQ:USDJPY,2023-01-27T11:28:00+01:00,129.661,129.725,129.661,129.714,100
SQ:USDJPY,2023-01-27T11:29:00+01:00,129.715,129.723,129.702,129.719,111
SQ:USDJPY,2023-01-27T11:30:00+01:00,129.720,129.756,129.713,129.754,121
SQ:USDJPY,2023-01-27T11:31:00+01:00,129.756,129.764,129.743,129.748,85
SQ:USDJPY,2023-01-27T11:32:00+01:00,129.749,129.758,129.731,129.741,74
SQ:USDJPY,2023-01-27T11:33:00+01:00,129.742,129.771,129.741,129.766,72
SQ:USDJPY,2023-01-27T11:34:00+01:00,129.767,129.776,129.759,129.761,60
SQ:USDJPY,2023-01-27T11:35:00+01:00,129.761,129.774,129.756,129.759,90
SQ:USDJPY,2023-01-27T11:36:00+01:00,129.759,129.759,129.731,129.747,101
SQ:USDJPY,2023-01-27T11:37:00+01:00,129.746,129.757,129.744,129.754,64
SQ:USDJPY,2023-01-27T11:38:00+01:00,129.753,129.757,129.731,129.742,40
SQ:USDJPY,2023-01-27T11:39:00+01:00,129.741,129.743,129.716,129.724,54
SQ:USDJPY,2023-01-27T11:40:00+01:00,129.722,129.723,129.696,129.713,83
SQ:USDJPY,2023-01-27T11:41:00+01:00,129.715,129.733,129.714,129.729,73
SQ:USDJPY,2023-01-27T11:42:00+01:00,129.729,129.746,129.722,129.742,53
SQ:USDJPY,2023-01-27T11:43:00+01:00,129.741,129.765,129.741,129.748,63
SQ:USDJPY,2023-01-27T11:44:00+01:00,129.747,129.749,129.737,129.739,50
SQ:USDJPY,2023-01-27T11:45:00+01:00,129.739,129.749,129.734,129.744,71
SQ:USDJPY,2023-01-27T11:46:00+01:00,129.745,129.754,129.729,129.747,46
SQ:USDJPY,2023-01-27T11:47:00+01:00,129.746,129.767,129.738,129.763,53
SQ:USDJPY,2023-01-27T11:48:00+01:00,129.762,129.779,129.760,129.778,45
SQ:USDJPY,2023-01-27T11:49:00+01:00,129.778,129.784,129.775,129.780,39
SQ:USDJPY,2023-01-27T11:50:00+01:00,129.780,129.784,129.755,129.766,66
SQ:USDJPY,2023-01-27T11:51:00+01:00,129.767,129.769,129.758,129.760,42
SQ:USDJPY,2023-01-27T11:52:00+01:00,129.758,129.760,129.754,129.754,20
SQ:USDJPY,2023-01-27T11:53:00+01:00,129.754,129.765,129.752,129.759,34
SQ:USDJPY,2023-01-27T11:54:00+01:00,129.757,129.775,129.754,129.774,53
SQ:USDJPY,2023-01-27T11:55:00+01:00,129.774,129.795,129.772,129.795,89
SQ:USDJPY,2023-01-27T11:56:00+01:00,129.794,129.803,129.783,129.801,59
SQ:USDJPY,2023-01-27T11:57:00+01:00,129.801,129.828,129.800,129.813,77
SQ:USDJPY,2023-01-27T11:58:00+01:00,129.813,129.825,129.807,129.822,49
SQ:USDJPY,2023-01-27T11:59:00+01:00,129.824,129.830,129.813,129.816,41
SQ:USDJPY,2023-01-27T12:00:00+01:00,129.815,129.817,129.810,129.813,31
SQ:USDJPY,2023-01-27T12:01:00+01:00,129.813,129.817,129.797,129.799,33
SQ:USDJPY,2023-01-27T12:02:00+01:00,129.800,129.809,129.795,129.809,61
SQ:USDJPY,2023-01-27T12:03:00+01:00,129.808,129.813,129.778,129.781,49
SQ:USDJPY,2023-01-27T12:04:00+01:00,129.782,129.783,129.744,129.755,67
SQ:USDJPY,2023-01-27T12:05:00+01:00,129.756,129.756,129.734,129.741,44
SQ:USDJPY,2023-01-27T12:06:00+01:00,129.741,129.756,129.741,129.753,29
SQ:USDJPY,2023-01-27T12:07:00+01:00,129.754,129.774,129.754,129.766,111
SQ:USDJPY,2023-01-27T12:08:00+01:00,129.766,129.766,129.750,129.754,64
SQ:USDJPY,2023-01-27T12:09:00+01:00,129.754,129.758,129.739,129.752,57
SQ:USDJPY,2023-01-27T12:10:00+01:00,129.752,129.757,129.749,129.755,50
SQ:USDJPY,2023-01-27T12:11:00+01:00,129.757,129.774,129.757,129.764,51
SQ:USDJPY,2023-01-27T12:12:00+01:00,129.763,129.765,129.744,129.750,71
SQ:USDJPY,2023-01-27T12:13:00+01:00,129.751,129.757,129.737,129.737,52
SQ:USDJPY,2023-01-27T12:14:00+01:00,129.739,129.753,129.736,129.752,43
SQ:USDJPY,2023-01-27T12:15:00+01:00,129.751,129.754,129.734,129.750,64
SQ:USDJPY,2023-01-27T12:16:00+01:00,129.748,129.762,129.748,129.758,42
SQ:USDJPY,2023-01-27T12:17:00+01:00,129.756,129.756,129.738,129.748,46
SQ:USDJPY,2023-01-27T12:18:00+01:00,129.748,129.783,129.747,129.783,35
SQ:USDJPY,2023-01-27T12:19:00+01:00,129.785,129.812,129.785,129.808,60
SQ:USDJPY,2023-01-27T12:20:00+01:00,129.807,129.847,129.806,129.842,76
SQ:USDJPY,2023-01-27T12:21:00+01:00,129.842,129.851,129.832,129.835,87
SQ:USDJPY,2023-01-27T12:22:00+01:00,129.837,129.865,129.836,129.845,51
SQ:USDJPY,2023-01-27T12:23:00+01:00,129.843,129.853,129.833,129.845,41
SQ:USDJPY,2023-01-27T12:24:00+01:00,129.844,129.844,129.826,129.830,45
SQ:USDJPY,2023-01-27T12:25:00+01:00,129.830,129.833,129.822,129.825,48
SQ:USDJPY,2023-01-27T12:26:00+01:00,129.824,129.830,129.813,129.816,48
SQ:USDJPY,2023-01-27T12:27:00+01:00,129.817,129.845,129.817,129.841,50
SQ:USDJPY,2023-01-27T12:28:00+01:00,129.842,129.893,129.840,129.893,97
SQ:USDJPY,2023-01-27T12:29:00+01:00,129.894,129.910,129.894,129.901,72
SQ:USDJPY,2023-01-27T12:30:00+01:00,129.902,129.910,129.889,129.893,61
SQ:USDJPY,2023-01-27T12:31:00+01:00,129.894,129.894,129.861,129.863,46
SQ:USDJPY,2023-01-27T12:32:00+01:00,129.864,129.913,129.864,129.907,108
SQ:USDJPY,2023-01-27T12:33:00+01:00,129.909,129.926,129.899,129.905,94
SQ:USDJPY,2023-01-27T12:34:00+01:00,129.905,129.933,129.905,129.926,76
SQ:USDJPY,2023-01-27T12:35:00+01:00,129.926,129.937,129.923,129.935,72
SQ:USDJPY,2023-01-27T12:36:00+01:00,129.934,129.944,129.920,129.924,58
SQ:USDJPY,2023-01-27T12:37:00+01:00,129.926,129.932,129.916,129.916,24
SQ:USDJPY,2023-01-27T12:38:00+01:00,129.916,129.917,129.882,129.886,48
SQ:USDJPY,2023-01-27T12:39:00+01:00,129.887,129.894,129.883,129.892,55
SQ:USDJPY,2023-01-27T12:40:00+01:00,129.893,129.925,129.893,129.916,67
SQ:USDJPY,2023-01-27T12:41:00+01:00,129.917,129.922,129.899,129.900,56
SQ:USDJPY,2023-01-27T12:42:00+01:00,129.899,129.909,129.890,129.890,95
SQ:USDJPY,2023-01-27T12:43:00+01:00,129.890,129.892,129.876,129.890,51
SQ:USDJPY,2023-01-27T12:44:00+01:00,129.891,129.919,129.891,129.919,59
SQ:USDJPY,2023-01-27T12:45:00+01:00,129.920,129.940,129.918,129.927,76
SQ:USDJPY,2023-01-27T12:46:00+01:00,129.929,129.936,129.923,129.935,60
SQ:USDJPY,2023-01-27T12:47:00+01:00,129.935,129.944,129.920,129.942,55
SQ:USDJPY,2023-01-27T12:48:00+01:00,129.942,129.963,129.936,129.959,91
SQ:USDJPY,2023-01-27T12:49:00+01:00,129.959,129.959,129.938,129.940,87
SQ:USDJPY,2023-01-27T12:50:00+01:00,129.940,129.952,129.927,129.937,98
SQ:USDJPY,2023-01-27T12:51:00+01:00,129.937,129.949,129.924,129.925,104
SQ:USDJPY,2023-01-27T12:52:00+01:00,129.926,129.943,129.919,129.930,66
SQ:USDJPY,2023-01-27T12:53:00+01:00,129.931,129.936,129.918,129.933,72
SQ:USDJPY,2023-01-27T12:54:00+01:00,129.934,129.943,129.914,129.932,64
SQ:USDJPY,2023-01-27T12:55:00+01:00,129.933,129.936,129.923,129.935,46
SQ:USDJPY,2023-01-27T12:56:00+01:00,129.934,129.951,129.933,129.939,78
SQ:USDJPY,2023-01-27T12:57:00+01:00,129.939,129.945,129.909,129.910,67
SQ:USDJPY,2023-01-27T12:58:00+01:00,129.910,129.925,129.909,129.910,63
SQ:USDJPY,2023-01-27T12:59:00+01:00,129.908,129.915,129.900,129.900,28
SQ:USDJPY,2023-01-27T13:00:00+01:00,129.902,129.907,129.876,129.877,66
SQ:USDJPY,2023-01-27T13:01:00+01:00,129.877,129.890,129.865,129.890,61
SQ:USDJPY,2023-01-27T13:02:00+01:00,129.888,129.904,129.882,129.883,76
SQ:USDJPY,2023-01-27T13:03:00+01:00,129.883,129.896,129.877,129.885,53
SQ:USDJPY,2023-01-27T13:04:00+01:00,129.886,129.901,129.884,129.901,57
SQ:USDJPY,2023-01-27T13:05:00+01:00,129.903,129.907,129.891,129.898,70
SQ:USDJPY,2023-01-27T13:06:00+01:00,129.897,129.913,129.897,129.911,60
SQ:USDJPY,2023-01-27T13:07:00+01:00,129.911,129.912,129.901,129.911,69
SQ:USDJPY,2023-01-27T13:08:00+01:00,129.908,129.917,129.901,129.901,35
SQ:USDJPY,2023-01-27T13:09:00+01:00,129.901,129.905,129.900,129.900,22
SQ:USDJPY,2023-01-27T13:10:00+01:00,129.899,129.906,129.892,129.892,15
SQ:USDJPY,2023-01-27T13:11:00+01:00,129.892,129.892,129.869,129.885,52
SQ:USDJPY,2023-01-27T13:12:00+01:00,129.885,129.886,129.875,129.878,26
SQ:USDJPY,2023-01-27T13:13:00+01:00,129.877,129.878,129.864,129.869,29
SQ:USDJPY,2023-01-27T13:14:00+01:00,129.868,129.873,129.843,129.852,69
SQ:USDJPY,2023-01-27T13:15:00+01:00,129.852,129.855,129.821,129.840,51
SQ:USDJPY,2023-01-27T13:16:00+01:00,129.841,129.858,129.840,129.857,31
SQ:USDJPY,2023-01-27T13:17:00+01:00,129.852,129.868,129.849,129.867,18
SQ:USDJPY,2023-01-27T13:18:00+01:00,129.866,129.867,129.834,129.839,28
SQ:USDJPY,2023-01-27T13:19:00+01:00,129.839,129.851,129.827,129.849,44
SQ:USDJPY,2023-01-27T13:20:00+01:00,129.850,129.860,129.847,129.857,28
SQ:USDJPY,2023-01-27T13:21:00+01:00,129.857,129.871,129.855,129.871,47
SQ:USDJPY,2023-01-27T13:22:00+01:00,129.870,129.911,129.869,129.909,85
SQ:USDJPY,2023-01-27T13:23:00+01:00,129.903,129.904,129.884,129.893,44
SQ:USDJPY,2023-01-27T13:24:00+01:00,129.892,129.944,129.892,129.944,48
SQ:USDJPY,2023-01-27T13:25:00+01:00,129.943,129.951,129.937,129.943,63
SQ:USDJPY,2023-01-27T13:26:00+01:00,129.943,129.968,129.930,129.939,71
SQ:USDJPY,2023-01-27T13:27:00+01:00,129.939,129.940,129.911,129.921,67
SQ:USDJPY,2023-01-27T13:28:00+01:00,129.922,129.922,129.901,129.908,86
SQ:USDJPY,2023-01-27T13:29:00+01:00,129.909,129.909,129.877,129.903,88
SQ:USDJPY,2023-01-27T13:30:00+01:00,129.904,129.929,129.898,129.929,110
SQ:USDJPY,2023-01-27T13:31:00+01:00,129.931,129.945,129.920,129.928,75
SQ:USDJPY,2023-01-27T13:32:00+01:00,129.929,129.955,129.929,129.954,72
SQ:USDJPY,2023-01-27T13:33:00+01:00,129.954,129.954,129.921,129.947,70
SQ:USDJPY,2023-01-27T13:34:00+01:00,129.947,129.951,129.911,129.926,59
SQ:USDJPY,2023-01-27T13:35:00+01:00,129.926,129.943,129.926,129.942,54
SQ:USDJPY,2023-01-27T13:36:00+01:00,129.942,129.976,129.942,129.976,69
SQ:USDJPY,2023-01-27T13:37:00+01:00,129.977,129.986,129.959,129.962,73
SQ:USDJPY,2023-01-27T13:38:00+01:00,129.961,129.988,129.960,129.975,100
SQ:USDJPY,2023-01-27T13:39:00+01:00,129.976,129.977,129.954,129.970,51
SQ:USDJPY,2023-01-27T13:40:00+01:00,129.967,129.969,129.949,129.954,39
SQ:USDJPY,2023-01-27T13:41:00+01:00,129.954,129.954,129.933,129.941,82
SQ:USDJPY,2023-01-27T13:42:00+01:00,129.939,129.956,129.934,129.937,80
SQ:USDJPY,2023-01-27T13:43:00+01:00,129.937,129.937,129.884,129.898,76
SQ:USDJPY,2023-01-27T13:44:00+01:00,129.899,129.909,129.887,129.891,54
SQ:USDJPY,2023-01-27T13:45:00+01:00,129.891,129.893,129.871,129.891,52
SQ:USDJPY,2023-01-27T13:46:00+01:00,129.890,129.910,129.890,129.906,65
SQ:USDJPY,2023-01-27T13:47:00+01:00,129.906,129.921,129.901,129.909,58
SQ:USDJPY,2023-01-27T13:48:00+01:00,129.909,129.914,129.903,129.906,42
SQ:USDJPY,2023-01-27T13:49:00+01:00,129.906,129.911,129.900,129.908,18
SQ:USDJPY,2023-01-27T13:50:00+01:00,129.908,129.912,129.883,129.890,60
SQ:USDJPY,2023-01-27T13:51:00+01:00,129.890,129.909,129.888,129.907,67
SQ:USDJPY,2023-01-27T13:52:00+01:00,129.907,129.910,129.898,129.908,35
SQ:USDJPY,2023-01-27T13:53:00+01:00,129.905,129.917,129.899,129.908,36
SQ:USDJPY,2023-01-27T13:54:00+01:00,129.907,129.910,129.900,129.901,44
SQ:USDJPY,2023-01-27T13:55:00+01:00,129.901,129.901,129.844,129.849,68
SQ:USDJPY,2023-01-27T13:56:00+01:00,129.849,129.852,129.822,129.823,69
SQ:USDJPY,2023-01-27T13:57:00+01:00,129.823,129.827,129.805,129.827,82
SQ:USDJPY,2023-01-27T13:58:00+01:00,129.828,129.848,129.816,129.838,113
SQ:USDJPY,2023-01-27T13:59:00+01:00,129.828,129.862,129.820,129.861,96
SQ:USDJPY,2023-01-27T14:00:00+01:00,129.860,129.882,129.847,129.877,98
SQ:USDJPY,2023-01-27T14:01:00+01:00,129.878,129.892,129.877,129.883,91
SQ:USDJPY,2023-01-27T14:02:00+01:00,129.882,129.903,129.882,129.903,78
SQ:USDJPY,2023-01-27T14:03:00+01:00,129.902,129.926,129.890,129.890,93
SQ:USDJPY,2023-01-27T14:04:00+01:00,129.887,129.887,129.849,129.849,87
SQ:USDJPY,2023-01-27T14:05:00+01:00,129.852,129.854,129.796,129.798,108
SQ:USDJPY,2023-01-27T14:06:00+01:00,129.797,129.838,129.797,129.831,122
SQ:USDJPY,2023-01-27T14:07:00+01:00,129.832,129.837,129.813,129.835,96
SQ:USDJPY,2023-01-27T14:08:00+01:00,129.836,129.855,129.834,129.845,94
SQ:USDJPY,2023-01-27T14:09:00+01:00,129.845,129.855,129.818,129.825,104
SQ:USDJPY,2023-01-27T14:10:00+01:00,129.826,129.847,129.826,129.835,114
SQ:USDJPY,2023-01-27T14:11:00+01:00,129.835,129.850,129.831,129.850,91
SQ:USDJPY,2023-01-27T14:12:00+01:00,129.849,129.868,129.839,129.868,89
SQ:USDJPY,2023-01-27T14:13:00+01:00,129.866,129.869,129.841,129.841,100
SQ:USDJPY,2023-01-27T14:14:00+01:00,129.842,129.862,129.839,129.855,88
SQ:USDJPY,2023-01-27T14:15:00+01:00,129.855,129.871,129.855,129.867,62
SQ:USDJPY,2023-01-27T14:16:00+01:00,129.869,129.884,129.866,129.867,95
SQ:USDJPY,2023-01-27T14:17:00+01:00,129.868,129.869,129.850,129.861,91
SQ:USDJPY,2023-01-27T14:18:00+01:00,129.861,129.885,129.861,129.878,89
SQ:USDJPY,2023-01-27T14:19:00+01:00,129.877,129.888,129.872,129.882,104
SQ:USDJPY,2023-01-27T14:20:00+01:00,129.881,129.898,129.858,129.873,128
SQ:USDJPY,2023-01-27T14:21:00+01:00,129.874,129.880,129.851,129.855,115
SQ:USDJPY,2023-01-27T14:22:00+01:00,129.856,129.869,129.849,129.857,68
SQ:USDJPY,2023-01-27T14:23:00+01:00,129.857,129.888,129.857,129.859,104
SQ:USDJPY,2023-01-27T14:24:00+01:00,129.860,129.862,129.818,129.818,91
SQ:USDJPY,2023-01-27T14:25:00+01:00,129.822,129.843,129.822,129.832,109
SQ:USDJPY,2023-01-27T14:26:00+01:00,129.832,129.842,129.799,129.805,75
SQ:USDJPY,2023-01-27T14:27:00+01:00,129.803,129.811,129.798,129.808,68
SQ:USDJPY,2023-01-27T14:28:00+01:00,129.809,129.834,129.807,129.830,86
SQ:USDJPY,2023-01-27T14:29:00+01:00,129.832,129.856,129.825,129.833,149
SQ:USDJPY,2023-01-27T14:30:00+01:00,129.819,129.831,129.722,129.738,282
SQ:USDJPY,2023-01-27T14:31:00+01:00,129.737,129.801,129.723,129.726,207
SQ:USDJPY,2023-01-27T14:32:00+01:00,129.725,129.725,129.632,129.655,319
SQ:USDJPY,2023-01-27T14:33:00+01:00,129.655,129.663,129.592,129.602,257
SQ:USDJPY,2023-01-27T14:34:00+01:00,129.601,129.601,129.550,129.586,320
SQ:USDJPY,2023-01-27T14:35:00+01:00,129.585,129.640,129.582,129.636,333
SQ:USDJPY,2023-01-27T14:36:00+01:00,129.638,129.713,129.637,129.676,289
SQ:USDJPY,2023-01-27T14:37:00+01:00,129.674,129.700,129.657,129.697,180
SQ:USDJPY,2023-01-27T14:38:00+01:00,129.697,129.733,129.696,129.705,177
SQ:USDJPY,2023-01-27T14:39:00+01:00,129.706,129.706,129.643,129.659,172
SQ:USDJPY,2023-01-27T14:40:00+01:00,129.660,129.669,129.648,129.651,126
SQ:USDJPY,2023-01-27T14:41:00+01:00,129.651,129.670,129.610,129.618,145
SQ:USDJPY,2023-01-27T14:42:00+01:00,129.617,129.653,129.597,129.635,181
SQ:USDJPY,2023-01-27T14:43:00+01:00,129.634,129.667,129.624,129.629,141
SQ:USDJPY,2023-01-27T14:44:00+01:00,129.632,129.705,129.628,129.695,240
SQ:USDJPY,2023-01-27T14:45:00+01:00,129.695,129.695,129.659,129.666,193
SQ:USDJPY,2023-01-27T14:46:00+01:00,129.665,129.680,129.624,129.644,170
SQ:USDJPY,2023-01-27T14:47:00+01:00,129.643,129.679,129.641,129.660,191
SQ:USDJPY,2023-01-27T14:48:00+01:00,129.660,129.711,129.652,129.710,161
SQ:USDJPY,2023-01-27T14:49:00+01:00,129.713,129.740,129.708,129.728,191
SQ:USDJPY,2023-01-27T14:50:00+01:00,129.729,129.729,129.708,129.722,139
SQ:USDJPY,2023-01-27T14:51:00+01:00,129.720,129.739,129.686,129.693,151
SQ:USDJPY,2023-01-27T14:52:00+01:00,129.692,129.719,129.668,129.711,152
SQ:USDJPY,2023-01-27T14:53:00+01:00,129.711,129.722,129.688,129.703,141
SQ:USDJPY,2023-01-27T14:54:00+01:00,129.703,129.710,129.682,129.699,155
SQ:USDJPY,2023-01-27T14:55:00+01:00,129.701,129.716,129.692,129.703,123
SQ:USDJPY,2023-01-27T14:56:00+01:00,129.702,129.706,129.669,129.670,90
SQ:USDJPY,2023-01-27T14:57:00+01:00,129.669,129.694,129.663,129.678,120
SQ:USDJPY,2023-01-27T14:58:00+01:00,129.679,129.722,129.679,129.720,101
SQ:USDJPY,2023-01-27T14:59:00+01:00,129.720,129.736,129.717,129.726,64
SQ:USDJPY,2023-01-27T15:00:00+01:00,129.725,129.725,129.656,129.682,145
SQ:USDJPY,2023-01-27T15:01:00+01:00,129.683,129.684,129.632,129.655,123
SQ:USDJPY,2023-01-27T15:02:00+01:00,129.655,129.660,129.632,129.659,175
SQ:USDJPY,2023-01-27T15:03:00+01:00,129.659,129.681,129.639,129.671,173
SQ:USDJPY,2023-01-27T15:04:00+01:00,129.673,129.679,129.658,129.676,131
SQ:USDJPY,2023-01-27T15:05:00+01:00,129.675,129.718,129.666,129.700,159
SQ:USDJPY,2023-01-27T15:06:00+01:00,129.700,129.725,129.691,129.718,131
SQ:USDJPY,2023-01-27T15:07:00+01:00,129.719,129.764,129.719,129.750,138
SQ:USDJPY,2023-01-27T15:08:00+01:00,129.750,129.790,129.747,129.787,118
SQ:USDJPY,2023-01-27T15:09:00+01:00,129.788,129.811,129.780,129.809,104
SQ:USDJPY,2023-01-27T15:10:00+01:00,129.809,129.842,129.804,129.814,202
SQ:USDJPY,2023-01-27T15:11:00+01:00,129.812,129.870,129.812,129.868,188
SQ:USDJPY,2023-01-27T15:12:00+01:00,129.868,129.939,129.858,129.932,156
SQ:USDJPY,2023-01-27T15:13:00+01:00,129.930,129.934,129.902,129.909,221
SQ:USDJPY,2023-01-27T15:14:00+01:00,129.909,129.910,129.878,129.884,120
SQ:USDJPY,2023-01-27T15:15:00+01:00,129.885,129.927,129.885,129.899,106
SQ:USDJPY,2023-01-27T15:16:00+01:00,129.902,129.922,129.883,129.883,128
SQ:USDJPY,2023-01-27T15:17:00+01:00,129.882,129.885,129.826,129.843,189
SQ:USDJPY,2023-01-27T15:18:00+01:00,129.842,129.875,129.832,129.875,156
SQ:USDJPY,2023-01-27T15:19:00+01:00,129.876,129.886,129.848,129.857,102
SQ:USDJPY,2023-01-27T15:20:00+01:00,129.857,129.876,129.833,129.873,125
SQ:USDJPY,2023-01-27T15:21:00+01:00,129.874,129.913,129.865,129.909,120
SQ:USDJPY,2023-01-27T15:22:00+01:00,129.909,129.946,129.897,129.919,174
SQ:USDJPY,2023-01-27T15:23:00+01:00,129.916,129.923,129.882,129.922,109
SQ:USDJPY,2023-01-27T15:24:00+01:00,129.920,129.928,129.896,129.900,117
SQ:USDJPY,2023-01-27T15:25:00+01:00,129.900,129.937,129.899,129.899,123
SQ:USDJPY,2023-01-27T15:26:00+01:00,129.900,129.908,129.854,129.888,176
SQ:USDJPY,2023-01-27T15:27:00+01:00,129.889,129.914,129.883,129.892,110
SQ:USDJPY,2023-01-27T15:28:00+01:00,129.892,129.907,129.879,129.889,164
SQ:USDJPY,2023-01-27T15:29:00+01:00,129.889,129.895,129.878,129.892,94
SQ:USDJPY,2023-01-27T15:30:00+01:00,129.892,129.937,129.879,129.901,226
SQ:USDJPY,2023-01-27T15:31:00+01:00,129.900,129.942,129.896,129.922,187
SQ:USDJPY,2023-01-27T15:32:00+01:00,129.923,129.923,129.880,129.881,167
SQ:USDJPY,2023-01-27T15:33:00+01:00,129.880,129.944,129.880,129.939,195
SQ:USDJPY,2023-01-27T15:34:00+01:00,129.939,129.976,129.930,129.976,176
SQ:USDJPY,2023-01-27T15:35:00+01:00,129.975,130.012,129.974,130.000,165
SQ:USDJPY,2023-01-27T15:36:00+01:00,130.000,130.059,129.991,130.026,215
SQ:USDJPY,2023-01-27T15:37:00+01:00,130.028,130.051,129.966,129.973,185
SQ:USDJPY,2023-01-27T15:38:00+01:00,129.974,129.977,129.950,129.960,216
SQ:USDJPY,2023-01-27T15:39:00+01:00,129.960,129.960,129.924,129.950,182
SQ:USDJPY,2023-01-27T15:40:00+01:00,129.947,129.953,129.929,129.952,176
SQ:USDJPY,2023-01-27T15:41:00+01:00,129.951,129.969,129.919,129.962,154
SQ:USDJPY,2023-01-27T15:42:00+01:00,129.961,129.976,129.891,129.894,212
SQ:USDJPY,2023-01-27T15:43:00+01:00,129.892,129.906,129.865,129.874,186
SQ:USDJPY,2023-01-27T15:44:00+01:00,129.873,129.873,129.854,129.868,170
SQ:USDJPY,2023-01-27T15:45:00+01:00,129.867,129.867,129.800,129.814,172
SQ:USDJPY,2023-01-27T15:46:00+01:00,129.815,129.845,129.805,129.833,155
SQ:USDJPY,2023-01-27T15:47:00+01:00,129.833,129.837,129.812,129.826,113
SQ:USDJPY,2023-01-27T15:48:00+01:00,129.826,129.829,129.792,129.798,105
SQ:USDJPY,2023-01-27T15:49:00+01:00,129.797,129.802,129.768,129.773,161
SQ:USDJPY,2023-01-27T15:50:00+01:00,129.773,129.818,129.762,129.818,172
SQ:USDJPY,2023-01-27T15:51:00+01:00,129.819,129.837,129.812,129.827,142
SQ:USDJPY,2023-01-27T15:52:00+01:00,129.830,129.840,129.797,129.806,132
SQ:USDJPY,2023-01-27T15:53:00+01:00,129.805,129.860,129.800,129.860,147
SQ:USDJPY,2023-01-27T15:54:00+01:00,129.860,129.882,129.856,129.881,110
SQ:USDJPY,2023-01-27T15:55:00+01:00,129.879,129.895,129.873,129.873,97
SQ:USDJPY,2023-01-27T15:56:00+01:00,129.873,129.910,129.873,129.904,79
SQ:USDJPY,2023-01-27T15:57:00+01:00,129.907,129.935,129.906,129.908,79
SQ:USDJPY,2023-01-27T15:58:00+01:00,129.908,129.908,129.872,129.875,59
SQ:USDJPY,2023-01-27T15:59:00+01:00,129.874,129.910,129.864,129.877,116
SQ:USDJPY,2023-01-27T16:00:00+01:00,129.877,129.958,129.770,129.919,390
SQ:USDJPY,2023-01-27T16:01:00+01:00,129.919,129.963,129.855,129.863,278
SQ:USDJPY,2023-01-27T16:02:00+01:00,129.865,129.907,129.863,129.889,210
SQ:USDJPY,2023-01-27T16:03:00+01:00,129.885,129.916,129.881,129.907,239
SQ:USDJPY,2023-01-27T16:04:00+01:00,129.909,129.926,129.897,129.911,184
SQ:USDJPY,2023-01-27T16:05:00+01:00,129.911,129.924,129.887,129.907,231
SQ:USDJPY,2023-01-27T16:06:00+01:00,129.907,129.907,129.870,129.875,186
SQ:USDJPY,2023-01-27T16:07:00+01:00,129.875,129.876,129.806,129.806,211
SQ:USDJPY,2023-01-27T16:08:00+01:00,129.809,129.839,129.779,129.826,180
SQ:USDJPY,2023-01-27T16:09:00+01:00,129.824,129.832,129.802,129.802,177
SQ:USDJPY,2023-01-27T16:10:00+01:00,129.800,129.806,129.767,129.798,185
SQ:USDJPY,2023-01-27T16:11:00+01:00,129.799,129.849,129.799,129.848,139
SQ:USDJPY,2023-01-27T16:12:00+01:00,129.849,129.872,129.839,129.855,109
SQ:USDJPY,2023-01-27T16:13:00+01:00,129.855,129.857,129.828,129.831,80
SQ:USDJPY,2023-01-27T16:14:00+01:00,129.829,129.836,129.779,129.779,144
SQ:USDJPY,2023-01-27T16:15:00+01:00,129.780,129.823,129.778,129.807,200
SQ:USDJPY,2023-01-27T16:16:00+01:00,129.807,129.840,129.788,129.840,111
SQ:USDJPY,2023-01-27T16:17:00+01:00,129.840,129.868,129.840,129.863,105
SQ:USDJPY,2023-01-27T16:18:00+01:00,129.865,129.880,129.857,129.862,103
SQ:USDJPY,2023-01-27T16:19:00+01:00,129.862,129.866,129.847,129.855,113
SQ:USDJPY,2023-01-27T16:20:00+01:00,129.857,129.860,129.807,129.847,116
SQ:USDJPY,2023-01-27T16:21:00+01:00,129.847,129.883,129.845,129.882,88
SQ:USDJPY,2023-01-27T16:22:00+01:00,129.885,129.919,129.877,129.880,146
SQ:USDJPY,2023-01-27T16:23:00+01:00,129.879,129.891,129.867,129.878,98
SQ:USDJPY,2023-01-27T16:24:00+01:00,129.877,129.907,129.877,129.892,76
SQ:USDJPY,2023-01-27T16:25:00+01:00,129.892,129.893,129.872,129.877,88
SQ:USDJPY,2023-01-27T16:26:00+01:00,129.877,129.899,129.875,129.883,63
SQ:USDJPY,2023-01-27T16:27:00+01:00,129.884,129.891,129.859,129.875,96
SQ:USDJPY,2023-01-27T16:28:00+01:00,129.875,129.910,129.875,129.900,71
SQ:USDJPY,2023-01-27T16:29:00+01:00,129.899,129.908,129.889,129.905,84
SQ:USDJPY,2023-01-27T16:30:00+01:00,129.904,129.933,129.898,129.898,86
SQ:USDJPY,2023-01-27T16:31:00+01:00,129.898,129.900,129.864,129.887,103
SQ:USDJPY,2023-01-27T16:32:00+01:00,129.888,129.921,129.885,129.903,106
SQ:USDJPY,2023-01-27T16:33:00+01:00,129.902,129.905,129.879,129.901,100
SQ:USDJPY,2023-01-27T16:34:00+01:00,129.901,129.913,129.890,129.901,98
SQ:USDJPY,2023-01-27T16:35:00+01:00,129.903,129.922,129.884,129.885,103
SQ:USDJPY,2023-01-27T16:36:00+01:00,129.884,129.899,129.873,129.877,138
SQ:USDJPY,2023-01-27T16:37:00+01:00,129.877,129.891,129.858,129.879,123
SQ:USDJPY,2023-01-27T16:38:00+01:00,129.879,129.884,129.847,129.850,76
SQ:USDJPY,2023-01-27T16:39:00+01:00,129.849,129.870,129.827,129.869,122
SQ:USDJPY,2023-01-27T16:40:00+01:00,129.869,129.885,129.865,129.868,147
SQ:USDJPY,2023-01-27T16:41:00+01:00,129.867,129.872,129.856,129.859,92
SQ:USDJPY,2023-01-27T16:42:00+01:00,129.858,129.865,129.839,129.861,83
SQ:USDJPY,2023-01-27T16:43:00+01:00,129.859,129.869,129.836,129.842,128
SQ:USDJPY,2023-01-27T16:44:00+01:00,129.841,129.877,129.838,129.845,195
SQ:USDJPY,2023-01-27T16:45:00+01:00,129.844,129.867,129.840,129.850,168
SQ:USDJPY,2023-01-27T16:46:00+01:00,129.848,129.928,129.848,129.926,240
SQ:USDJPY,2023-01-27T16:47:00+01:00,129.926,129.951,129.888,129.897,211
SQ:USDJPY,2023-01-27T16:48:00+01:00,129.896,129.934,129.891,129.923,254
SQ:USDJPY,2023-01-27T16:49:00+01:00,129.922,129.931,129.891,129.891,155
SQ:USDJPY,2023-01-27T16:50:00+01:00,129.890,129.953,129.890,129.906,185
SQ:USDJPY,2023-01-27T16:51:00+01:00,129.899,129.932,129.878,129.906,220
SQ:USDJPY,2023-01-27T16:52:00+01:00,129.907,130.022,129.906,130.002,253
SQ:USDJPY,2023-01-27T16:53:00+01:00,130.003,130.036,129.974,130.011,179
SQ:USDJPY,2023-01-27T16:54:00+01:00,130.009,130.012,129.911,129.927,204
SQ:USDJPY,2023-01-27T16:55:00+01:00,129.923,129.984,129.917,129.983,185
SQ:USDJPY,2023-01-27T16:56:00+01:00,129.976,130.000,129.968,129.982,182
SQ:USDJPY,2023-01-27T16:57:00+01:00,129.982,129.987,129.947,129.951,179
SQ:USDJPY,2023-01-27T16:58:00+01:00,129.951,129.985,129.949,129.969,135
SQ:USDJPY,2023-01-27T16:59:00+01:00,129.969,129.986,129.958,129.973,160
SQ:USDJPY,2023-01-27T17:00:00+01:00,129.973,129.983,129.943,129.955,139
SQ:USDJPY,2023-01-27T17:01:00+01:00,129.956,129.968,129.934,129.957,140
SQ:USDJPY,2023-01-27T17:02:00+01:00,129.956,129.958,129.897,129.908,168
SQ:USDJPY,2023-01-27T17:03:00+01:00,129.909,129.926,129.870,129.884,212
SQ:USDJPY,2023-01-27T17:04:00+01:00,129.884,129.884,129.840,129.843,152
SQ:USDJPY,2023-01-27T17:05:00+01:00,129.842,129.867,129.833,129.852,163
SQ:USDJPY,2023-01-27T17:06:00+01:00,129.851,129.870,129.848,129.849,119
SQ:USDJPY,2023-01-27T17:07:00+01:00,129.849,129.889,129.847,129.884,183
SQ:USDJPY,2023-01-27T17:08:00+01:00,129.884,129.909,129.880,129.909,122
SQ:USDJPY,2023-01-27T17:09:00+01:00,129.908,129.912,129.897,129.909,72
SQ:USDJPY,2023-01-27T17:10:00+01:00,129.910,129.931,129.900,129.924,83
SQ:USDJPY,2023-01-27T17:11:00+01:00,129.925,129.935,129.923,129.925,93
SQ:USDJPY,2023-01-27T17:12:00+01:00,129.924,129.924,129.881,129.881,100
SQ:USDJPY,2023-01-27T17:13:00+01:00,129.882,129.900,129.874,129.882,105
SQ:USDJPY,2023-01-27T17:14:00+01:00,129.882,129.882,129.856,129.862,67
SQ:USDJPY,2023-01-27T17:15:00+01:00,129.862,129.865,129.847,129.849,79
SQ:USDJPY,2023-01-27T17:16:00+01:00,129.849,129.856,129.819,129.826,151
SQ:USDJPY,2023-01-27T17:17:00+01:00,129.826,129.843,129.826,129.841,95
SQ:USDJPY,2023-01-27T17:18:00+01:00,129.841,129.842,129.828,129.835,92
SQ:USDJPY,2023-01-27T17:19:00+01:00,129.837,129.858,129.834,129.852,59
SQ:USDJPY,2023-01-27T17:20:00+01:00,129.852,129.852,129.814,129.841,103
SQ:USDJPY,2023-01-27T17:21:00+01:00,129.842,129.863,129.837,129.863,86
SQ:USDJPY,2023-01-27T17:22:00+01:00,129.862,129.870,129.861,129.869,55
SQ:USDJPY,2023-01-27T17:23:00+01:00,129.867,129.903,129.863,129.899,81
SQ:USDJPY,2023-01-27T17:24:00+01:00,129.899,129.916,129.897,129.907,54
SQ:USDJPY,2023-01-27T17:25:00+01:00,129.907,129.918,129.897,129.910,68
SQ:USDJPY,2023-01-27T17:26:00+01:00,129.911,129.915,129.882,129.884,67
SQ:USDJPY,2023-01-27T17:27:00+01:00,129.884,129.889,129.873,129.884,86
SQ:USDJPY,2023-01-27T17:28:00+01:00,129.884,129.917,129.883,129.899,83
SQ:USDJPY,2023-01-27T17:29:00+01:00,129.898,129.912,129.898,129.909,77
SQ:USDJPY,2023-01-27T17:30:00+01:00,129.908,129.912,129.882,129.904,67
SQ:USDJPY,2023-01-27T17:31:00+01:00,129.904,129.905,129.874,129.885,91
SQ:USDJPY,2023-01-27T17:32:00+01:00,129.886,129.897,129.842,129.842,76
SQ:USDJPY,2023-01-27T17:33:00+01:00,129.840,129.841,129.804,129.808,131
SQ:USDJPY,2023-01-27T17:34:00+01:00,129.808,129.810,129.783,129.794,89
SQ:USDJPY,2023-01-27T17:35:00+01:00,129.793,129.806,129.788,129.804,110
SQ:USDJPY,2023-01-27T17:36:00+01:00,129.806,129.829,129.803,129.829,64
SQ:USDJPY,2023-01-27T17:37:00+01:00,129.830,129.831,129.806,129.810,59
SQ:USDJPY,2023-01-27T17:38:00+01:00,129.810,129.814,129.805,129.813,54
SQ:USDJPY,2023-01-27T17:39:00+01:00,129.825,129.839,129.823,129.833,59
SQ:USDJPY,2023-01-27T17:40:00+01:00,129.832,129.849,129.827,129.828,54
SQ:USDJPY,2023-01-27T17:41:00+01:00,129.828,129.843,129.806,129.825,72
SQ:USDJPY,2023-01-27T17:42:00+01:00,129.825,129.836,129.821,129.835,88
SQ:USDJPY,2023-01-27T17:43:00+01:00,129.837,129.841,129.823,129.836,77
SQ:USDJPY,2023-01-27T17:44:00+01:00,129.837,129.848,129.828,129.846,70
SQ:USDJPY,2023-01-27T17:45:00+01:00,129.847,129.847,129.829,129.838,60
SQ:USDJPY,2023-01-27T17:46:00+01:00,129.838,129.838,129.821,129.824,39
SQ:USDJPY,2023-01-27T17:47:00+01:00,129.825,129.844,129.818,129.842,61
SQ:USDJPY,2023-01-27T17:48:00+01:00,129.842,129.866,129.842,129.863,79
SQ:USDJPY,2023-01-27T17:49:00+01:00,129.863,129.868,129.832,129.833,49
SQ:USDJPY,2023-01-27T17:50:00+01:00,129.833,129.839,129.811,129.820,50
SQ:USDJPY,2023-01-27T17:51:00+01:00,129.821,129.863,129.821,129.855,77
SQ:USDJPY,2023-01-27T17:52:00+01:00,129.855,129.875,129.854,129.875,57
SQ:USDJPY,2023-01-27T17:53:00+01:00,129.876,129.887,129.875,129.883,52
SQ:USDJPY,2023-01-27T17:54:00+01:00,129.883,129.908,129.881,129.886,60
SQ:USDJPY,2023-01-27T17:55:00+01:00,129.886,129.923,129.881,129.922,86
SQ:USDJPY,2023-01-27T17:56:00+01:00,129.921,129.926,129.916,129.922,39
SQ:USDJPY,2023-01-27T17:57:00+01:00,129.922,129.926,129.906,129.908,47
SQ:USDJPY,2023-01-27T17:58:00+01:00,129.909,129.927,129.909,129.925,70
SQ:USDJPY,2023-01-27T17:59:00+01:00,129.925,129.932,129.917,129.930,76
SQ:USDJPY,2023-01-27T18:00:00+01:00,129.930,129.950,129.920,129.934,127
SQ:USDJPY,2023-01-27T18:01:00+01:00,129.934,129.938,129.915,129.937,106
SQ:USDJPY,2023-01-27T18:02:00+01:00,129.938,129.938,129.889,129.891,99
SQ:USDJPY,2023-01-27T18:03:00+01:00,129.892,129.892,129.871,129.888,66
SQ:USDJPY,2023-01-27T18:04:00+01:00,129.889,129.901,129.889,129.898,126
SQ:USDJPY,2023-01-27T18:05:00+01:00,129.898,129.899,129.879,129.880,41
SQ:USDJPY,2023-01-27T18:06:00+01:00,129.881,129.894,129.880,129.890,48
SQ:USDJPY,2023-01-27T18:07:00+01:00,129.891,129.893,129.871,129.884,40
SQ:USDJPY,2023-01-27T18:08:00+01:00,129.884,129.886,129.880,129.881,53
SQ:USDJPY,2023-01-27T18:09:00+01:00,129.881,129.904,129.879,129.896,51
SQ:USDJPY,2023-01-27T18:10:00+01:00,129.897,129.918,129.897,129.916,57
SQ:USDJPY,2023-01-27T18:11:00+01:00,129.916,129.919,129.907,129.910,53
SQ:USDJPY,2023-01-27T18:12:00+01:00,129.910,129.910,129.882,129.884,41
SQ:USDJPY,2023-01-27T18:13:00+01:00,129.884,129.884,129.871,129.875,37
SQ:USDJPY,2023-01-27T18:14:00+01:00,129.876,129.876,129.864,129.864,34
SQ:USDJPY,2023-01-27T18:15:00+01:00,129.866,129.884,129.863,129.875,56
SQ:USDJPY,2023-01-27T18:16:00+01:00,129.875,129.890,129.866,129.866,41
SQ:USDJPY,2023-01-27T18:17:00+01:00,129.866,129.876,129.858,129.876,58
SQ:USDJPY,2023-01-27T18:18:00+01:00,129.875,129.890,129.875,129.886,65
SQ:USDJPY,2023-01-27T18:19:00+01:00,129.887,129.902,129.883,129.884,48
SQ:USDJPY,2023-01-27T18:20:00+01:00,129.883,129.884,129.858,129.867,41
SQ:USDJPY,2023-01-27T18:21:00+01:00,129.867,129.884,129.862,129.881,34
SQ:USDJPY,2023-01-27T18:22:00+01:00,129.884,129.888,129.876,129.884,31
SQ:USDJPY,2023-01-27T18:23:00+01:00,129.884,129.890,129.883,129.884,43
SQ:USDJPY,2023-01-27T18:24:00+01:00,129.882,129.882,129.871,129.879,44
SQ:USDJPY,2023-01-27T18:25:00+01:00,129.880,129.896,129.879,129.880,43
SQ:USDJPY,2023-01-27T18:26:00+01:00,129.881,129.892,129.876,129.883,37
SQ:USDJPY,2023-01-27T18:27:00+01:00,129.884,129.884,129.869,129.874,60
SQ:USDJPY,2023-01-27T18:28:00+01:00,129.873,129.892,129.871,129.891,30
SQ:USDJPY,2023-01-27T18:29:00+01:00,129.890,129.890,129.870,129.882,46
SQ:USDJPY,2023-01-27T18:30:00+01:00,129.883,129.883,129.859,129.863,32
SQ:USDJPY,2023-01-27T18:31:00+01:00,129.862,129.867,129.855,129.864,77
SQ:USDJPY,2023-01-27T18:32:00+01:00,129.865,129.873,129.854,129.857,51
SQ:USDJPY,2023-01-27T18:33:00+01:00,129.857,129.857,129.847,129.848,33
SQ:USDJPY,2023-01-27T18:34:00+01:00,129.849,129.850,129.823,129.828,40
SQ:USDJPY,2023-01-27T18:35:00+01:00,129.829,129.829,129.812,129.822,42
SQ:USDJPY,2023-01-27T18:36:00+01:00,129.822,129.828,129.820,129.826,34
SQ:USDJPY,2023-01-27T18:37:00+01:00,129.827,129.855,129.827,129.843,63
SQ:USDJPY,2023-01-27T18:38:00+01:00,129.843,129.843,129.824,129.836,55
SQ:USDJPY,2023-01-27T18:39:00+01:00,129.837,129.844,129.832,129.840,32
SQ:USDJPY,2023-01-27T18:40:00+01:00,129.839,129.844,129.830,129.841,23
SQ:USDJPY,2023-01-27T18:41:00+01:00,129.841,129.844,129.832,129.835,39
SQ:USDJPY,2023-01-27T18:42:00+01:00,129.835,129.843,129.829,129.837,37
SQ:USDJPY,2023-01-27T18:43:00+01:00,129.836,129.855,129.835,129.853,33
SQ:USDJPY,2023-01-27T18:44:00+01:00,129.852,129.868,129.852,129.861,43
SQ:USDJPY,2023-01-27T18:45:00+01:00,129.862,129.876,129.861,129.875,50
SQ:USDJPY,2023-01-27T18:46:00+01:00,129.875,129.885,129.859,129.859,71
SQ:USDJPY,2023-01-27T18:47:00+01:00,129.859,129.861,129.842,129.843,34
SQ:USDJPY,2023-01-27T18:48:00+01:00,129.843,129.852,129.840,129.843,44
SQ:USDJPY,2023-01-27T18:49:00+01:00,129.844,129.851,129.831,129.850,42
SQ:USDJPY,2023-01-27T18:50:00+01:00,129.852,129.861,129.843,129.843,53
SQ:USDJPY,2023-01-27T18:51:00+01:00,129.841,129.849,129.834,129.848,26
SQ:USDJPY,2023-01-27T18:52:00+01:00,129.848,129.879,129.847,129.875,43
SQ:USDJPY,2023-01-27T18:53:00+01:00,129.875,129.876,129.864,129.868,33
SQ:USDJPY,2023-01-27T18:54:00+01:00,129.869,129.869,129.857,129.866,46
SQ:USDJPY,2023-01-27T18:55:00+01:00,129.867,129.869,129.859,129.869,41
SQ:USDJPY,2023-01-27T18:56:00+01:00,129.868,129.872,129.866,129.869,22
SQ:USDJPY,2023-01-27T18:57:00+01:00,129.868,129.869,129.863,129.869,21
SQ:USDJPY,2023-01-27T18:58:00+01:00,129.870,129.883,129.870,129.883,23
SQ:USDJPY,2023-01-27T18:59:00+01:00,129.884,129.904,129.882,129.903,59
SQ:USDJPY,2023-01-27T19:00:00+01:00,129.904,129.909,129.893,129.894,60
SQ:USDJPY,2023-01-27T19:01:00+01:00,129.893,129.904,129.893,129.900,33
SQ:USDJPY,2023-01-27T19:02:00+01:00,129.899,129.911,129.899,129.910,26
SQ:USDJPY,2023-01-27T19:03:00+01:00,129.910,129.919,129.909,129.918,28
SQ:USDJPY,2023-01-27T19:04:00+01:00,129.917,129.917,129.908,129.911,11
SQ:USDJPY,2023-01-27T19:05:00+01:00,129.910,129.912,129.909,129.909,11
SQ:USDJPY,2023-01-27T19:06:00+01:00,129.907,129.911,129.904,129.910,22
SQ:USDJPY,2023-01-27T19:07:00+01:00,129.910,129.919,129.910,129.912,43
SQ:USDJPY,2023-01-27T19:08:00+01:00,129.912,129.926,129.911,129.920,26
SQ:USDJPY,2023-01-27T19:09:00+01:00,129.920,129.939,129.919,129.938,28
SQ:USDJPY,2023-01-27T19:10:00+01:00,129.938,129.942,129.916,129.916,49
SQ:USDJPY,2023-01-27T19:11:00+01:00,129.916,129.916,129.895,129.895,23
SQ:USDJPY,2023-01-27T19:12:00+01:00,129.894,129.913,129.894,129.911,20
SQ:USDJPY,2023-01-27T19:13:00+01:00,129.911,129.911,129.893,129.896,25
SQ:USDJPY,2023-01-27T19:14:00+01:00,129.898,129.902,129.882,129.882,31
SQ:USDJPY,2023-01-27T19:15:00+01:00,129.882,129.886,129.875,129.875,27
SQ:USDJPY,2023-01-27T19:16:00+01:00,129.875,129.887,129.860,129.884,47
SQ:USDJPY,2023-01-27T19:17:00+01:00,129.884,129.886,129.878,129.882,26
SQ:USDJPY,2023-01-27T19:18:00+01:00,129.883,129.886,129.866,129.873,32
SQ:USDJPY,2023-01-27T19:19:00+01:00,129.874,129.884,129.868,129.876,37
SQ:USDJPY,2023-01-27T19:20:00+01:00,129.876,129.882,129.866,129.867,28
SQ:USDJPY,2023-01-27T19:21:00+01:00,129.868,129.875,129.868,129.869,16
SQ:USDJPY,2023-01-27T19:22:00+01:00,129.868,129.876,129.867,129.872,17
SQ:USDJPY,2023-01-27T19:23:00+01:00,129.872,129.890,129.872,129.889,33
SQ:USDJPY,2023-01-27T19:24:00+01:00,129.889,129.890,129.882,129.889,34
SQ:USDJPY,2023-01-27T19:25:00+01:00,129.887,129.895,129.883,129.893,44
SQ:USDJPY,2023-01-27T19:26:00+01:00,129.892,129.902,129.886,129.902,39
SQ:USDJPY,2023-01-27T19:27:00+01:00,129.901,129.905,129.896,129.902,25
SQ:USDJPY,2023-01-27T19:28:00+01:00,129.902,129.904,129.889,129.890,34
SQ:USDJPY,2023-01-27T19:29:00+01:00,129.893,129.902,129.891,129.900,56
SQ:USDJPY,2023-01-27T19:30:00+01:00,129.898,129.919,129.893,129.919,38
SQ:USDJPY,2023-01-27T19:31:00+01:00,129.919,129.919,129.904,129.904,30
SQ:USDJPY,2023-01-27T19:32:00+01:00,129.904,129.904,129.897,129.899,39
SQ:USDJPY,2023-01-27T19:33:00+01:00,129.899,129.902,129.897,129.901,17
SQ:USDJPY,2023-01-27T19:34:00+01:00,129.901,129.901,129.898,129.899,26
SQ:USDJPY,2023-01-27T19:35:00+01:00,129.901,129.914,129.900,129.913,35
SQ:USDJPY,2023-01-27T19:36:00+01:00,129.913,129.917,129.906,129.907,18
SQ:USDJPY,2023-01-27T19:37:00+01:00,129.908,129.917,129.900,129.906,55
SQ:USDJPY,2023-01-27T19:38:00+01:00,129.907,129.919,129.907,129.914,37
SQ:USDJPY,2023-01-27T19:39:00+01:00,129.913,129.913,129.905,129.905,18
SQ:USDJPY,2023-01-27T19:40:00+01:00,129.908,129.920,129.908,129.920,24
SQ:USDJPY,2023-01-27T19:41:00+01:00,129.920,129.929,129.918,129.927,18
SQ:USDJPY,2023-01-27T19:42:00+01:00,129.927,129.927,129.901,129.905,47
SQ:USDJPY,2023-01-27T19:43:00+01:00,129.906,129.926,129.900,129.921,34
SQ:USDJPY,2023-01-27T19:44:00+01:00,129.921,129.924,129.893,129.897,41
SQ:USDJPY,2023-01-27T19:45:00+01:00,129.897,129.927,129.897,129.920,85
SQ:USDJPY,2023-01-27T19:46:00+01:00,129.919,129.922,129.912,129.915,34
SQ:USDJPY,2023-01-27T19:47:00+01:00,129.910,129.932,129.909,129.920,35
SQ:USDJPY,2023-01-27T19:48:00+01:00,129.920,129.927,129.916,129.917,23
SQ:USDJPY,2023-01-27T19:49:00+01:00,129.918,129.920,129.904,129.907,28
SQ:USDJPY,2023-01-27T19:50:00+01:00,129.907,129.915,129.907,129.911,32
SQ:USDJPY,2023-01-27T19:51:00+01:00,129.910,129.923,129.906,129.923,36
SQ:USDJPY,2023-01-27T19:52:00+01:00,129.924,129.927,129.912,129.916,18
SQ:USDJPY,2023-01-27T19:53:00+01:00,129.917,129.918,129.899,129.899,34
SQ:USDJPY,2023-01-27T19:54:00+01:00,129.900,129.905,129.898,129.903,22
SQ:USDJPY,2023-01-27T19:55:00+01:00,129.902,129.914,129.901,129.904,28
SQ:USDJPY,2023-01-27T19:56:00+01:00,129.901,129.902,129.894,129.901,15
SQ:USDJPY,2023-01-27T19:57:00+01:00,129.903,129.911,129.898,129.902,22
SQ:USDJPY,2023-01-27T19:58:00+01:00,129.902,129.903,129.897,129.899,34
SQ:USDJPY,2023-01-27T19:59:00+01:00,129.900,129.911,129.900,129.910,23
SQ:USDJPY,2023-01-27T20:00:00+01:00,129.909,129.910,129.880,129.881,32
SQ:USDJPY,2023-01-27T20:01:00+01:00,129.881,129.885,129.873,129.877,37
SQ:USDJPY,2023-01-27T20:02:00+01:00,129.877,129.887,129.876,129.886,21
SQ:USDJPY,2023-01-27T20:03:00+01:00,129.882,129.882,129.865,129.867,25
SQ:USDJPY,2023-01-27T20:04:00+01:00,129.867,129.875,129.864,129.872,29
SQ:USDJPY,2023-01-27T20:05:00+01:00,129.870,129.876,129.868,129.872,37
SQ:USDJPY,2023-01-27T20:06:00+01:00,129.872,129.872,129.867,129.868,8
SQ:USDJPY,2023-01-27T20:07:00+01:00,129.869,129.876,129.869,129.872,21
SQ:USDJPY,2023-01-27T20:08:00+01:00,129.872,129.890,129.868,129.885,43
SQ:USDJPY,2023-01-27T20:09:00+01:00,129.885,129.885,129.876,129.880,28
SQ:USDJPY,2023-01-27T20:10:00+01:00,129.881,129.889,129.880,129.884,32
SQ:USDJPY,2023-01-27T20:11:00+01:00,129.883,129.890,129.882,129.884,27
SQ:USDJPY,2023-01-27T20:12:00+01:00,129.884,129.897,129.884,129.890,32
SQ:USDJPY,2023-01-27T20:13:00+01:00,129.886,129.887,129.877,129.880,24
SQ:USDJPY,2023-01-27T20:14:00+01:00,129.879,129.881,129.877,129.878,12
SQ:USDJPY,2023-01-27T20:15:00+01:00,129.878,129.886,129.878,129.884,11
SQ:USDJPY,2023-01-27T20:16:00+01:00,129.884,129.896,129.884,129.893,17
SQ:USDJPY,2023-01-27T20:17:00+01:00,129.893,129.896,129.893,129.894,25
SQ:USDJPY,2023-01-27T20:18:00+01:00,129.893,129.896,129.888,129.896,28
SQ:USDJPY,2023-01-27T20:19:00+01:00,129.896,129.899,129.894,129.895,13
SQ:USDJPY,2023-01-27T20:20:00+01:00,129.894,129.898,129.892,129.895,12
SQ:USDJPY,2023-01-27T20:21:00+01:00,129.895,129.898,129.894,129.896,16
SQ:USDJPY,2023-01-27T20:22:00+01:00,129.896,129.899,129.875,129.878,31
SQ:USDJPY,2023-01-27T20:23:00+01:00,129.878,129.897,129.877,129.894,53
SQ:USDJPY,2023-01-27T20:24:00+01:00,129.894,129.916,129.894,129.916,24
SQ:USDJPY,2023-01-27T20:25:00+01:00,129.916,129.916,129.902,129.902,35
SQ:USDJPY,2023-01-27T20:26:00+01:00,129.902,129.902,129.891,129.897,30
SQ:USDJPY,2023-01-27T20:27:00+01:00,129.897,129.902,129.880,129.886,32
SQ:USDJPY,2023-01-27T20:28:00+01:00,129.885,129.894,129.883,129.894,25
SQ:USDJPY,2023-01-27T20:29:00+01:00,129.895,129.911,129.894,129.906,28
SQ:USDJPY,2023-01-27T20:30:00+01:00,129.905,129.917,129.896,129.917,33
SQ:USDJPY,2023-01-27T20:31:00+01:00,129.916,129.932,129.913,129.926,42
SQ:USDJPY,2023-01-27T20:32:00+01:00,129.926,129.926,129.909,129.917,24
SQ:USDJPY,2023-01-27T20:33:00+01:00,129.918,129.921,129.910,129.912,37
SQ:USDJPY,2023-01-27T20:34:00+01:00,129.911,129.912,129.908,129.911,18
SQ:USDJPY,2023-01-27T20:35:00+01:00,129.912,129.921,129.910,129.916,23
SQ:USDJPY,2023-01-27T20:36:00+01:00,129.916,129.920,129.916,129.920,17
SQ:USDJPY,2023-01-27T20:37:00+01:00,129.920,129.920,129.901,129.902,24
SQ:USDJPY,2023-01-27T20:38:00+01:00,129.896,129.910,129.894,129.909,28
SQ:USDJPY,2023-01-27T20:39:00+01:00,129.910,129.911,129.906,129.910,61
SQ:USDJPY,2023-01-27T20:40:00+01:00,129.911,129.912,129.908,129.910,62
SQ:USDJPY,2023-01-27T20:41:00+01:00,129.911,129.911,129.902,129.902,12
SQ:USDJPY,2023-01-27T20:42:00+01:00,129.902,129.907,129.899,129.901,18
SQ:USDJPY,2023-01-27T20:43:00+01:00,129.902,129.916,129.902,129.913,36
SQ:USDJPY,2023-01-27T20:44:00+01:00,129.910,129.914,129.908,129.911,15
SQ:USDJPY,2023-01-27T20:45:00+01:00,129.910,129.928,129.910,129.926,26
SQ:USDJPY,2023-01-27T20:46:00+01:00,129.927,129.928,129.920,129.922,24
SQ:USDJPY,2023-01-27T20:47:00+01:00,129.923,129.923,129.913,129.915,25
SQ:USDJPY,2023-01-27T20:48:00+01:00,129.915,129.918,129.908,129.910,22
SQ:USDJPY,2023-01-27T20:49:00+01:00,129.910,129.911,129.902,129.908,28
SQ:USDJPY,2023-01-27T20:50:00+01:00,129.910,129.910,129.903,129.904,21
SQ:USDJPY,2023-01-27T20:51:00+01:00,129.901,129.917,129.901,129.915,15
SQ:USDJPY,2023-01-27T20:52:00+01:00,129.914,129.915,129.909,129.909,6
SQ:USDJPY,2023-01-27T20:53:00+01:00,129.910,129.910,129.894,129.895,19
SQ:USDJPY,2023-01-27T20:54:00+01:00,129.896,129.902,129.896,129.902,13
SQ:USDJPY,2023-01-27T20:55:00+01:00,129.900,129.902,129.895,129.902,15
SQ:USDJPY,2023-01-27T20:56:00+01:00,129.902,129.902,129.894,129.900,13
SQ:USDJPY,2023-01-27T20:57:00+01:00,129.899,129.909,129.895,129.909,32
SQ:USDJPY,2023-01-27T20:58:00+01:00,129.911,129.919,129.908,129.919,29
SQ:USDJPY,2023-01-27T20:59:00+01:00,129.918,129.919,129.891,129.897,45
SQ:USDJPY,2023-01-27T21:00:00+01:00,129.898,129.918,129.894,129.910,34
SQ:USDJPY,2023-01-27T21:01:00+01:00,129.909,129.915,129.908,129.912,17
SQ:USDJPY,2023-01-27T21:02:00+01:00,129.912,129.913,129.905,129.911,14
SQ:USDJPY,2023-01-27T21:03:00+01:00,129.911,129.911,129.904,129.909,16
SQ:USDJPY,2023-01-27T21:04:00+01:00,129.909,129.909,129.903,129.904,11
SQ:USDJPY,2023-01-27T21:05:00+01:00,129.904,129.906,129.874,129.877,23
SQ:USDJPY,2023-01-27T21:06:00+01:00,129.877,129.877,129.862,129.870,17
SQ:USDJPY,2023-01-27T21:07:00+01:00,129.870,129.872,129.868,129.869,13
SQ:USDJPY,2023-01-27T21:08:00+01:00,129.869,129.869,129.851,129.860,25
SQ:USDJPY,2023-01-27T21:09:00+01:00,129.861,129.861,129.858,129.859,11
SQ:USDJPY,2023-01-27T21:10:00+01:00,129.860,129.862,129.857,129.860,10
SQ:USDJPY,2023-01-27T21:11:00+01:00,129.860,129.868,129.858,129.868,7
SQ:USDJPY,2023-01-27T21:12:00+01:00,129.867,129.873,129.867,129.868,11
SQ:USDJPY,2023-01-27T21:13:00+01:00,129.869,129.869,129.867,129.869,5
SQ:USDJPY,2023-01-27T21:14:00+01:00,129.868,129.876,129.866,129.867,26
SQ:USDJPY,2023-01-27T21:15:00+01:00,129.868,129.874,129.861,129.870,16
SQ:USDJPY,2023-01-27T21:16:00+01:00,129.867,129.880,129.866,129.877,15
SQ:USDJPY,2023-01-27T21:17:00+01:00,129.875,129.881,129.872,129.876,12
SQ:USDJPY,2023-01-27T21:18:00+01:00,129.875,129.875,129.863,129.866,20
SQ:USDJPY,2023-01-27T21:19:00+01:00,129.866,129.867,129.856,129.862,14
SQ:USDJPY,2023-01-27T21:20:00+01:00,129.862,129.880,129.862,129.880,11
SQ:USDJPY,2023-01-27T21:21:00+01:00,129.884,129.884,129.878,129.878,7
SQ:USDJPY,2023-01-27T21:22:00+01:00,129.878,129.884,129.869,129.869,12
SQ:USDJPY,2023-01-27T21:23:00+01:00,129.868,129.873,129.863,129.869,22
SQ:USDJPY,2023-01-27T21:24:00+01:00,129.870,129.876,129.866,129.868,10
SQ:USDJPY,2023-01-27T21:25:00+01:00,129.868,129.869,129.866,129.868,13
SQ:USDJPY,2023-01-27T21:26:00+01:00,129.870,129.874,129.870,129.874,8
SQ:USDJPY,2023-01-27T21:27:00+01:00,129.875,129.883,129.868,129.883,21
SQ:USDJPY,2023-01-27T21:28:00+01:00,129.882,129.908,129.882,129.886,52
SQ:USDJPY,2023-01-27T21:29:00+01:00,129.887,129.895,129.883,129.883,21
SQ:USDJPY,2023-01-27T21:30:00+01:00,129.877,129.902,129.877,129.902,31
SQ:USDJPY,2023-01-27T21:31:00+01:00,129.903,129.903,129.899,129.899,24
SQ:USDJPY,2023-01-27T21:32:00+01:00,129.898,129.899,129.888,129.891,19
SQ:USDJPY,2023-01-27T21:33:00+01:00,129.892,129.892,129.873,129.878,19
SQ:USDJPY,2023-01-27T21:34:00+01:00,129.878,129.878,129.875,129.876,6
SQ:USDJPY,2023-01-27T21:35:00+01:00,129.874,129.876,129.874,129.875,4
SQ:USDJPY,2023-01-27T21:36:00+01:00,129.875,129.876,129.868,129.869,22
SQ:USDJPY,2023-01-27T21:37:00+01:00,129.870,129.870,129.868,129.869,5
SQ:USDJPY,2023-01-27T21:38:00+01:00,129.868,129.872,129.863,129.872,10
SQ:USDJPY,2023-01-27T21:39:00+01:00,129.873,129.876,129.871,129.876,7
SQ:USDJPY,2023-01-27T21:40:00+01:00,129.875,129.876,129.872,129.875,9
SQ:USDJPY,2023-01-27T21:41:00+01:00,129.875,129.875,129.872,129.874,4
SQ:USDJPY,2023-01-27T21:42:00+01:00,129.878,129.878,129.875,129.877,18
SQ:USDJPY,2023-01-27T21:43:00+01:00,129.877,129.877,129.871,129.876,28
SQ:USDJPY,2023-01-27T21:44:00+01:00,129.875,129.875,129.866,129.866,17
SQ:USDJPY,2023-01-27T21:45:00+01:00,129.866,129.867,129.858,129.861,15
SQ:USDJPY,2023-01-27T21:46:00+01:00,129.860,129.869,129.860,129.863,11
SQ:USDJPY,2023-01-27T21:47:00+01:00,129.864,129.881,129.863,129.878,20
SQ:USDJPY,2023-01-27T21:48:00+01:00,129.878,129.878,129.872,129.876,12
SQ:USDJPY,2023-01-27T21:49:00+01:00,129.875,129.880,129.875,129.878,13
SQ:USDJPY,2023-01-27T21:50:00+01:00,129.876,129.878,129.868,129.869,15
SQ:USDJPY,2023-01-27T21:51:00+01:00,129.870,129.878,129.850,129.876,33
SQ:USDJPY,2023-01-27T21:52:00+01:00,129.875,129.881,129.873,129.877,22
SQ:USDJPY,2023-01-27T21:53:00+01:00,129.875,129.875,129.864,129.867,18
SQ:USDJPY,2023-01-27T21:54:00+01:00,129.866,129.881,129.863,129.877,20
SQ:USDJPY,2023-01-27T21:55:00+01:00,129.877,129.877,129.872,129.876,9
SQ:USDJPY,2023-01-27T21:56:00+01:00,129.875,129.885,129.872,129.883,9
SQ:USDJPY,2023-01-27T21:57:00+01:00,129.884,129.885,129.877,129.878,10
SQ:USDJPY,2023-01-27T21:58:00+01:00,129.880,129.883,129.875,129.878,14
SQ:USDJPY,2023-01-27T21:59:00+01:00,129.877,129.877,129.866,129.869,35
SQ:USDJPY,2023-01-27T22:00:00+01:00,129.871,129.882,129.868,129.869,33
SQ:USDJPY,2023-01-27T22:01:00+01:00,129.870,129.874,129.869,129.874,29
SQ:USDJPY,2023-01-27T22:02:00+01:00,129.873,129.876,129.873,129.876,11
SQ:USDJPY,2023-01-27T22:03:00+01:00,129.876,129.878,129.875,129.876,6
SQ:USDJPY,2023-01-27T22:04:00+01:00,129.876,129.877,129.867,129.867,14
SQ:USDJPY,2023-01-27T22:05:00+01:00,129.868,129.868,129.859,129.859,16
SQ:USDJPY,2023-01-27T22:06:00+01:00,129.857,129.857,129.855,129.857,11
SQ:USDJPY,2023-01-27T22:07:00+01:00,129.856,129.856,129.844,129.845,22
SQ:USDJPY,2023-01-27T22:08:00+01:00,129.844,129.847,129.844,129.847,14
SQ:USDJPY,2023-01-27T22:09:00+01:00,129.847,129.849,129.843,129.849,15
SQ:USDJPY,2023-01-27T22:10:00+01:00,129.848,129.849,129.843,129.846,18
SQ:USDJPY,2023-01-27T22:11:00+01:00,129.846,129.846,129.846,129.846,1
SQ:USDJPY,2023-01-27T22:12:00+01:00,129.847,129.848,129.847,129.847,3
SQ:USDJPY,2023-01-27T22:13:00+01:00,129.846,129.847,129.842,129.842,9
SQ:USDJPY,2023-01-27T22:14:00+01:00,129.842,129.842,129.840,129.841,3
SQ:USDJPY,2023-01-27T22:15:00+01:00,129.841,129.841,129.823,129.827,24
SQ:USDJPY,2023-01-27T22:16:00+01:00,129.826,129.826,129.815,129.815,8
SQ:USDJPY,2023-01-27T22:17:00+01:00,129.816,129.817,129.808,129.815,19
SQ:USDJPY,2023-01-27T22:18:00+01:00,129.815,129.817,129.809,129.809,27
SQ:USDJPY,2023-01-27T22:19:00+01:00,129.810,129.823,129.809,129.820,17
SQ:USDJPY,2023-01-27T22:20:00+01:00,129.820,129.820,129.811,129.811,8
SQ:USDJPY,2023-01-27T22:21:00+01:00,129.810,129.814,129.810,129.810,6
SQ:USDJPY,2023-01-27T22:22:00+01:00,129.810,129.810,129.810,129.810,1
SQ:USDJPY,2023-01-27T22:23:00+01:00,129.811,129.816,129.809,129.810,15
SQ:USDJPY,2023-01-27T22:24:00+01:00,129.809,129.810,129.808,129.810,10
SQ:USDJPY,2023-01-27T22:25:00+01:00,129.811,129.813,129.809,129.812,9
SQ:USDJPY,2023-01-27T22:26:00+01:00,129.812,129.816,129.812,129.815,10
SQ:USDJPY,2023-01-27T22:27:00+01:00,129.816,129.819,129.815,129.817,16
SQ:USDJPY,2023-01-27T22:28:00+01:00,129.815,129.823,129.811,129.823,7
SQ:USDJPY,2023-01-27T22:29:00+01:00,129.824,129.844,129.823,129.842,32
SQ:USDJPY,2023-01-27T22:30:00+01:00,129.842,129.848,129.842,129.848,8
SQ:USDJPY,2023-01-27T22:31:00+01:00,129.850,129.853,129.850,129.851,11
SQ:USDJPY,2023-01-27T22:32:00+01:00,129.850,129.850,129.849,129.850,3
SQ:USDJPY,2023-01-27T22:33:00+01:00,129.850,129.850,129.841,129.842,25
SQ:USDJPY,2023-01-27T22:34:00+01:00,129.841,129.843,129.841,129.843,69
SQ:USDJPY,2023-01-27T22:35:00+01:00,129.843,129.845,129.842,129.845,18
SQ:USDJPY,2023-01-27T22:36:00+01:00,129.843,129.850,129.843,129.850,11
SQ:USDJPY,2023-01-27T22:37:00+01:00,129.855,129.855,129.850,129.854,3
SQ:USDJPY,2023-01-27T22:38:00+01:00,129.855,129.855,129.855,129.855,1
SQ:USDJPY,2023-01-27T22:39:00+01:00,129.856,129.856,129.856,129.856,1
SQ:USDJPY,2023-01-27T22:40:00+01:00,129.855,129.867,129.855,129.863,11
SQ:USDJPY,2023-01-27T22:41:00+01:00,129.864,129.865,129.851,129.853,36
SQ:USDJPY,2023-01-27T22:42:00+01:00,129.856,129.858,129.853,129.857,16
SQ:USDJPY,2023-01-27T22:43:00+01:00,129.856,129.861,129.850,129.859,18
SQ:USDJPY,2023-01-27T22:44:00+01:00,129.861,129.866,129.860,129.864,10
SQ:USDJPY,2023-01-27T22:45:00+01:00,129.865,129.867,129.858,129.860,39
SQ:USDJPY,2023-01-27T22:46:00+01:00,129.860,129.862,129.853,129.856,30
SQ:USDJPY,2023-01-27T22:47:00+01:00,129.855,129.866,129.847,129.864,37
SQ:USDJPY,2023-01-27T22:48:00+01:00,129.864,129.866,129.860,129.861,30
SQ:USDJPY,2023-01-27T22:49:00+01:00,129.861,129.864,129.832,129.842,50
SQ:USDJPY,2023-01-27T22:50:00+01:00,129.842,129.851,129.820,129.826,79
SQ:USDJPY,2023-01-27T22:51:00+01:00,129.826,129.828,129.825,129.828,25
SQ:USDJPY,2023-01-27T22:52:00+01:00,129.828,129.828,129.823,129.823,18
SQ:USDJPY,2023-01-27T22:53:00+01:00,129.824,129.835,129.824,129.832,44
SQ:USDJPY,2023-01-27T22:54:00+01:00,129.831,129.834,129.807,129.820,82
