SQ:XPDUSD,2019-08-05T00:01:00+02:00,1405.750,1406.180,1402.080,1403.030,25
SQ:XPDUSD,2019-08-05T00:02:00+02:00,1402.990,1404.560,1402.980,1404.560,28
SQ:XPDUSD,2019-08-05T00:03:00+02:00,1404.560,1405.730,1404.560,1405.730,16
SQ:XPDUSD,2019-08-05T00:04:00+02:00,1405.710,1405.710,1404.610,1404.610,28
SQ:XPDUSD,2019-08-05T00:05:00+02:00,1404.690,1405.330,1404.690,1405.310,23
SQ:XPDUSD,2019-08-05T00:06:00+02:00,1405.340,1405.680,1405.310,1405.390,14
SQ:XPDUSD,2019-08-05T00:07:00+02:00,1405.290,1405.720,1404.890,1404.890,7
SQ:XPDUSD,2019-08-05T00:08:00+02:00,1404.900,1404.900,1404.660,1404.700,7
SQ:XPDUSD,2019-08-05T00:09:00+02:00,1404.760,1404.770,1404.680,1404.770,3
SQ:XPDUSD,2019-08-05T00:10:00+02:00,1404.790,1405.110,1404.790,1405.090,5
SQ:XPDUSD,2019-08-05T00:11:00+02:00,1405.090,1405.090,1405.090,1405.090,1
SQ:XPDUSD,2019-08-05T00:12:00+02:00,1405.010,1405.220,1405.010,1405.190,11
SQ:XPDUSD,2019-08-05T00:13:00+02:00,1405.250,1405.250,1405.250,1405.250,1
SQ:XPDUSD,2019-08-05T00:14:00+02:00,1405.250,1405.370,1405.070,1405.070,21
SQ:XPDUSD,2019-08-05T00:15:00+02:00,1405.070,1405.290,1404.950,1405.020,16
SQ:XPDUSD,2019-08-05T00:16:00+02:00,1404.990,1404.990,1404.410,1404.410,5
SQ:XPDUSD,2019-08-05T00:17:00+02:00,1404.680,1404.680,1404.490,1404.490,2
SQ:XPDUSD,2019-08-05T00:18:00+02:00,1403.460,1403.460,1403.460,1403.460,1
SQ:XPDUSD,2019-08-05T00:19:00+02:00,1403.610,1405.450,1403.610,1405.450,6
SQ:XPDUSD,2019-08-05T00:20:00+02:00,1405.640,1405.660,1405.590,1405.660,3
SQ:XPDUSD,2019-08-05T00:21:00+02:00,1405.640,1405.640,1405.560,1405.590,14
SQ:XPDUSD,2019-08-05T00:22:00+02:00,1405.580,1405.680,1405.580,1405.640,11
SQ:XPDUSD,2019-08-05T00:23:00+02:00,1405.630,1405.950,1405.630,1405.930,6
SQ:XPDUSD,2019-08-05T00:24:00+02:00,1405.930,1406.020,1405.870,1406.020,4
SQ:XPDUSD,2019-08-05T00:25:00+02:00,1406.340,1406.340,1406.310,1406.310,3
SQ:XPDUSD,2019-08-05T00:26:00+02:00,1405.440,1405.440,1405.440,1405.440,1
SQ:XPDUSD,2019-08-05T00:27:00+02:00,1405.480,1405.480,1405.480,1405.480,1
SQ:XPDUSD,2019-08-05T00:28:00+02:00,1406.440,1406.440,1406.390,1406.400,7
SQ:XPDUSD,2019-08-05T00:30:00+02:00,1406.400,1406.470,1406.370,1406.370,5
SQ:XPDUSD,2019-08-05T00:32:00+02:00,1406.230,1406.230,1406.130,1406.200,3
SQ:XPDUSD,2019-08-05T00:33:00+02:00,1406.250,1406.390,1406.220,1406.390,5
SQ:XPDUSD,2019-08-05T00:34:00+02:00,1406.330,1406.880,1406.330,1406.770,4
SQ:XPDUSD,2019-08-05T00:35:00+02:00,1406.740,1406.740,1406.430,1406.440,4
SQ:XPDUSD,2019-08-05T00:36:00+02:00,1406.320,1406.320,1406.320,1406.320,1
SQ:XPDUSD,2019-08-05T00:37:00+02:00,1406.290,1406.380,1406.280,1406.350,13
SQ:XPDUSD,2019-08-05T00:38:00+02:00,1406.500,1406.550,1406.500,1406.550,2
SQ:XPDUSD,2019-08-05T00:39:00+02:00,1406.480,1406.480,1406.370,1406.370,4
SQ:XPDUSD,2019-08-05T00:40:00+02:00,1405.990,1406.150,1405.950,1406.010,15
SQ:XPDUSD,2019-08-05T00:41:00+02:00,1405.930,1405.930,1405.930,1405.930,1
SQ:XPDUSD,2019-08-05T00:43:00+02:00,1402.240,1402.240,1402.240,1402.240,1
SQ:XPDUSD,2019-08-05T00:44:00+02:00,1402.240,1402.240,1402.240,1402.240,1
SQ:XPDUSD,2019-08-05T00:45:00+02:00,1402.240,1402.280,1402.240,1402.280,2
SQ:XPDUSD,2019-08-05T00:46:00+02:00,1405.640,1405.720,1405.640,1405.720,2
SQ:XPDUSD,2019-08-05T00:47:00+02:00,1406.580,1406.580,1406.580,1406.580,1
SQ:XPDUSD,2019-08-05T00:49:00+02:00,1403.800,1403.810,1403.800,1403.810,2
SQ:XPDUSD,2019-08-05T00:50:00+02:00,1403.820,1406.840,1403.770,1406.840,7
SQ:XPDUSD,2019-08-05T00:51:00+02:00,1406.800,1407.050,1406.800,1407.050,8
SQ:XPDUSD,2019-08-05T00:52:00+02:00,1406.850,1407.000,1406.850,1407.000,9
SQ:XPDUSD,2019-08-05T00:53:00+02:00,1407.160,1407.160,1407.160,1407.160,1
SQ:XPDUSD,2019-08-05T00:55:00+02:00,1404.160,1404.400,1404.160,1404.400,4
SQ:XPDUSD,2019-08-05T00:56:00+02:00,1407.290,1407.290,1407.290,1407.290,1
SQ:XPDUSD,2019-08-05T00:58:00+02:00,1404.330,1404.330,1404.330,1404.330,1
SQ:XPDUSD,2019-08-05T00:59:00+02:00,1404.320,1404.320,1404.320,1404.320,1
SQ:XPDUSD,2019-08-05T01:00:00+02:00,1404.130,1407.070,1404.130,1406.530,19
SQ:XPDUSD,2019-08-05T01:01:00+02:00,1406.540,1406.540,1406.540,1406.540,1
SQ:XPDUSD,2019-08-05T01:02:00+02:00,1406.490,1406.490,1406.490,1406.490,1
SQ:XPDUSD,2019-08-05T01:03:00+02:00,1403.220,1403.220,1403.220,1403.220,1
SQ:XPDUSD,2019-08-05T01:04:00+02:00,1406.100,1406.890,1406.100,1406.890,4
SQ:XPDUSD,2019-08-05T01:05:00+02:00,1405.410,1405.410,1405.300,1405.300,3
SQ:XPDUSD,2019-08-05T01:06:00+02:00,1405.380,1405.420,1405.380,1405.420,2
SQ:XPDUSD,2019-08-05T01:07:00+02:00,1405.750,1405.750,1405.750,1405.750,1
SQ:XPDUSD,2019-08-05T01:08:00+02:00,1405.750,1405.750,1402.840,1402.850,3
SQ:XPDUSD,2019-08-05T01:09:00+02:00,1402.860,1402.890,1402.860,1402.890,4
SQ:XPDUSD,2019-08-05T01:10:00+02:00,1402.900,1402.910,1402.900,1402.910,2
SQ:XPDUSD,2019-08-05T01:11:00+02:00,1402.920,1405.600,1402.920,1405.600,2
SQ:XPDUSD,2019-08-05T01:12:00+02:00,1405.600,1405.940,1405.600,1405.940,2
SQ:XPDUSD,2019-08-05T01:17:00+02:00,1402.950,1406.050,1402.950,1406.000,4
SQ:XPDUSD,2019-08-05T01:19:00+02:00,1402.930,1402.930,1402.930,1402.930,1
SQ:XPDUSD,2019-08-05T01:20:00+02:00,1402.940,1402.940,1402.940,1402.940,1
SQ:XPDUSD,2019-08-05T01:21:00+02:00,1402.940,1402.940,1402.940,1402.940,1
SQ:XPDUSD,2019-08-05T01:22:00+02:00,1402.940,1405.940,1402.940,1405.940,3
SQ:XPDUSD,2019-08-05T01:25:00+02:00,1402.950,1402.950,1402.950,1402.950,1
SQ:XPDUSD,2019-08-05T01:26:00+02:00,1403.070,1403.070,1403.070,1403.070,1
SQ:XPDUSD,2019-08-05T01:28:00+02:00,1403.180,1403.180,1403.180,1403.180,1
SQ:XPDUSD,2019-08-05T01:31:00+02:00,1403.190,1405.940,1403.190,1405.940,2
SQ:XPDUSD,2019-08-05T01:33:00+02:00,1406.080,1406.250,1406.080,1406.250,2
SQ:XPDUSD,2019-08-05T01:34:00+02:00,1406.310,1406.310,1406.310,1406.310,1
SQ:XPDUSD,2019-08-05T01:35:00+02:00,1406.390,1406.390,1406.390,1406.390,1
SQ:XPDUSD,2019-08-05T01:36:00+02:00,1406.320,1406.330,1406.290,1406.290,5
SQ:XPDUSD,2019-08-05T01:37:00+02:00,1403.350,1403.350,1403.350,1403.350,1
SQ:XPDUSD,2019-08-05T01:38:00+02:00,1403.340,1403.340,1403.320,1403.320,2
SQ:XPDUSD,2019-08-05T01:39:00+02:00,1406.450,1406.450,1406.450,1406.450,1
SQ:XPDUSD,2019-08-05T01:40:00+02:00,1406.640,1406.640,1406.500,1406.500,2
SQ:XPDUSD,2019-08-05T01:41:00+02:00,1406.500,1406.500,1406.500,1406.500,1
SQ:XPDUSD,2019-08-05T01:43:00+02:00,1406.500,1406.500,1406.500,1406.500,1
SQ:XPDUSD,2019-08-05T01:44:00+02:00,1402.110,1402.110,1402.110,1402.110,1
SQ:XPDUSD,2019-08-05T01:45:00+02:00,1402.150,1407.210,1402.150,1407.210,6
SQ:XPDUSD,2019-08-05T01:46:00+02:00,1407.210,1407.210,1407.210,1407.210,1
SQ:XPDUSD,2019-08-05T01:48:00+02:00,1407.290,1407.290,1407.160,1407.160,2
SQ:XPDUSD,2019-08-05T01:50:00+02:00,1403.640,1403.640,1403.640,1403.640,1
SQ:XPDUSD,2019-08-05T01:51:00+02:00,1403.630,1403.630,1403.630,1403.630,1
SQ:XPDUSD,2019-08-05T01:52:00+02:00,1403.560,1403.560,1403.560,1403.560,1
SQ:XPDUSD,2019-08-05T01:53:00+02:00,1406.950,1406.950,1406.950,1406.950,1
SQ:XPDUSD,2019-08-05T01:55:00+02:00,1403.400,1403.400,1403.400,1403.400,1
SQ:XPDUSD,2019-08-05T01:56:00+02:00,1403.390,1403.390,1403.380,1403.380,2
SQ:XPDUSD,2019-08-05T01:57:00+02:00,1403.370,1403.370,1403.370,1403.370,1
SQ:XPDUSD,2019-08-05T01:58:00+02:00,1406.940,1406.940,1405.960,1405.960,3
SQ:XPDUSD,2019-08-05T02:01:00+02:00,1406.150,1406.150,1406.010,1406.090,18
SQ:XPDUSD,2019-08-05T02:03:00+02:00,1402.370,1406.090,1402.370,1406.090,2
SQ:XPDUSD,2019-08-05T02:04:00+02:00,1405.830,1405.830,1404.780,1404.780,3
SQ:XPDUSD,2019-08-05T02:05:00+02:00,1404.880,1405.410,1404.880,1404.920,10
SQ:XPDUSD,2019-08-05T02:06:00+02:00,1404.550,1404.550,1403.640,1403.820,14
SQ:XPDUSD,2019-08-05T02:07:00+02:00,1403.910,1404.350,1403.910,1404.350,6
SQ:XPDUSD,2019-08-05T02:08:00+02:00,1404.320,1404.320,1404.320,1404.320,1
SQ:XPDUSD,2019-08-05T02:09:00+02:00,1404.420,1404.420,1404.420,1404.420,1
SQ:XPDUSD,2019-08-05T02:10:00+02:00,1404.360,1404.460,1404.360,1404.460,3
SQ:XPDUSD,2019-08-05T02:12:00+02:00,1401.090,1401.120,1401.090,1401.120,4
SQ:XPDUSD,2019-08-05T02:13:00+02:00,1401.130,1401.230,1401.130,1401.230,3
SQ:XPDUSD,2019-08-05T02:14:00+02:00,1404.500,1404.500,1404.500,1404.500,1
SQ:XPDUSD,2019-08-05T02:15:00+02:00,1401.230,1401.230,1401.230,1401.230,1
SQ:XPDUSD,2019-08-05T02:16:00+02:00,1401.330,1404.650,1401.330,1404.650,2
SQ:XPDUSD,2019-08-05T02:17:00+02:00,1404.650,1404.650,1404.420,1404.460,5
SQ:XPDUSD,2019-08-05T02:18:00+02:00,1404.460,1404.550,1404.360,1404.400,14
SQ:XPDUSD,2019-08-05T02:19:00+02:00,1404.400,1404.590,1404.390,1404.390,7
SQ:XPDUSD,2019-08-05T02:20:00+02:00,1404.390,1404.390,1404.390,1404.390,1
SQ:XPDUSD,2019-08-05T02:21:00+02:00,1404.390,1404.390,1401.380,1401.380,2
SQ:XPDUSD,2019-08-05T02:22:00+02:00,1401.340,1401.380,1401.340,1401.370,4
SQ:XPDUSD,2019-08-05T02:23:00+02:00,1401.330,1401.360,1401.280,1401.280,4
SQ:XPDUSD,2019-08-05T02:24:00+02:00,1404.130,1404.130,1404.130,1404.130,1
SQ:XPDUSD,2019-08-05T02:25:00+02:00,1404.130,1404.460,1404.130,1404.460,2
SQ:XPDUSD,2019-08-05T02:26:00+02:00,1404.460,1405.150,1404.460,1405.060,4
SQ:XPDUSD,2019-08-05T02:27:00+02:00,1405.060,1405.210,1405.060,1405.160,5
SQ:XPDUSD,2019-08-05T02:28:00+02:00,1405.160,1405.160,1404.620,1404.620,2
SQ:XPDUSD,2019-08-05T02:29:00+02:00,1404.620,1404.620,1404.620,1404.620,1
SQ:XPDUSD,2019-08-05T02:30:00+02:00,1401.450,1404.990,1401.450,1404.890,4
SQ:XPDUSD,2019-08-05T02:31:00+02:00,1404.890,1404.890,1401.630,1401.630,2
SQ:XPDUSD,2019-08-05T02:32:00+02:00,1401.600,1404.990,1401.600,1404.990,4
SQ:XPDUSD,2019-08-05T02:33:00+02:00,1404.990,1405.060,1404.990,1405.050,3
SQ:XPDUSD,2019-08-05T02:34:00+02:00,1405.040,1405.040,1404.960,1405.000,11
SQ:XPDUSD,2019-08-05T02:35:00+02:00,1405.000,1405.080,1404.930,1405.000,17
SQ:XPDUSD,2019-08-05T02:36:00+02:00,1404.920,1404.920,1404.920,1404.920,1
SQ:XPDUSD,2019-08-05T02:38:00+02:00,1401.840,1401.890,1401.840,1401.860,8
SQ:XPDUSD,2019-08-05T02:39:00+02:00,1401.860,1405.320,1401.860,1404.900,11
SQ:XPDUSD,2019-08-05T02:40:00+02:00,1405.030,1405.030,1404.690,1404.840,15
SQ:XPDUSD,2019-08-05T02:41:00+02:00,1404.840,1404.930,1404.770,1404.890,20
SQ:XPDUSD,2019-08-05T02:42:00+02:00,1404.880,1404.930,1404.850,1404.930,14
SQ:XPDUSD,2019-08-05T02:43:00+02:00,1404.930,1404.930,1404.610,1404.680,27
SQ:XPDUSD,2019-08-05T02:44:00+02:00,1404.670,1404.740,1404.600,1404.670,17
SQ:XPDUSD,2019-08-05T02:45:00+02:00,1404.670,1404.670,1404.580,1404.630,15
SQ:XPDUSD,2019-08-05T02:46:00+02:00,1404.630,1404.700,1404.630,1404.660,3
SQ:XPDUSD,2019-08-05T02:47:00+02:00,1404.660,1404.690,1404.640,1404.640,3
SQ:XPDUSD,2019-08-05T02:48:00+02:00,1404.640,1404.970,1404.630,1404.970,4
SQ:XPDUSD,2019-08-05T02:49:00+02:00,1404.970,1404.970,1401.730,1401.730,2
SQ:XPDUSD,2019-08-05T02:50:00+02:00,1401.730,1401.730,1401.720,1401.720,2
SQ:XPDUSD,2019-08-05T02:51:00+02:00,1404.960,1404.960,1404.830,1404.830,2
SQ:XPDUSD,2019-08-05T02:52:00+02:00,1404.830,1404.830,1404.830,1404.830,1
SQ:XPDUSD,2019-08-05T02:53:00+02:00,1404.900,1405.920,1404.900,1405.810,9
SQ:XPDUSD,2019-08-05T02:54:00+02:00,1405.750,1405.750,1405.750,1405.750,1
SQ:XPDUSD,2019-08-05T02:55:00+02:00,1405.540,1406.190,1405.480,1405.510,7
SQ:XPDUSD,2019-08-05T02:56:00+02:00,1405.510,1405.510,1405.510,1405.510,1
SQ:XPDUSD,2019-08-05T02:57:00+02:00,1405.510,1405.510,1402.630,1402.630,2
SQ:XPDUSD,2019-08-05T02:58:00+02:00,1402.570,1405.370,1402.570,1405.370,3
SQ:XPDUSD,2019-08-05T02:59:00+02:00,1405.370,1405.370,1405.270,1405.370,9
SQ:XPDUSD,2019-08-05T03:00:00+02:00,1405.340,1405.960,1405.340,1405.870,35
SQ:XPDUSD,2019-08-05T03:01:00+02:00,1405.900,1405.930,1405.610,1405.930,31
SQ:XPDUSD,2019-08-05T03:02:00+02:00,1405.930,1406.170,1405.730,1405.830,14
SQ:XPDUSD,2019-08-05T03:03:00+02:00,1405.750,1405.920,1405.730,1405.850,8
SQ:XPDUSD,2019-08-05T03:04:00+02:00,1405.780,1405.910,1405.770,1405.860,26
SQ:XPDUSD,2019-08-05T03:05:00+02:00,1405.820,1405.860,1405.730,1405.830,7
SQ:XPDUSD,2019-08-05T03:06:00+02:00,1405.850,1405.960,1405.780,1405.900,15
SQ:XPDUSD,2019-08-05T03:07:00+02:00,1405.870,1405.950,1405.800,1405.850,30
SQ:XPDUSD,2019-08-05T03:08:00+02:00,1405.850,1405.930,1405.850,1405.930,18
SQ:XPDUSD,2019-08-05T03:09:00+02:00,1405.970,1406.060,1405.870,1405.920,23
SQ:XPDUSD,2019-08-05T03:10:00+02:00,1405.880,1406.010,1405.880,1405.970,7
SQ:XPDUSD,2019-08-05T03:11:00+02:00,1405.950,1406.090,1405.910,1406.090,9
SQ:XPDUSD,2019-08-05T03:12:00+02:00,1406.090,1406.110,1405.900,1405.900,13
SQ:XPDUSD,2019-08-05T03:13:00+02:00,1405.940,1406.180,1405.870,1405.930,15
SQ:XPDUSD,2019-08-05T03:14:00+02:00,1405.890,1406.100,1405.880,1405.940,8
SQ:XPDUSD,2019-08-05T03:15:00+02:00,1406.090,1406.090,1400.870,1400.870,30
SQ:XPDUSD,2019-08-05T03:16:00+02:00,1400.720,1401.920,1400.180,1401.760,20
SQ:XPDUSD,2019-08-05T03:17:00+02:00,1401.760,1401.840,1401.600,1401.600,17
SQ:XPDUSD,2019-08-05T03:18:00+02:00,1401.610,1401.790,1401.430,1401.670,46
SQ:XPDUSD,2019-08-05T03:19:00+02:00,1401.730,1401.730,1401.470,1401.500,11
SQ:XPDUSD,2019-08-05T03:20:00+02:00,1401.580,1401.580,1401.250,1401.330,19
SQ:XPDUSD,2019-08-05T03:21:00+02:00,1401.330,1401.450,1401.270,1401.370,51
SQ:XPDUSD,2019-08-05T03:22:00+02:00,1401.430,1401.430,1401.250,1401.250,18
SQ:XPDUSD,2019-08-05T03:23:00+02:00,1401.250,1401.420,1401.250,1401.310,5
SQ:XPDUSD,2019-08-05T03:24:00+02:00,1401.380,1401.410,1401.300,1401.410,15
SQ:XPDUSD,2019-08-05T03:25:00+02:00,1401.410,1401.440,1401.240,1401.370,34
SQ:XPDUSD,2019-08-05T03:26:00+02:00,1401.260,1401.320,1400.910,1401.320,5
SQ:XPDUSD,2019-08-05T03:27:00+02:00,1401.320,1401.320,1401.100,1401.110,14
SQ:XPDUSD,2019-08-05T03:28:00+02:00,1401.200,1401.670,1401.030,1401.030,19
SQ:XPDUSD,2019-08-05T03:29:00+02:00,1401.030,1401.380,1400.830,1400.990,9
SQ:XPDUSD,2019-08-05T03:30:00+02:00,1400.990,1401.800,1400.920,1401.500,18
SQ:XPDUSD,2019-08-05T03:31:00+02:00,1401.520,1401.570,1401.380,1401.430,31
SQ:XPDUSD,2019-08-05T03:32:00+02:00,1401.430,1401.610,1401.390,1401.610,27
SQ:XPDUSD,2019-08-05T03:33:00+02:00,1401.580,1401.600,1400.900,1401.240,29
SQ:XPDUSD,2019-08-05T03:34:00+02:00,1401.120,1401.270,1400.910,1401.020,17
SQ:XPDUSD,2019-08-05T03:35:00+02:00,1401.020,1401.020,1396.920,1397.230,30
SQ:XPDUSD,2019-08-05T03:36:00+02:00,1397.230,1398.340,1396.750,1396.750,34
SQ:XPDUSD,2019-08-05T03:37:00+02:00,1396.750,1397.250,1395.370,1396.650,37
SQ:XPDUSD,2019-08-05T03:38:00+02:00,1396.650,1397.960,1396.650,1397.540,43
SQ:XPDUSD,2019-08-05T03:39:00+02:00,1397.540,1398.520,1396.520,1398.520,7
SQ:XPDUSD,2019-08-05T03:40:00+02:00,1398.520,1398.520,1396.990,1396.990,5
SQ:XPDUSD,2019-08-05T03:41:00+02:00,1396.990,1399.140,1396.990,1399.010,35
SQ:XPDUSD,2019-08-05T03:42:00+02:00,1399.010,1401.090,1399.010,1399.920,38
SQ:XPDUSD,2019-08-05T03:43:00+02:00,1399.960,1400.110,1399.120,1399.120,27
SQ:XPDUSD,2019-08-05T03:44:00+02:00,1399.120,1399.590,1398.500,1398.530,50
SQ:XPDUSD,2019-08-05T03:45:00+02:00,1398.570,1398.640,1397.330,1397.790,28
SQ:XPDUSD,2019-08-05T03:46:00+02:00,1397.790,1397.790,1396.620,1396.630,43
SQ:XPDUSD,2019-08-05T03:47:00+02:00,1396.650,1396.760,1395.270,1395.910,72
SQ:XPDUSD,2019-08-05T03:48:00+02:00,1395.910,1395.940,1395.470,1395.580,18
SQ:XPDUSD,2019-08-05T03:49:00+02:00,1395.580,1395.960,1395.540,1395.930,5
SQ:XPDUSD,2019-08-05T03:50:00+02:00,1396.340,1396.350,1396.330,1396.350,3
SQ:XPDUSD,2019-08-05T03:51:00+02:00,1396.350,1396.390,1396.270,1396.270,4
SQ:XPDUSD,2019-08-05T03:52:00+02:00,1396.270,1396.290,1396.000,1396.050,10
SQ:XPDUSD,2019-08-05T03:53:00+02:00,1396.050,1396.050,1395.680,1395.690,7
SQ:XPDUSD,2019-08-05T03:54:00+02:00,1395.690,1395.840,1395.620,1395.790,29
SQ:XPDUSD,2019-08-05T03:55:00+02:00,1395.800,1395.800,1395.780,1395.780,2
SQ:XPDUSD,2019-08-05T03:56:00+02:00,1392.860,1392.860,1392.860,1392.860,1
SQ:XPDUSD,2019-08-05T03:57:00+02:00,1392.850,1395.790,1392.850,1395.790,13
SQ:XPDUSD,2019-08-05T03:58:00+02:00,1395.790,1395.830,1395.760,1395.810,22
SQ:XPDUSD,2019-08-05T03:59:00+02:00,1395.800,1395.880,1395.790,1395.810,19
SQ:XPDUSD,2019-08-05T04:00:00+02:00,1395.810,1395.880,1395.130,1395.130,15
SQ:XPDUSD,2019-08-05T04:01:00+02:00,1395.130,1395.180,1395.060,1395.060,6
SQ:XPDUSD,2019-08-05T04:02:00+02:00,1395.060,1395.140,1394.970,1395.140,28
SQ:XPDUSD,2019-08-05T04:04:00+02:00,1395.200,1395.650,1395.150,1395.150,6
SQ:XPDUSD,2019-08-05T04:05:00+02:00,1395.150,1395.470,1394.990,1395.400,17
SQ:XPDUSD,2019-08-05T04:06:00+02:00,1395.500,1395.500,1395.250,1395.340,29
SQ:XPDUSD,2019-08-05T04:07:00+02:00,1395.380,1395.760,1395.350,1395.760,46
SQ:XPDUSD,2019-08-05T04:08:00+02:00,1395.700,1395.700,1395.320,1395.510,25
SQ:XPDUSD,2019-08-05T04:09:00+02:00,1395.510,1395.510,1395.510,1395.510,1
SQ:XPDUSD,2019-08-05T04:10:00+02:00,1395.370,1395.450,1395.370,1395.370,5
SQ:XPDUSD,2019-08-05T04:11:00+02:00,1395.390,1395.480,1395.320,1395.410,24
SQ:XPDUSD,2019-08-05T04:12:00+02:00,1395.340,1395.410,1395.330,1395.340,12
SQ:XPDUSD,2019-08-05T04:13:00+02:00,1395.340,1395.340,1392.450,1392.450,3
SQ:XPDUSD,2019-08-05T04:14:00+02:00,1395.150,1395.150,1395.130,1395.130,2
SQ:XPDUSD,2019-08-05T04:15:00+02:00,1395.150,1395.150,1395.150,1395.150,1
SQ:XPDUSD,2019-08-05T04:17:00+02:00,1395.210,1395.210,1392.400,1394.480,5
SQ:XPDUSD,2019-08-05T04:18:00+02:00,1394.480,1395.120,1394.480,1395.070,34
SQ:XPDUSD,2019-08-05T04:19:00+02:00,1395.070,1395.100,1395.040,1395.040,5
SQ:XPDUSD,2019-08-05T04:20:00+02:00,1392.420,1392.420,1392.420,1392.420,1
SQ:XPDUSD,2019-08-05T04:21:00+02:00,1392.420,1395.840,1392.420,1395.840,6
SQ:XPDUSD,2019-08-05T04:22:00+02:00,1395.700,1395.700,1395.550,1395.550,2
SQ:XPDUSD,2019-08-05T04:23:00+02:00,1395.550,1395.550,1395.520,1395.520,2
SQ:XPDUSD,2019-08-05T04:24:00+02:00,1395.520,1395.520,1393.020,1393.020,2
SQ:XPDUSD,2019-08-05T04:25:00+02:00,1393.030,1393.040,1393.030,1393.040,2
SQ:XPDUSD,2019-08-05T04:26:00+02:00,1393.050,1395.560,1388.740,1395.250,9
SQ:XPDUSD,2019-08-05T04:27:00+02:00,1395.250,1395.430,1395.240,1395.240,4
SQ:XPDUSD,2019-08-05T04:28:00+02:00,1395.240,1395.240,1395.240,1395.240,1
SQ:XPDUSD,2019-08-05T04:29:00+02:00,1395.240,1395.240,1392.820,1392.970,9
SQ:XPDUSD,2019-08-05T04:30:00+02:00,1392.860,1392.960,1392.820,1392.820,7
SQ:XPDUSD,2019-08-05T04:31:00+02:00,1392.810,1392.910,1392.810,1392.910,6
SQ:XPDUSD,2019-08-05T04:32:00+02:00,1392.920,1395.480,1392.920,1395.360,6
SQ:XPDUSD,2019-08-05T04:33:00+02:00,1395.430,1395.460,1394.650,1394.670,15
SQ:XPDUSD,2019-08-05T04:34:00+02:00,1394.670,1394.670,1394.600,1394.620,21
SQ:XPDUSD,2019-08-05T04:35:00+02:00,1394.740,1394.940,1394.570,1394.860,11
SQ:XPDUSD,2019-08-05T04:36:00+02:00,1394.750,1395.150,1394.750,1394.880,8
SQ:XPDUSD,2019-08-05T04:37:00+02:00,1394.870,1396.890,1394.850,1396.550,22
SQ:XPDUSD,2019-08-05T04:38:00+02:00,1396.480,1397.490,1396.480,1397.470,6
SQ:XPDUSD,2019-08-05T04:39:00+02:00,1397.740,1397.740,1397.740,1397.740,1
SQ:XPDUSD,2019-08-05T04:40:00+02:00,1397.800,1398.840,1397.800,1398.840,8
SQ:XPDUSD,2019-08-05T04:41:00+02:00,1398.930,1398.990,1398.530,1398.530,11
SQ:XPDUSD,2019-08-05T04:42:00+02:00,1398.530,1398.750,1398.280,1398.500,11
SQ:XPDUSD,2019-08-05T04:43:00+02:00,1398.570,1398.690,1398.170,1398.170,13
SQ:XPDUSD,2019-08-05T04:44:00+02:00,1398.170,1398.170,1397.660,1398.120,8
SQ:XPDUSD,2019-08-05T04:45:00+02:00,1398.020,1399.380,1397.940,1398.600,17
SQ:XPDUSD,2019-08-05T04:46:00+02:00,1398.750,1398.850,1398.410,1398.420,10
SQ:XPDUSD,2019-08-05T04:47:00+02:00,1398.380,1398.380,1398.240,1398.360,5
SQ:XPDUSD,2019-08-05T04:48:00+02:00,1398.550,1399.270,1398.550,1399.230,7
SQ:XPDUSD,2019-08-05T04:49:00+02:00,1399.240,1399.310,1399.130,1399.200,10
SQ:XPDUSD,2019-08-05T04:50:00+02:00,1399.220,1399.340,1399.170,1399.250,9
SQ:XPDUSD,2019-08-05T04:51:00+02:00,1399.300,1400.230,1399.300,1400.230,8
SQ:XPDUSD,2019-08-05T04:52:00+02:00,1400.100,1401.120,1399.980,1401.120,20
SQ:XPDUSD,2019-08-05T04:53:00+02:00,1401.220,1401.470,1401.190,1401.450,15
SQ:XPDUSD,2019-08-05T04:54:00+02:00,1401.450,1401.630,1401.330,1401.330,11
SQ:XPDUSD,2019-08-05T04:55:00+02:00,1401.600,1402.010,1401.600,1401.870,5
SQ:XPDUSD,2019-08-05T04:56:00+02:00,1401.890,1402.590,1401.750,1402.480,8
SQ:XPDUSD,2019-08-05T04:57:00+02:00,1402.480,1403.410,1401.600,1402.380,19
SQ:XPDUSD,2019-08-05T04:58:00+02:00,1402.470,1402.470,1402.470,1402.470,1
SQ:XPDUSD,2019-08-05T04:59:00+02:00,1402.690,1402.690,1402.500,1402.500,2
SQ:XPDUSD,2019-08-05T05:00:00+02:00,1402.500,1402.500,1402.260,1402.260,4
SQ:XPDUSD,2019-08-05T05:01:00+02:00,1402.360,1402.360,1402.360,1402.360,1
SQ:XPDUSD,2019-08-05T05:02:00+02:00,1402.470,1402.470,1402.360,1402.360,5
SQ:XPDUSD,2019-08-05T05:03:00+02:00,1402.360,1402.460,1402.350,1402.360,4
SQ:XPDUSD,2019-08-05T05:05:00+02:00,1402.540,1403.370,1402.540,1403.090,41
SQ:XPDUSD,2019-08-05T05:06:00+02:00,1403.090,1403.140,1403.090,1403.140,2
SQ:XPDUSD,2019-08-05T05:07:00+02:00,1403.140,1403.140,1400.090,1400.090,2
SQ:XPDUSD,2019-08-05T05:08:00+02:00,1400.080,1403.050,1400.070,1403.050,10
SQ:XPDUSD,2019-08-05T05:09:00+02:00,1402.980,1403.090,1402.940,1403.090,4
SQ:XPDUSD,2019-08-05T05:10:00+02:00,1403.000,1403.150,1402.980,1403.150,7
SQ:XPDUSD,2019-08-05T05:11:00+02:00,1403.070,1403.070,1403.000,1403.030,4
SQ:XPDUSD,2019-08-05T05:12:00+02:00,1402.980,1402.980,1402.980,1402.980,1
SQ:XPDUSD,2019-08-05T05:13:00+02:00,1403.030,1403.070,1402.990,1403.070,5
SQ:XPDUSD,2019-08-05T05:14:00+02:00,1403.070,1403.760,1402.850,1403.190,5
SQ:XPDUSD,2019-08-05T05:15:00+02:00,1403.190,1403.190,1402.780,1402.880,7
SQ:XPDUSD,2019-08-05T05:16:00+02:00,1402.880,1402.960,1402.830,1402.910,30
SQ:XPDUSD,2019-08-05T05:17:00+02:00,1402.910,1402.950,1402.810,1402.910,7
SQ:XPDUSD,2019-08-05T05:18:00+02:00,1402.900,1402.980,1401.800,1401.800,8
SQ:XPDUSD,2019-08-05T05:19:00+02:00,1401.800,1401.800,1401.800,1401.800,1
SQ:XPDUSD,2019-08-05T05:20:00+02:00,1401.840,1401.840,1401.430,1401.430,3
SQ:XPDUSD,2019-08-05T05:21:00+02:00,1401.430,1401.430,1398.960,1398.960,2
SQ:XPDUSD,2019-08-05T05:22:00+02:00,1398.960,1398.980,1398.960,1398.980,3
SQ:XPDUSD,2019-08-05T05:23:00+02:00,1398.980,1399.000,1398.980,1399.000,3
SQ:XPDUSD,2019-08-05T05:24:00+02:00,1399.000,1401.400,1398.910,1401.400,6
SQ:XPDUSD,2019-08-05T05:25:00+02:00,1401.400,1401.950,1401.400,1401.860,12
SQ:XPDUSD,2019-08-05T05:26:00+02:00,1401.860,1401.900,1401.750,1401.900,9
SQ:XPDUSD,2019-08-05T05:27:00+02:00,1401.790,1402.790,1401.780,1402.750,14
SQ:XPDUSD,2019-08-05T05:28:00+02:00,1402.760,1403.230,1402.650,1403.230,12
SQ:XPDUSD,2019-08-05T05:29:00+02:00,1403.230,1403.770,1403.230,1403.770,2
SQ:XPDUSD,2019-08-05T05:30:00+02:00,1403.770,1403.890,1403.760,1403.850,4
SQ:XPDUSD,2019-08-05T05:31:00+02:00,1403.850,1404.690,1403.850,1404.630,5
SQ:XPDUSD,2019-08-05T05:32:00+02:00,1404.630,1404.710,1404.590,1404.590,3
SQ:XPDUSD,2019-08-05T05:33:00+02:00,1404.590,1405.050,1403.900,1404.420,11
SQ:XPDUSD,2019-08-05T05:34:00+02:00,1404.420,1404.420,1404.420,1404.420,1
SQ:XPDUSD,2019-08-05T05:35:00+02:00,1404.420,1404.670,1404.420,1404.670,2
SQ:XPDUSD,2019-08-05T05:36:00+02:00,1404.670,1404.670,1404.640,1404.640,2
SQ:XPDUSD,2019-08-05T05:37:00+02:00,1404.640,1404.640,1404.640,1404.640,1
SQ:XPDUSD,2019-08-05T05:38:00+02:00,1401.610,1405.600,1401.580,1405.600,5
SQ:XPDUSD,2019-08-05T05:39:00+02:00,1404.740,1405.620,1404.740,1405.620,2
SQ:XPDUSD,2019-08-05T05:40:00+02:00,1405.620,1406.510,1405.620,1406.500,8
SQ:XPDUSD,2019-08-05T05:41:00+02:00,1406.550,1406.560,1406.520,1406.560,5
SQ:XPDUSD,2019-08-05T05:42:00+02:00,1406.550,1406.740,1406.550,1406.700,7
SQ:XPDUSD,2019-08-05T05:43:00+02:00,1406.700,1406.700,1406.580,1406.580,3
SQ:XPDUSD,2019-08-05T05:44:00+02:00,1406.680,1406.740,1406.530,1406.680,16
SQ:XPDUSD,2019-08-05T05:45:00+02:00,1406.650,1406.650,1406.650,1406.650,1
SQ:XPDUSD,2019-08-05T05:46:00+02:00,1406.650,1406.930,1406.640,1406.930,14
SQ:XPDUSD,2019-08-05T05:47:00+02:00,1406.870,1406.870,1406.870,1406.870,1
SQ:XPDUSD,2019-08-05T05:48:00+02:00,1406.870,1407.950,1406.870,1407.950,2
SQ:XPDUSD,2019-08-05T05:49:00+02:00,1407.950,1407.950,1407.760,1407.870,8
SQ:XPDUSD,2019-08-05T05:50:00+02:00,1407.800,1408.320,1407.800,1408.320,5
SQ:XPDUSD,2019-08-05T05:51:00+02:00,1408.320,1409.250,1408.320,1409.250,5
SQ:XPDUSD,2019-08-05T05:52:00+02:00,1409.390,1409.560,1409.390,1409.420,7
SQ:XPDUSD,2019-08-05T05:53:00+02:00,1408.800,1408.800,1407.040,1407.150,7
SQ:XPDUSD,2019-08-05T05:54:00+02:00,1407.180,1407.210,1407.080,1407.130,14
SQ:XPDUSD,2019-08-05T05:55:00+02:00,1407.130,1407.140,1407.040,1407.070,6
SQ:XPDUSD,2019-08-05T05:56:00+02:00,1407.030,1407.070,1407.020,1407.060,5
SQ:XPDUSD,2019-08-05T05:57:00+02:00,1406.950,1407.150,1406.920,1407.010,12
SQ:XPDUSD,2019-08-05T05:58:00+02:00,1406.980,1407.130,1406.940,1407.110,8
SQ:XPDUSD,2019-08-05T05:59:00+02:00,1407.150,1407.150,1406.650,1406.660,8
SQ:XPDUSD,2019-08-05T06:00:00+02:00,1406.640,1406.640,1406.580,1406.580,2
SQ:XPDUSD,2019-08-05T06:01:00+02:00,1406.580,1406.580,1406.290,1406.290,2
SQ:XPDUSD,2019-08-05T06:02:00+02:00,1406.260,1406.320,1406.150,1406.150,6
SQ:XPDUSD,2019-08-05T06:03:00+02:00,1406.120,1406.120,1406.010,1406.060,5
SQ:XPDUSD,2019-08-05T06:04:00+02:00,1405.990,1406.030,1405.990,1406.030,5
SQ:XPDUSD,2019-08-05T06:05:00+02:00,1406.090,1406.280,1406.090,1406.280,10
SQ:XPDUSD,2019-08-05T06:06:00+02:00,1406.280,1407.940,1406.160,1407.900,6
SQ:XPDUSD,2019-08-05T06:07:00+02:00,1408.070,1408.810,1408.070,1408.810,2
SQ:XPDUSD,2019-08-05T06:08:00+02:00,1408.810,1408.810,1408.810,1408.810,1
SQ:XPDUSD,2019-08-05T06:09:00+02:00,1408.810,1408.810,1406.150,1406.150,2
SQ:XPDUSD,2019-08-05T06:10:00+02:00,1406.140,1406.140,1406.130,1406.130,2
SQ:XPDUSD,2019-08-05T06:11:00+02:00,1406.120,1406.120,1406.110,1406.110,2
SQ:XPDUSD,2019-08-05T06:12:00+02:00,1408.800,1408.800,1408.800,1408.800,1
SQ:XPDUSD,2019-08-05T06:13:00+02:00,1408.800,1408.800,1408.800,1408.800,1
SQ:XPDUSD,2019-08-05T06:14:00+02:00,1408.800,1408.800,1408.800,1408.800,1
SQ:XPDUSD,2019-08-05T06:15:00+02:00,1409.030,1409.030,1409.030,1409.030,1
SQ:XPDUSD,2019-08-05T06:17:00+02:00,1405.870,1405.880,1405.870,1405.880,2
SQ:XPDUSD,2019-08-05T06:18:00+02:00,1405.890,1405.890,1405.890,1405.890,1
SQ:XPDUSD,2019-08-05T06:20:00+02:00,1405.900,1409.110,1405.900,1409.110,2
SQ:XPDUSD,2019-08-05T06:22:00+02:00,1405.900,1405.900,1405.900,1405.900,1
SQ:XPDUSD,2019-08-05T06:23:00+02:00,1406.010,1409.650,1406.010,1409.650,4
SQ:XPDUSD,2019-08-05T06:24:00+02:00,1409.620,1411.830,1409.620,1411.830,8
SQ:XPDUSD,2019-08-05T06:25:00+02:00,1411.820,1412.070,1411.820,1412.070,3
SQ:XPDUSD,2019-08-05T06:27:00+02:00,1411.400,1411.400,1411.060,1411.060,2
SQ:XPDUSD,2019-08-05T06:28:00+02:00,1410.990,1410.990,1410.880,1410.880,4
SQ:XPDUSD,2019-08-05T06:29:00+02:00,1410.880,1410.880,1410.640,1410.750,6
SQ:XPDUSD,2019-08-05T06:30:00+02:00,1410.750,1411.360,1410.750,1411.160,4
SQ:XPDUSD,2019-08-05T06:31:00+02:00,1411.160,1411.160,1411.160,1411.160,1
SQ:XPDUSD,2019-08-05T06:32:00+02:00,1411.160,1411.160,1408.300,1408.300,3
SQ:XPDUSD,2019-08-05T06:33:00+02:00,1408.290,1408.290,1408.250,1408.250,5
SQ:XPDUSD,2019-08-05T06:34:00+02:00,1408.250,1411.080,1407.940,1411.080,4
SQ:XPDUSD,2019-08-05T06:35:00+02:00,1411.080,1411.080,1411.040,1411.040,2
SQ:XPDUSD,2019-08-05T06:37:00+02:00,1411.250,1411.790,1409.680,1409.680,4
SQ:XPDUSD,2019-08-05T06:38:00+02:00,1409.500,1409.590,1409.500,1409.590,2
SQ:XPDUSD,2019-08-05T06:39:00+02:00,1409.610,1409.610,1409.610,1409.610,1
SQ:XPDUSD,2019-08-05T06:40:00+02:00,1409.610,1409.610,1406.280,1406.320,6
SQ:XPDUSD,2019-08-05T06:41:00+02:00,1406.340,1409.690,1406.340,1409.690,6
SQ:XPDUSD,2019-08-05T06:42:00+02:00,1409.690,1409.690,1409.690,1409.690,1
SQ:XPDUSD,2019-08-05T06:43:00+02:00,1409.690,1409.690,1406.490,1406.510,4
SQ:XPDUSD,2019-08-05T06:44:00+02:00,1406.520,1406.570,1406.520,1406.570,2
SQ:XPDUSD,2019-08-05T06:45:00+02:00,1409.750,1409.750,1409.750,1409.750,1
SQ:XPDUSD,2019-08-05T06:46:00+02:00,1409.750,1409.750,1406.610,1406.610,2
SQ:XPDUSD,2019-08-05T06:47:00+02:00,1406.620,1406.620,1406.620,1406.620,1
SQ:XPDUSD,2019-08-05T06:48:00+02:00,1406.630,1406.630,1406.630,1406.630,1
SQ:XPDUSD,2019-08-05T06:49:00+02:00,1409.630,1409.630,1409.630,1409.630,1
SQ:XPDUSD,2019-08-05T06:51:00+02:00,1409.630,1409.630,1409.630,1409.630,1
SQ:XPDUSD,2019-08-05T06:52:00+02:00,1406.640,1406.640,1406.640,1406.640,1
SQ:XPDUSD,2019-08-05T06:54:00+02:00,1409.630,1409.630,1409.630,1409.630,1
SQ:XPDUSD,2019-08-05T06:57:00+02:00,1406.640,1406.640,1406.640,1406.640,1
SQ:XPDUSD,2019-08-05T06:59:00+02:00,1409.630,1409.630,1409.630,1409.630,1
SQ:XPDUSD,2019-08-05T07:00:00+02:00,1409.630,1409.810,1409.630,1409.810,2
SQ:XPDUSD,2019-08-05T07:02:00+02:00,1409.810,1409.810,1409.810,1409.810,1
SQ:XPDUSD,2019-08-05T07:04:00+02:00,1406.580,1406.580,1406.580,1406.580,1
SQ:XPDUSD,2019-08-05T07:05:00+02:00,1409.630,1409.700,1409.460,1409.700,3
SQ:XPDUSD,2019-08-05T07:06:00+02:00,1409.700,1409.700,1409.700,1409.700,1
SQ:XPDUSD,2019-08-05T07:07:00+02:00,1410.040,1410.250,1410.040,1410.150,3
SQ:XPDUSD,2019-08-05T07:08:00+02:00,1410.150,1410.230,1410.050,1410.050,8
SQ:XPDUSD,2019-08-05T07:09:00+02:00,1410.150,1410.220,1410.050,1410.050,6
SQ:XPDUSD,2019-08-05T07:10:00+02:00,1410.150,1410.150,1410.040,1410.040,3
SQ:XPDUSD,2019-08-05T07:11:00+02:00,1406.620,1406.620,1406.620,1406.620,1
SQ:XPDUSD,2019-08-05T07:13:00+02:00,1406.630,1406.630,1406.630,1406.630,1
SQ:XPDUSD,2019-08-05T07:15:00+02:00,1410.150,1410.150,1410.150,1410.150,1
SQ:XPDUSD,2019-08-05T07:16:00+02:00,1409.980,1409.980,1409.980,1409.980,1
SQ:XPDUSD,2019-08-05T07:17:00+02:00,1410.070,1412.830,1410.070,1412.830,5
SQ:XPDUSD,2019-08-05T07:18:00+02:00,1412.830,1413.540,1412.830,1413.540,2
SQ:XPDUSD,2019-08-05T07:19:00+02:00,1413.540,1414.960,1413.540,1414.630,6
SQ:XPDUSD,2019-08-05T07:20:00+02:00,1414.630,1415.040,1414.400,1415.040,5
SQ:XPDUSD,2019-08-05T07:21:00+02:00,1414.980,1414.980,1414.570,1414.740,4
SQ:XPDUSD,2019-08-05T07:22:00+02:00,1414.740,1414.740,1414.740,1414.740,1
SQ:XPDUSD,2019-08-05T07:23:00+02:00,1411.670,1415.430,1411.670,1415.430,3
SQ:XPDUSD,2019-08-05T07:24:00+02:00,1415.430,1415.750,1414.840,1415.750,6
SQ:XPDUSD,2019-08-05T07:25:00+02:00,1416.040,1416.700,1416.040,1416.480,3
SQ:XPDUSD,2019-08-05T07:26:00+02:00,1416.120,1416.120,1416.120,1416.120,1
SQ:XPDUSD,2019-08-05T07:27:00+02:00,1416.120,1416.120,1415.260,1415.260,2
SQ:XPDUSD,2019-08-05T07:28:00+02:00,1415.260,1415.260,1415.260,1415.260,1
SQ:XPDUSD,2019-08-05T07:29:00+02:00,1415.260,1415.260,1414.830,1414.830,2
SQ:XPDUSD,2019-08-05T07:30:00+02:00,1414.830,1414.830,1414.830,1414.830,1
SQ:XPDUSD,2019-08-05T07:31:00+02:00,1414.830,1414.830,1412.360,1412.380,4
SQ:XPDUSD,2019-08-05T07:32:00+02:00,1412.380,1412.400,1412.380,1412.400,3
SQ:XPDUSD,2019-08-05T07:33:00+02:00,1412.390,1414.510,1412.390,1414.080,4
SQ:XPDUSD,2019-08-05T07:34:00+02:00,1413.820,1413.820,1413.820,1413.820,1
SQ:XPDUSD,2019-08-05T07:35:00+02:00,1413.820,1414.160,1413.820,1414.160,3
SQ:XPDUSD,2019-08-05T07:36:00+02:00,1414.160,1414.360,1414.160,1414.360,2
SQ:XPDUSD,2019-08-05T07:37:00+02:00,1414.360,1414.960,1414.350,1414.940,6
SQ:XPDUSD,2019-08-05T07:38:00+02:00,1414.940,1414.940,1414.940,1414.940,1
SQ:XPDUSD,2019-08-05T07:39:00+02:00,1414.940,1414.940,1412.750,1412.770,4
SQ:XPDUSD,2019-08-05T07:40:00+02:00,1412.780,1414.630,1412.710,1414.540,4
SQ:XPDUSD,2019-08-05T07:41:00+02:00,1414.540,1414.540,1414.540,1414.540,1
SQ:XPDUSD,2019-08-05T07:42:00+02:00,1414.540,1414.540,1412.600,1413.930,8
SQ:XPDUSD,2019-08-05T07:43:00+02:00,1413.870,1413.870,1413.700,1413.700,2
SQ:XPDUSD,2019-08-05T07:44:00+02:00,1413.700,1413.700,1413.050,1413.050,3
SQ:XPDUSD,2019-08-05T07:45:00+02:00,1413.050,1413.050,1409.930,1411.610,5
SQ:XPDUSD,2019-08-05T07:46:00+02:00,1411.660,1411.660,1408.080,1408.130,11
SQ:XPDUSD,2019-08-05T07:47:00+02:00,1408.130,1408.130,1408.130,1408.130,1
SQ:XPDUSD,2019-08-05T07:48:00+02:00,1408.130,1408.280,1407.960,1407.990,6
SQ:XPDUSD,2019-08-05T07:49:00+02:00,1407.990,1408.870,1407.990,1408.660,5
SQ:XPDUSD,2019-08-05T07:50:00+02:00,1408.660,1408.940,1408.660,1408.740,4
SQ:XPDUSD,2019-08-05T07:51:00+02:00,1408.740,1408.740,1406.280,1407.720,8
SQ:XPDUSD,2019-08-05T07:52:00+02:00,1407.730,1411.710,1407.730,1409.840,37
SQ:XPDUSD,2019-08-05T07:53:00+02:00,1409.840,1409.930,1408.280,1408.300,7
SQ:XPDUSD,2019-08-05T07:54:00+02:00,1408.300,1408.300,1407.330,1407.330,4
SQ:XPDUSD,2019-08-05T07:55:00+02:00,1407.330,1407.400,1407.250,1407.290,8
SQ:XPDUSD,2019-08-05T07:56:00+02:00,1407.290,1407.290,1406.820,1406.980,6
SQ:XPDUSD,2019-08-05T07:57:00+02:00,1406.980,1407.070,1406.920,1406.920,4
SQ:XPDUSD,2019-08-05T07:58:00+02:00,1406.920,1406.920,1406.920,1406.920,1
SQ:XPDUSD,2019-08-05T07:59:00+02:00,1406.920,1406.920,1406.200,1406.200,3
SQ:XPDUSD,2019-08-05T08:00:00+02:00,1406.140,1406.560,1405.870,1406.390,14
SQ:XPDUSD,2019-08-05T08:01:00+02:00,1406.380,1406.450,1406.340,1406.340,4
SQ:XPDUSD,2019-08-05T08:02:00+02:00,1406.340,1406.470,1406.280,1406.280,3
SQ:XPDUSD,2019-08-05T08:03:00+02:00,1406.380,1406.380,1406.000,1406.000,4
SQ:XPDUSD,2019-08-05T08:04:00+02:00,1406.110,1406.400,1406.110,1406.400,26
SQ:XPDUSD,2019-08-05T08:05:00+02:00,1406.310,1406.560,1406.310,1406.540,16
SQ:XPDUSD,2019-08-05T08:06:00+02:00,1407.100,1407.510,1406.820,1407.490,9
SQ:XPDUSD,2019-08-05T08:07:00+02:00,1407.850,1409.070,1407.850,1408.590,17
SQ:XPDUSD,2019-08-05T08:08:00+02:00,1408.590,1408.590,1408.150,1408.150,2
SQ:XPDUSD,2019-08-05T08:10:00+02:00,1405.190,1409.610,1405.180,1409.610,5
SQ:XPDUSD,2019-08-05T08:11:00+02:00,1409.710,1410.150,1409.690,1410.150,7
SQ:XPDUSD,2019-08-05T08:12:00+02:00,1410.150,1410.170,1410.150,1410.150,3
SQ:XPDUSD,2019-08-05T08:13:00+02:00,1409.970,1410.160,1409.900,1410.160,5
SQ:XPDUSD,2019-08-05T08:14:00+02:00,1410.160,1410.430,1409.680,1409.680,9
SQ:XPDUSD,2019-08-05T08:15:00+02:00,1409.540,1409.630,1408.810,1408.810,4
SQ:XPDUSD,2019-08-05T08:16:00+02:00,1408.810,1410.980,1408.810,1410.980,5
SQ:XPDUSD,2019-08-05T08:17:00+02:00,1411.030,1412.470,1410.900,1412.470,5
SQ:XPDUSD,2019-08-05T08:18:00+02:00,1412.470,1413.850,1412.470,1413.850,10
SQ:XPDUSD,2019-08-05T08:19:00+02:00,1413.850,1414.010,1413.660,1413.690,14
SQ:XPDUSD,2019-08-05T08:20:00+02:00,1413.520,1413.520,1413.520,1413.520,1
SQ:XPDUSD,2019-08-05T08:21:00+02:00,1413.550,1413.550,1412.620,1412.770,6
SQ:XPDUSD,2019-08-05T08:22:00+02:00,1412.700,1412.720,1412.620,1412.620,7
SQ:XPDUSD,2019-08-05T08:23:00+02:00,1412.650,1413.890,1412.650,1413.580,10
SQ:XPDUSD,2019-08-05T08:24:00+02:00,1413.580,1414.730,1413.580,1414.220,10
SQ:XPDUSD,2019-08-05T08:26:00+02:00,1411.440,1414.130,1411.430,1414.130,3
SQ:XPDUSD,2019-08-05T08:27:00+02:00,1414.130,1414.130,1414.130,1414.130,1
SQ:XPDUSD,2019-08-05T08:28:00+02:00,1414.200,1414.610,1414.200,1414.610,2
SQ:XPDUSD,2019-08-05T08:29:00+02:00,1414.610,1414.610,1413.720,1413.960,6
SQ:XPDUSD,2019-08-05T08:30:00+02:00,1413.960,1413.970,1413.920,1413.970,3
SQ:XPDUSD,2019-08-05T08:31:00+02:00,1413.970,1413.970,1413.970,1413.970,1
SQ:XPDUSD,2019-08-05T08:32:00+02:00,1413.970,1413.970,1412.330,1413.830,7
SQ:XPDUSD,2019-08-05T08:33:00+02:00,1413.820,1413.870,1413.820,1413.850,7
SQ:XPDUSD,2019-08-05T08:34:00+02:00,1413.850,1413.850,1413.850,1413.850,1
SQ:XPDUSD,2019-08-05T08:35:00+02:00,1413.890,1413.890,1413.890,1413.890,1
SQ:XPDUSD,2019-08-05T08:36:00+02:00,1413.890,1414.140,1413.890,1414.140,7
SQ:XPDUSD,2019-08-05T08:37:00+02:00,1414.140,1414.160,1413.940,1413.940,4
SQ:XPDUSD,2019-08-05T08:38:00+02:00,1413.940,1415.600,1413.940,1415.600,4
SQ:XPDUSD,2019-08-05T08:39:00+02:00,1415.600,1415.640,1415.600,1415.640,2
SQ:XPDUSD,2019-08-05T08:40:00+02:00,1415.680,1415.710,1415.680,1415.710,2
SQ:XPDUSD,2019-08-05T08:41:00+02:00,1415.710,1415.760,1415.710,1415.760,2
SQ:XPDUSD,2019-08-05T08:42:00+02:00,1415.760,1415.760,1415.760,1415.760,1
SQ:XPDUSD,2019-08-05T08:43:00+02:00,1415.760,1416.060,1413.920,1416.060,4
SQ:XPDUSD,2019-08-05T08:44:00+02:00,1416.060,1416.060,1416.060,1416.060,1
SQ:XPDUSD,2019-08-05T08:45:00+02:00,1416.060,1416.060,1414.080,1414.080,3
SQ:XPDUSD,2019-08-05T08:46:00+02:00,1414.010,1415.910,1414.010,1415.760,19
SQ:XPDUSD,2019-08-05T08:47:00+02:00,1415.780,1415.780,1415.580,1415.710,7
SQ:XPDUSD,2019-08-05T08:48:00+02:00,1415.710,1415.910,1415.710,1415.910,4
SQ:XPDUSD,2019-08-05T08:50:00+02:00,1414.050,1414.050,1414.050,1414.050,1
SQ:XPDUSD,2019-08-05T08:51:00+02:00,1414.050,1418.350,1413.840,1418.350,18
SQ:XPDUSD,2019-08-05T08:52:00+02:00,1418.400,1418.450,1417.900,1418.340,13
SQ:XPDUSD,2019-08-05T08:53:00+02:00,1418.380,1419.690,1418.380,1419.580,36
SQ:XPDUSD,2019-08-05T08:54:00+02:00,1419.580,1420.110,1419.580,1419.970,5
SQ:XPDUSD,2019-08-05T08:55:00+02:00,1419.950,1419.980,1416.440,1416.490,11
SQ:XPDUSD,2019-08-05T08:56:00+02:00,1416.470,1416.780,1416.300,1416.780,4
SQ:XPDUSD,2019-08-05T08:57:00+02:00,1416.550,1416.550,1416.210,1416.360,14
SQ:XPDUSD,2019-08-05T08:58:00+02:00,1416.380,1417.370,1416.330,1417.320,17
SQ:XPDUSD,2019-08-05T08:59:00+02:00,1417.320,1417.320,1417.160,1417.160,2
SQ:XPDUSD,2019-08-05T09:00:00+02:00,1417.160,1417.160,1415.680,1415.820,44
SQ:XPDUSD,2019-08-05T09:01:00+02:00,1415.820,1415.820,1414.580,1414.670,5
SQ:XPDUSD,2019-08-05T09:02:00+02:00,1414.670,1414.710,1413.570,1413.740,12
SQ:XPDUSD,2019-08-05T09:03:00+02:00,1413.620,1413.620,1413.160,1413.560,12
SQ:XPDUSD,2019-08-05T09:04:00+02:00,1414.220,1414.220,1414.140,1414.140,2
SQ:XPDUSD,2019-08-05T09:05:00+02:00,1414.230,1414.230,1413.290,1414.160,28
SQ:XPDUSD,2019-08-05T09:06:00+02:00,1414.140,1415.510,1413.430,1415.510,30
SQ:XPDUSD,2019-08-05T09:07:00+02:00,1415.700,1415.960,1415.700,1415.960,3
SQ:XPDUSD,2019-08-05T09:08:00+02:00,1415.900,1415.900,1415.530,1415.530,12
SQ:XPDUSD,2019-08-05T09:09:00+02:00,1415.530,1415.680,1415.530,1415.680,2
SQ:XPDUSD,2019-08-05T09:10:00+02:00,1415.730,1415.730,1415.730,1415.730,1
SQ:XPDUSD,2019-08-05T09:11:00+02:00,1415.550,1416.070,1415.550,1416.070,2
SQ:XPDUSD,2019-08-05T09:12:00+02:00,1416.040,1416.990,1416.040,1416.990,5
SQ:XPDUSD,2019-08-05T09:13:00+02:00,1417.020,1417.230,1417.010,1417.230,9
SQ:XPDUSD,2019-08-05T09:14:00+02:00,1417.430,1417.430,1417.150,1417.160,5
SQ:XPDUSD,2019-08-05T09:15:00+02:00,1417.160,1418.290,1417.160,1418.290,4
SQ:XPDUSD,2019-08-05T09:16:00+02:00,1418.220,1418.480,1418.220,1418.480,4
SQ:XPDUSD,2019-08-05T09:17:00+02:00,1418.720,1419.320,1418.720,1419.280,5
SQ:XPDUSD,2019-08-05T09:18:00+02:00,1418.790,1419.490,1418.790,1419.490,5
SQ:XPDUSD,2019-08-05T09:19:00+02:00,1419.490,1419.490,1417.080,1417.080,2
SQ:XPDUSD,2019-08-05T09:20:00+02:00,1419.440,1420.000,1419.440,1419.910,18
SQ:XPDUSD,2019-08-05T09:21:00+02:00,1419.850,1420.370,1419.750,1420.170,20
SQ:XPDUSD,2019-08-05T09:23:00+02:00,1417.670,1417.670,1417.660,1417.660,2
SQ:XPDUSD,2019-08-05T09:24:00+02:00,1417.650,1420.150,1417.600,1420.150,3
SQ:XPDUSD,2019-08-05T09:25:00+02:00,1420.260,1420.260,1420.130,1420.130,2
SQ:XPDUSD,2019-08-05T09:26:00+02:00,1417.490,1417.490,1417.490,1417.490,1
SQ:XPDUSD,2019-08-05T09:27:00+02:00,1417.490,1417.490,1417.490,1417.490,1
SQ:XPDUSD,2019-08-05T09:29:00+02:00,1417.490,1417.490,1417.490,1417.490,1
SQ:XPDUSD,2019-08-05T09:30:00+02:00,1417.440,1419.980,1417.440,1419.670,7
SQ:XPDUSD,2019-08-05T09:31:00+02:00,1419.670,1419.920,1419.670,1419.890,7
SQ:XPDUSD,2019-08-05T09:32:00+02:00,1419.890,1420.110,1419.890,1419.960,8
SQ:XPDUSD,2019-08-05T09:33:00+02:00,1419.700,1419.790,1419.700,1419.790,4
SQ:XPDUSD,2019-08-05T09:34:00+02:00,1419.790,1419.830,1419.670,1419.740,9
SQ:XPDUSD,2019-08-05T09:35:00+02:00,1419.740,1419.880,1419.700,1419.700,8
SQ:XPDUSD,2019-08-05T09:36:00+02:00,1419.700,1419.760,1417.800,1417.800,8
SQ:XPDUSD,2019-08-05T09:37:00+02:00,1417.800,1418.220,1416.780,1418.220,6
SQ:XPDUSD,2019-08-05T09:38:00+02:00,1418.370,1418.370,1417.640,1417.640,5
SQ:XPDUSD,2019-08-05T09:39:00+02:00,1417.640,1417.640,1417.640,1417.640,1
SQ:XPDUSD,2019-08-05T09:40:00+02:00,1414.460,1418.040,1414.460,1418.040,2
SQ:XPDUSD,2019-08-05T09:41:00+02:00,1418.100,1418.160,1418.100,1418.160,2
SQ:XPDUSD,2019-08-05T09:42:00+02:00,1418.160,1418.160,1417.550,1417.830,4
SQ:XPDUSD,2019-08-05T09:43:00+02:00,1417.930,1418.480,1417.930,1418.480,5
SQ:XPDUSD,2019-08-05T09:44:00+02:00,1418.430,1418.560,1417.900,1417.900,12
SQ:XPDUSD,2019-08-05T09:45:00+02:00,1417.900,1418.310,1417.900,1418.310,5
SQ:XPDUSD,2019-08-05T09:46:00+02:00,1418.310,1418.310,1415.280,1415.280,2
SQ:XPDUSD,2019-08-05T09:47:00+02:00,1415.280,1419.970,1415.280,1419.680,11
SQ:XPDUSD,2019-08-05T09:48:00+02:00,1419.640,1419.790,1419.270,1419.270,14
SQ:XPDUSD,2019-08-05T09:49:00+02:00,1419.380,1419.380,1419.300,1419.300,2
SQ:XPDUSD,2019-08-05T09:50:00+02:00,1419.380,1419.540,1419.240,1419.380,16
SQ:XPDUSD,2019-08-05T09:51:00+02:00,1419.380,1419.510,1419.380,1419.480,6
SQ:XPDUSD,2019-08-05T09:52:00+02:00,1419.480,1419.480,1419.320,1419.320,2
SQ:XPDUSD,2019-08-05T09:53:00+02:00,1419.250,1419.250,1416.860,1416.860,19
SQ:XPDUSD,2019-08-05T09:54:00+02:00,1416.850,1417.020,1416.850,1416.970,29
SQ:XPDUSD,2019-08-05T09:55:00+02:00,1416.940,1416.950,1416.750,1416.830,13
SQ:XPDUSD,2019-08-05T09:56:00+02:00,1416.830,1417.240,1416.820,1417.120,8
SQ:XPDUSD,2019-08-05T09:57:00+02:00,1417.100,1417.100,1415.850,1415.850,21
SQ:XPDUSD,2019-08-05T09:58:00+02:00,1415.900,1416.120,1415.900,1416.090,18
SQ:XPDUSD,2019-08-05T09:59:00+02:00,1416.090,1416.220,1415.990,1416.220,6
SQ:XPDUSD,2019-08-05T10:00:00+02:00,1416.220,1418.360,1415.630,1418.360,18
SQ:XPDUSD,2019-08-05T10:01:00+02:00,1418.530,1420.910,1418.330,1420.910,6
SQ:XPDUSD,2019-08-05T10:02:00+02:00,1420.910,1422.970,1419.690,1419.740,14
SQ:XPDUSD,2019-08-05T10:03:00+02:00,1419.740,1420.100,1419.740,1419.760,4
SQ:XPDUSD,2019-08-05T10:04:00+02:00,1417.220,1417.220,1417.220,1417.220,1
SQ:XPDUSD,2019-08-05T10:05:00+02:00,1417.180,1419.640,1417.180,1419.640,2
SQ:XPDUSD,2019-08-05T10:06:00+02:00,1419.680,1419.680,1419.680,1419.680,1
SQ:XPDUSD,2019-08-05T10:07:00+02:00,1419.740,1419.740,1419.220,1419.220,8
SQ:XPDUSD,2019-08-05T10:08:00+02:00,1419.120,1419.120,1417.880,1417.880,4
SQ:XPDUSD,2019-08-05T10:09:00+02:00,1417.880,1418.020,1417.840,1417.840,6
SQ:XPDUSD,2019-08-05T10:10:00+02:00,1417.840,1417.880,1415.480,1415.680,6
SQ:XPDUSD,2019-08-05T10:11:00+02:00,1415.680,1415.680,1415.520,1415.520,4
SQ:XPDUSD,2019-08-05T10:12:00+02:00,1415.520,1415.690,1415.480,1415.690,16
SQ:XPDUSD,2019-08-05T10:13:00+02:00,1415.610,1416.520,1415.320,1415.320,9
SQ:XPDUSD,2019-08-05T10:14:00+02:00,1415.320,1415.380,1415.240,1415.240,3
SQ:XPDUSD,2019-08-05T10:15:00+02:00,1415.240,1415.430,1413.650,1413.650,9
SQ:XPDUSD,2019-08-05T10:16:00+02:00,1413.070,1414.970,1413.070,1413.610,8
SQ:XPDUSD,2019-08-05T10:17:00+02:00,1413.610,1413.610,1413.190,1413.190,3
SQ:XPDUSD,2019-08-05T10:18:00+02:00,1413.190,1413.190,1413.080,1413.110,5
SQ:XPDUSD,2019-08-05T10:19:00+02:00,1413.500,1414.390,1413.490,1414.380,10
SQ:XPDUSD,2019-08-05T10:20:00+02:00,1414.490,1414.770,1414.230,1414.290,7
SQ:XPDUSD,2019-08-05T10:21:00+02:00,1414.280,1414.450,1414.280,1414.450,2
SQ:XPDUSD,2019-08-05T10:22:00+02:00,1412.040,1412.040,1412.040,1412.040,1
SQ:XPDUSD,2019-08-05T10:23:00+02:00,1412.050,1414.210,1412.010,1414.210,3
SQ:XPDUSD,2019-08-05T10:24:00+02:00,1414.190,1414.270,1414.190,1414.270,2
SQ:XPDUSD,2019-08-05T10:25:00+02:00,1414.340,1414.510,1414.330,1414.510,3
SQ:XPDUSD,2019-08-05T10:26:00+02:00,1414.510,1417.400,1414.510,1417.400,11
SQ:XPDUSD,2019-08-05T10:27:00+02:00,1417.360,1417.410,1417.000,1417.000,3
SQ:XPDUSD,2019-08-05T10:29:00+02:00,1417.000,1417.000,1415.810,1416.320,5
SQ:XPDUSD,2019-08-05T10:30:00+02:00,1416.320,1416.420,1416.320,1416.420,2
SQ:XPDUSD,2019-08-05T10:31:00+02:00,1416.420,1416.420,1415.890,1415.890,4
SQ:XPDUSD,2019-08-05T10:32:00+02:00,1415.890,1415.890,1415.890,1415.890,1
SQ:XPDUSD,2019-08-05T10:33:00+02:00,1415.850,1415.850,1415.590,1415.600,4
SQ:XPDUSD,2019-08-05T10:34:00+02:00,1415.550,1415.550,1414.510,1414.710,4
SQ:XPDUSD,2019-08-05T10:35:00+02:00,1414.850,1414.850,1414.650,1414.650,11
SQ:XPDUSD,2019-08-05T10:36:00+02:00,1414.370,1414.500,1414.370,1414.500,2
SQ:XPDUSD,2019-08-05T10:37:00+02:00,1414.500,1414.510,1414.300,1414.360,8
SQ:XPDUSD,2019-08-05T10:38:00+02:00,1414.430,1414.470,1414.430,1414.470,2
SQ:XPDUSD,2019-08-05T10:39:00+02:00,1414.410,1414.410,1414.240,1414.330,8
SQ:XPDUSD,2019-08-05T10:40:00+02:00,1414.300,1414.330,1414.160,1414.160,7
SQ:XPDUSD,2019-08-05T10:41:00+02:00,1414.180,1414.250,1414.180,1414.250,2
SQ:XPDUSD,2019-08-05T10:42:00+02:00,1414.270,1414.270,1414.270,1414.270,1
SQ:XPDUSD,2019-08-05T10:43:00+02:00,1414.270,1414.270,1412.280,1412.420,23
SQ:XPDUSD,2019-08-05T10:44:00+02:00,1412.300,1412.400,1411.920,1412.280,10
SQ:XPDUSD,2019-08-05T10:45:00+02:00,1412.280,1412.280,1411.140,1411.930,10
SQ:XPDUSD,2019-08-05T10:46:00+02:00,1411.920,1411.920,1411.600,1411.720,13
SQ:XPDUSD,2019-08-05T10:47:00+02:00,1411.720,1411.730,1409.080,1410.240,18
SQ:XPDUSD,2019-08-05T10:48:00+02:00,1410.470,1412.850,1410.030,1412.610,13
SQ:XPDUSD,2019-08-05T10:49:00+02:00,1412.350,1412.410,1412.350,1412.410,2
SQ:XPDUSD,2019-08-05T10:50:00+02:00,1412.380,1412.440,1412.370,1412.440,5
SQ:XPDUSD,2019-08-05T10:51:00+02:00,1412.520,1412.680,1412.520,1412.550,5
SQ:XPDUSD,2019-08-05T10:52:00+02:00,1412.580,1412.680,1412.580,1412.680,2
SQ:XPDUSD,2019-08-05T10:53:00+02:00,1412.760,1412.850,1412.760,1412.850,2
SQ:XPDUSD,2019-08-05T10:54:00+02:00,1412.830,1412.870,1412.830,1412.870,2
SQ:XPDUSD,2019-08-05T10:55:00+02:00,1412.870,1412.870,1412.500,1412.500,5
SQ:XPDUSD,2019-08-05T10:56:00+02:00,1412.500,1412.500,1411.780,1411.820,7
SQ:XPDUSD,2019-08-05T10:57:00+02:00,1411.820,1411.820,1409.820,1409.910,10
SQ:XPDUSD,2019-08-05T10:58:00+02:00,1409.910,1409.910,1409.910,1409.910,1
SQ:XPDUSD,2019-08-05T10:59:00+02:00,1409.910,1409.910,1406.990,1406.990,4
SQ:XPDUSD,2019-08-05T11:00:00+02:00,1406.760,1406.760,1405.920,1405.960,18
SQ:XPDUSD,2019-08-05T11:01:00+02:00,1405.940,1406.110,1405.850,1405.850,20
SQ:XPDUSD,2019-08-05T11:02:00+02:00,1405.690,1405.690,1402.780,1403.600,18
SQ:XPDUSD,2019-08-05T11:03:00+02:00,1403.580,1403.730,1403.220,1403.730,6
SQ:XPDUSD,2019-08-05T11:04:00+02:00,1403.730,1403.730,1402.740,1402.740,11
SQ:XPDUSD,2019-08-05T11:05:00+02:00,1402.740,1402.850,1402.610,1402.850,7
SQ:XPDUSD,2019-08-05T11:06:00+02:00,1402.700,1402.700,1402.680,1402.680,2
SQ:XPDUSD,2019-08-05T11:07:00+02:00,1402.450,1402.450,1401.770,1402.000,13
SQ:XPDUSD,2019-08-05T11:08:00+02:00,1402.000,1402.000,1401.660,1401.660,10
SQ:XPDUSD,2019-08-05T11:09:00+02:00,1401.680,1402.030,1401.650,1402.030,16
SQ:XPDUSD,2019-08-05T11:10:00+02:00,1402.030,1402.030,1399.520,1400.200,16
SQ:XPDUSD,2019-08-05T11:11:00+02:00,1400.200,1401.180,1400.130,1401.180,8
SQ:XPDUSD,2019-08-05T11:12:00+02:00,1401.310,1401.350,1401.280,1401.290,6
SQ:XPDUSD,2019-08-05T11:14:00+02:00,1401.250,1401.310,1400.070,1400.070,13
SQ:XPDUSD,2019-08-05T11:15:00+02:00,1400.090,1400.310,1399.560,1400.090,16
SQ:XPDUSD,2019-08-05T11:16:00+02:00,1400.110,1400.110,1399.430,1399.700,20
SQ:XPDUSD,2019-08-05T11:17:00+02:00,1399.680,1399.800,1399.450,1399.620,34
SQ:XPDUSD,2019-08-05T11:18:00+02:00,1399.620,1399.710,1398.430,1399.630,32
SQ:XPDUSD,2019-08-05T11:19:00+02:00,1399.730,1400.270,1399.250,1400.270,34
SQ:XPDUSD,2019-08-05T11:20:00+02:00,1399.910,1399.910,1399.750,1399.780,7
SQ:XPDUSD,2019-08-05T11:21:00+02:00,1399.750,1399.750,1399.700,1399.700,2
SQ:XPDUSD,2019-08-05T11:22:00+02:00,1399.700,1399.890,1399.700,1399.890,8
SQ:XPDUSD,2019-08-05T11:23:00+02:00,1399.920,1399.960,1399.920,1399.960,2
SQ:XPDUSD,2019-08-05T11:24:00+02:00,1399.960,1399.960,1399.770,1399.770,3
SQ:XPDUSD,2019-08-05T11:25:00+02:00,1399.770,1400.100,1399.770,1400.100,2
SQ:XPDUSD,2019-08-05T11:26:00+02:00,1399.770,1400.160,1399.770,1400.160,5
SQ:XPDUSD,2019-08-05T11:27:00+02:00,1400.130,1400.920,1400.130,1400.920,5
SQ:XPDUSD,2019-08-05T11:28:00+02:00,1400.920,1402.110,1400.840,1402.110,16
SQ:XPDUSD,2019-08-05T11:29:00+02:00,1402.800,1403.130,1402.780,1402.790,6
SQ:XPDUSD,2019-08-05T11:30:00+02:00,1402.790,1404.430,1402.740,1404.380,10
SQ:XPDUSD,2019-08-05T11:31:00+02:00,1404.420,1405.720,1404.390,1405.720,14
SQ:XPDUSD,2019-08-05T11:32:00+02:00,1405.760,1406.160,1405.610,1405.610,6
SQ:XPDUSD,2019-08-05T11:33:00+02:00,1405.610,1405.610,1405.610,1405.610,1
SQ:XPDUSD,2019-08-05T11:34:00+02:00,1403.680,1403.680,1403.680,1403.680,1
SQ:XPDUSD,2019-08-05T11:35:00+02:00,1405.600,1405.720,1405.320,1405.370,12
SQ:XPDUSD,2019-08-05T11:36:00+02:00,1405.370,1405.370,1405.220,1405.220,3
SQ:XPDUSD,2019-08-05T11:37:00+02:00,1405.180,1405.180,1405.180,1405.180,1
SQ:XPDUSD,2019-08-05T11:38:00+02:00,1402.860,1402.860,1402.860,1402.860,1
SQ:XPDUSD,2019-08-05T11:39:00+02:00,1402.860,1403.850,1402.860,1403.500,15
SQ:XPDUSD,2019-08-05T11:40:00+02:00,1403.430,1403.430,1403.430,1403.430,1
SQ:XPDUSD,2019-08-05T11:41:00+02:00,1403.400,1404.480,1403.400,1404.480,2
SQ:XPDUSD,2019-08-05T11:42:00+02:00,1404.520,1405.650,1404.520,1405.020,17
SQ:XPDUSD,2019-08-05T11:43:00+02:00,1404.980,1405.020,1404.940,1404.940,24
SQ:XPDUSD,2019-08-05T11:44:00+02:00,1405.020,1411.100,1404.970,1411.100,13
SQ:XPDUSD,2019-08-05T11:45:00+02:00,1411.070,1411.140,1409.370,1409.480,9
SQ:XPDUSD,2019-08-05T11:46:00+02:00,1409.480,1409.660,1409.280,1409.380,15
SQ:XPDUSD,2019-08-05T11:47:00+02:00,1409.380,1411.690,1409.380,1411.650,7
SQ:XPDUSD,2019-08-05T11:48:00+02:00,1411.650,1411.950,1411.540,1411.540,7
SQ:XPDUSD,2019-08-05T11:49:00+02:00,1411.540,1411.540,1410.580,1410.580,4
SQ:XPDUSD,2019-08-05T11:51:00+02:00,1408.580,1408.580,1408.500,1408.500,2
SQ:XPDUSD,2019-08-05T11:52:00+02:00,1410.650,1411.520,1410.650,1411.440,3
SQ:XPDUSD,2019-08-05T11:53:00+02:00,1411.370,1411.520,1411.270,1411.510,12
SQ:XPDUSD,2019-08-05T11:54:00+02:00,1411.440,1411.490,1411.440,1411.490,2
SQ:XPDUSD,2019-08-05T11:55:00+02:00,1411.480,1411.530,1411.460,1411.530,7
SQ:XPDUSD,2019-08-05T11:56:00+02:00,1411.400,1411.510,1411.400,1411.470,6
SQ:XPDUSD,2019-08-05T11:57:00+02:00,1411.550,1412.200,1411.510,1412.160,13
SQ:XPDUSD,2019-08-05T11:58:00+02:00,1412.160,1412.160,1412.160,1412.160,1
SQ:XPDUSD,2019-08-05T11:59:00+02:00,1412.160,1412.160,1409.650,1409.650,8
SQ:XPDUSD,2019-08-05T12:00:00+02:00,1409.650,1409.680,1409.640,1409.680,3
SQ:XPDUSD,2019-08-05T12:01:00+02:00,1409.680,1409.680,1407.720,1407.720,2
SQ:XPDUSD,2019-08-05T12:02:00+02:00,1407.720,1409.510,1407.540,1409.280,6
SQ:XPDUSD,2019-08-05T12:03:00+02:00,1409.280,1411.470,1409.280,1411.470,2
SQ:XPDUSD,2019-08-05T12:04:00+02:00,1411.470,1411.470,1411.360,1411.400,3
SQ:XPDUSD,2019-08-05T12:05:00+02:00,1411.350,1411.460,1411.350,1411.460,3
SQ:XPDUSD,2019-08-05T12:06:00+02:00,1411.460,1411.460,1411.460,1411.460,1
SQ:XPDUSD,2019-08-05T12:07:00+02:00,1411.530,1411.710,1411.370,1411.370,3
SQ:XPDUSD,2019-08-05T12:08:00+02:00,1411.330,1411.330,1409.680,1409.680,5
SQ:XPDUSD,2019-08-05T12:09:00+02:00,1409.700,1409.700,1409.700,1409.700,1
SQ:XPDUSD,2019-08-05T12:10:00+02:00,1409.700,1409.700,1407.940,1407.940,2
SQ:XPDUSD,2019-08-05T12:11:00+02:00,1407.940,1409.820,1407.940,1409.730,4
SQ:XPDUSD,2019-08-05T12:12:00+02:00,1409.960,1410.740,1409.960,1410.680,5
SQ:XPDUSD,2019-08-05T12:13:00+02:00,1410.680,1410.680,1410.680,1410.680,1
SQ:XPDUSD,2019-08-05T12:14:00+02:00,1410.630,1410.630,1409.920,1409.920,3
SQ:XPDUSD,2019-08-05T12:15:00+02:00,1409.710,1409.790,1409.580,1409.590,12
SQ:XPDUSD,2019-08-05T12:16:00+02:00,1409.590,1409.860,1409.120,1409.640,11
SQ:XPDUSD,2019-08-05T12:17:00+02:00,1409.640,1409.760,1408.660,1409.290,11
SQ:XPDUSD,2019-08-05T12:18:00+02:00,1409.330,1409.390,1409.330,1409.390,2
SQ:XPDUSD,2019-08-05T12:19:00+02:00,1409.390,1410.010,1409.340,1410.010,5
SQ:XPDUSD,2019-08-05T12:20:00+02:00,1410.050,1410.050,1410.050,1410.050,1
SQ:XPDUSD,2019-08-05T12:21:00+02:00,1410.060,1410.060,1409.920,1409.920,2
SQ:XPDUSD,2019-08-05T12:22:00+02:00,1409.920,1409.920,1409.880,1409.880,2
SQ:XPDUSD,2019-08-05T12:23:00+02:00,1409.890,1409.900,1409.890,1409.900,2
SQ:XPDUSD,2019-08-05T12:24:00+02:00,1409.920,1410.340,1409.920,1410.340,3
SQ:XPDUSD,2019-08-05T12:26:00+02:00,1408.520,1408.760,1408.520,1408.740,3
SQ:XPDUSD,2019-08-05T12:27:00+02:00,1408.740,1412.270,1408.720,1412.270,6
SQ:XPDUSD,2019-08-05T12:28:00+02:00,1412.300,1412.840,1412.300,1412.740,14
SQ:XPDUSD,2019-08-05T12:29:00+02:00,1412.740,1412.840,1412.640,1412.840,12
SQ:XPDUSD,2019-08-05T12:30:00+02:00,1412.770,1412.830,1412.680,1412.720,20
SQ:XPDUSD,2019-08-05T12:31:00+02:00,1412.720,1412.720,1412.700,1412.700,2
SQ:XPDUSD,2019-08-05T12:32:00+02:00,1412.670,1412.670,1411.700,1411.780,11
SQ:XPDUSD,2019-08-05T12:33:00+02:00,1411.780,1411.780,1409.130,1410.000,10
SQ:XPDUSD,2019-08-05T12:34:00+02:00,1410.000,1410.000,1409.700,1409.850,8
SQ:XPDUSD,2019-08-05T12:35:00+02:00,1409.830,1409.830,1409.790,1409.790,2
SQ:XPDUSD,2019-08-05T12:36:00+02:00,1409.790,1409.790,1409.650,1409.650,2
SQ:XPDUSD,2019-08-05T12:37:00+02:00,1409.650,1410.370,1409.650,1410.370,2
SQ:XPDUSD,2019-08-05T12:38:00+02:00,1410.370,1410.370,1410.260,1410.260,2
SQ:XPDUSD,2019-08-05T12:39:00+02:00,1410.140,1410.140,1410.100,1410.100,2
SQ:XPDUSD,2019-08-05T12:40:00+02:00,1410.160,1410.210,1409.650,1409.650,5
SQ:XPDUSD,2019-08-05T12:41:00+02:00,1409.650,1409.730,1409.650,1409.730,2
SQ:XPDUSD,2019-08-05T12:42:00+02:00,1409.610,1409.610,1409.610,1409.610,1
SQ:XPDUSD,2019-08-05T12:43:00+02:00,1409.610,1409.610,1409.610,1409.610,1
SQ:XPDUSD,2019-08-05T12:44:00+02:00,1409.820,1409.820,1409.550,1409.640,4
SQ:XPDUSD,2019-08-05T12:45:00+02:00,1409.640,1409.640,1409.640,1409.640,1
SQ:XPDUSD,2019-08-05T12:46:00+02:00,1407.560,1407.560,1407.560,1407.560,1
SQ:XPDUSD,2019-08-05T12:48:00+02:00,1409.640,1409.750,1409.630,1409.670,8
SQ:XPDUSD,2019-08-05T12:49:00+02:00,1409.580,1409.580,1408.850,1408.930,10
SQ:XPDUSD,2019-08-05T12:50:00+02:00,1408.930,1409.100,1408.930,1408.970,5
SQ:XPDUSD,2019-08-05T12:51:00+02:00,1408.970,1408.970,1408.780,1408.780,2
SQ:XPDUSD,2019-08-05T12:52:00+02:00,1408.650,1408.650,1408.650,1408.650,1
SQ:XPDUSD,2019-08-05T12:53:00+02:00,1408.760,1410.140,1408.760,1409.470,6
SQ:XPDUSD,2019-08-05T12:54:00+02:00,1409.470,1410.710,1409.470,1410.620,16
SQ:XPDUSD,2019-08-05T12:55:00+02:00,1410.620,1410.620,1410.000,1410.000,11
SQ:XPDUSD,2019-08-05T12:56:00+02:00,1409.990,1410.040,1409.960,1410.010,18
SQ:XPDUSD,2019-08-05T12:57:00+02:00,1410.080,1410.080,1410.080,1410.080,1
SQ:XPDUSD,2019-08-05T12:58:00+02:00,1410.080,1410.080,1409.650,1409.650,5
SQ:XPDUSD,2019-08-05T12:59:00+02:00,1409.650,1409.650,1409.650,1409.650,1
SQ:XPDUSD,2019-08-05T13:00:00+02:00,1409.710,1410.490,1409.710,1410.360,14
SQ:XPDUSD,2019-08-05T13:01:00+02:00,1410.450,1410.450,1410.360,1410.360,3
SQ:XPDUSD,2019-08-05T13:02:00+02:00,1410.260,1410.400,1410.260,1410.280,10
SQ:XPDUSD,2019-08-05T13:03:00+02:00,1410.210,1410.320,1410.210,1410.320,2
SQ:XPDUSD,2019-08-05T13:04:00+02:00,1408.140,1408.140,1408.140,1408.140,1
SQ:XPDUSD,2019-08-05T13:05:00+02:00,1408.220,1411.160,1408.220,1411.140,3
SQ:XPDUSD,2019-08-05T13:07:00+02:00,1408.680,1411.200,1408.680,1411.030,5
SQ:XPDUSD,2019-08-05T13:08:00+02:00,1411.110,1411.170,1411.030,1411.030,10
SQ:XPDUSD,2019-08-05T13:09:00+02:00,1411.180,1411.210,1411.080,1411.210,3
SQ:XPDUSD,2019-08-05T13:10:00+02:00,1411.170,1411.170,1411.040,1411.050,20
SQ:XPDUSD,2019-08-05T13:11:00+02:00,1411.080,1411.210,1411.080,1411.130,4
SQ:XPDUSD,2019-08-05T13:12:00+02:00,1411.220,1411.220,1404.760,1404.850,21
SQ:XPDUSD,2019-08-05T13:13:00+02:00,1404.520,1404.720,1404.290,1404.720,4
SQ:XPDUSD,2019-08-05T13:14:00+02:00,1404.880,1404.950,1404.490,1404.540,19
SQ:XPDUSD,2019-08-05T13:15:00+02:00,1404.540,1404.690,1404.540,1404.690,5
SQ:XPDUSD,2019-08-05T13:16:00+02:00,1404.620,1404.620,1404.590,1404.590,2
SQ:XPDUSD,2019-08-05T13:17:00+02:00,1404.620,1404.660,1404.550,1404.550,8
SQ:XPDUSD,2019-08-05T13:18:00+02:00,1404.550,1404.970,1404.520,1404.970,3
SQ:XPDUSD,2019-08-05T13:19:00+02:00,1404.880,1404.880,1404.880,1404.880,1
SQ:XPDUSD,2019-08-05T13:20:00+02:00,1405.070,1405.070,1405.070,1405.070,1
SQ:XPDUSD,2019-08-05T13:21:00+02:00,1404.920,1404.920,1404.840,1404.840,2
SQ:XPDUSD,2019-08-05T13:22:00+02:00,1402.560,1402.560,1402.560,1402.560,1
SQ:XPDUSD,2019-08-05T13:23:00+02:00,1404.700,1404.700,1404.650,1404.650,2
SQ:XPDUSD,2019-08-05T13:25:00+02:00,1404.730,1404.730,1404.670,1404.670,2
SQ:XPDUSD,2019-08-05T13:26:00+02:00,1402.420,1404.620,1402.420,1404.620,2
SQ:XPDUSD,2019-08-05T13:27:00+02:00,1404.620,1404.620,1404.620,1404.620,1
SQ:XPDUSD,2019-08-05T13:28:00+02:00,1402.420,1404.170,1402.420,1404.110,3
SQ:XPDUSD,2019-08-05T13:29:00+02:00,1404.260,1404.260,1404.260,1404.260,1
SQ:XPDUSD,2019-08-05T13:30:00+02:00,1404.170,1404.170,1404.030,1404.030,2
SQ:XPDUSD,2019-08-05T13:31:00+02:00,1404.030,1406.340,1404.030,1406.110,27
SQ:XPDUSD,2019-08-05T13:32:00+02:00,1406.030,1406.040,1405.700,1405.820,6
SQ:XPDUSD,2019-08-05T13:33:00+02:00,1405.820,1408.720,1405.820,1407.830,7
SQ:XPDUSD,2019-08-05T13:34:00+02:00,1407.840,1409.030,1407.840,1409.030,5
SQ:XPDUSD,2019-08-05T13:35:00+02:00,1409.190,1409.250,1409.000,1409.000,6
SQ:XPDUSD,2019-08-05T13:36:00+02:00,1408.920,1410.760,1408.920,1410.760,7
SQ:XPDUSD,2019-08-05T13:37:00+02:00,1410.810,1410.810,1410.250,1410.250,6
SQ:XPDUSD,2019-08-05T13:38:00+02:00,1410.250,1411.780,1410.250,1411.780,6
SQ:XPDUSD,2019-08-05T13:39:00+02:00,1413.900,1419.580,1412.680,1419.580,20
SQ:XPDUSD,2019-08-05T13:40:00+02:00,1419.910,1420.020,1418.320,1419.440,42
SQ:XPDUSD,2019-08-05T13:41:00+02:00,1419.070,1419.140,1419.070,1419.130,5
SQ:XPDUSD,2019-08-05T13:42:00+02:00,1419.130,1419.710,1418.860,1418.860,28
SQ:XPDUSD,2019-08-05T13:43:00+02:00,1418.860,1422.030,1418.770,1421.870,20
SQ:XPDUSD,2019-08-05T13:44:00+02:00,1421.930,1421.990,1419.350,1419.350,11
SQ:XPDUSD,2019-08-05T13:45:00+02:00,1419.200,1421.430,1419.200,1419.570,13
SQ:XPDUSD,2019-08-05T13:46:00+02:00,1419.470,1419.700,1418.780,1419.680,10
SQ:XPDUSD,2019-08-05T13:47:00+02:00,1419.680,1419.800,1419.680,1419.800,5
SQ:XPDUSD,2019-08-05T13:48:00+02:00,1419.780,1419.780,1419.760,1419.760,2
SQ:XPDUSD,2019-08-05T13:49:00+02:00,1419.760,1421.290,1419.760,1421.290,5
SQ:XPDUSD,2019-08-05T13:50:00+02:00,1421.220,1421.290,1420.830,1420.960,12
SQ:XPDUSD,2019-08-05T13:51:00+02:00,1420.960,1420.960,1419.800,1419.830,6
SQ:XPDUSD,2019-08-05T13:53:00+02:00,1419.780,1419.790,1419.320,1419.420,7
SQ:XPDUSD,2019-08-05T13:54:00+02:00,1419.400,1419.690,1418.130,1419.690,17
SQ:XPDUSD,2019-08-05T13:55:00+02:00,1419.690,1419.830,1419.680,1419.680,4
SQ:XPDUSD,2019-08-05T13:56:00+02:00,1419.510,1419.530,1419.510,1419.530,3
SQ:XPDUSD,2019-08-05T13:57:00+02:00,1419.420,1427.660,1419.420,1426.540,40
SQ:XPDUSD,2019-08-05T13:58:00+02:00,1426.540,1426.970,1423.760,1425.140,21
SQ:XPDUSD,2019-08-05T13:59:00+02:00,1425.230,1425.450,1422.160,1425.450,10
SQ:XPDUSD,2019-08-05T14:00:00+02:00,1424.290,1429.750,1423.280,1424.570,25
SQ:XPDUSD,2019-08-05T14:01:00+02:00,1424.570,1425.690,1424.570,1425.520,9
SQ:XPDUSD,2019-08-05T14:02:00+02:00,1425.520,1426.080,1422.990,1425.950,17
SQ:XPDUSD,2019-08-05T14:03:00+02:00,1425.840,1425.950,1424.100,1424.120,20
SQ:XPDUSD,2019-08-05T14:04:00+02:00,1424.080,1427.280,1424.080,1427.280,4
SQ:XPDUSD,2019-08-05T14:05:00+02:00,1427.280,1427.470,1425.910,1425.910,14
SQ:XPDUSD,2019-08-05T14:06:00+02:00,1425.350,1425.500,1424.630,1424.980,11
SQ:XPDUSD,2019-08-05T14:07:00+02:00,1424.980,1425.290,1424.820,1424.940,8
SQ:XPDUSD,2019-08-05T14:08:00+02:00,1424.900,1425.380,1424.750,1425.330,7
SQ:XPDUSD,2019-08-05T14:09:00+02:00,1425.350,1428.010,1425.350,1427.630,9
SQ:XPDUSD,2019-08-05T14:10:00+02:00,1427.950,1430.230,1427.890,1429.750,12
SQ:XPDUSD,2019-08-05T14:11:00+02:00,1429.750,1429.750,1429.660,1429.750,5
SQ:XPDUSD,2019-08-05T14:12:00+02:00,1429.580,1430.260,1427.910,1429.630,16
SQ:XPDUSD,2019-08-05T14:13:00+02:00,1429.990,1430.210,1429.640,1430.070,17
SQ:XPDUSD,2019-08-05T14:14:00+02:00,1430.070,1430.330,1429.850,1429.850,6
SQ:XPDUSD,2019-08-05T14:15:00+02:00,1429.860,1430.240,1429.600,1429.600,5
SQ:XPDUSD,2019-08-05T14:16:00+02:00,1429.750,1429.750,1429.260,1429.510,4
SQ:XPDUSD,2019-08-05T14:17:00+02:00,1429.510,1437.710,1429.510,1437.710,75
SQ:XPDUSD,2019-08-05T14:18:00+02:00,1437.600,1438.320,1434.430,1436.230,17
SQ:XPDUSD,2019-08-05T14:19:00+02:00,1436.230,1437.680,1435.290,1436.720,15
SQ:XPDUSD,2019-08-05T14:20:00+02:00,1436.720,1437.650,1435.260,1435.260,21
SQ:XPDUSD,2019-08-05T14:21:00+02:00,1435.780,1436.370,1435.350,1436.280,13
SQ:XPDUSD,2019-08-05T14:22:00+02:00,1436.280,1437.110,1436.280,1437.110,25
SQ:XPDUSD,2019-08-05T14:23:00+02:00,1437.110,1437.110,1435.930,1435.930,8
SQ:XPDUSD,2019-08-05T14:24:00+02:00,1435.930,1435.980,1434.880,1435.490,19
SQ:XPDUSD,2019-08-05T14:25:00+02:00,1435.280,1441.100,1435.280,1441.100,27
SQ:XPDUSD,2019-08-05T14:26:00+02:00,1441.100,1451.500,1441.100,1447.050,59
SQ:XPDUSD,2019-08-05T14:27:00+02:00,1447.050,1449.080,1446.240,1447.660,27
SQ:XPDUSD,2019-08-05T14:28:00+02:00,1447.640,1447.880,1443.970,1443.970,20
SQ:XPDUSD,2019-08-05T14:29:00+02:00,1443.970,1444.120,1442.620,1442.620,16
SQ:XPDUSD,2019-08-05T14:30:00+02:00,1442.560,1444.860,1442.000,1443.020,40
SQ:XPDUSD,2019-08-05T14:31:00+02:00,1443.020,1443.270,1442.660,1443.010,13
SQ:XPDUSD,2019-08-05T14:32:00+02:00,1442.980,1443.070,1439.980,1440.140,22
SQ:XPDUSD,2019-08-05T14:33:00+02:00,1439.760,1442.320,1439.760,1441.680,14
SQ:XPDUSD,2019-08-05T14:34:00+02:00,1441.390,1441.390,1439.890,1440.160,14
SQ:XPDUSD,2019-08-05T14:35:00+02:00,1440.060,1440.840,1439.900,1440.210,20
SQ:XPDUSD,2019-08-05T14:36:00+02:00,1440.190,1440.230,1439.780,1439.780,16
SQ:XPDUSD,2019-08-05T14:37:00+02:00,1439.740,1439.980,1438.930,1438.930,12
SQ:XPDUSD,2019-08-05T14:38:00+02:00,1439.000,1439.930,1439.000,1439.400,10
SQ:XPDUSD,2019-08-05T14:39:00+02:00,1439.420,1440.680,1439.420,1440.660,12
SQ:XPDUSD,2019-08-05T14:40:00+02:00,1440.660,1442.440,1440.660,1440.740,20
SQ:XPDUSD,2019-08-05T14:41:00+02:00,1440.740,1440.770,1437.750,1437.940,17
SQ:XPDUSD,2019-08-05T14:42:00+02:00,1437.940,1438.290,1433.450,1435.220,15
SQ:XPDUSD,2019-08-05T14:43:00+02:00,1435.220,1439.370,1434.890,1437.270,31
SQ:XPDUSD,2019-08-05T14:44:00+02:00,1437.310,1438.150,1436.970,1436.970,12
SQ:XPDUSD,2019-08-05T14:45:00+02:00,1436.840,1436.990,1436.630,1436.630,6
SQ:XPDUSD,2019-08-05T14:46:00+02:00,1436.640,1436.640,1428.790,1428.790,23
SQ:XPDUSD,2019-08-05T14:47:00+02:00,1428.480,1434.130,1428.450,1433.720,17
SQ:XPDUSD,2019-08-05T14:48:00+02:00,1433.440,1436.020,1432.110,1432.360,21
SQ:XPDUSD,2019-08-05T14:49:00+02:00,1432.470,1433.530,1432.470,1433.530,5
SQ:XPDUSD,2019-08-05T14:50:00+02:00,1433.840,1434.700,1432.750,1432.750,12
SQ:XPDUSD,2019-08-05T14:51:00+02:00,1432.800,1436.700,1432.800,1436.110,31
SQ:XPDUSD,2019-08-05T14:52:00+02:00,1436.040,1436.080,1434.680,1434.960,13
SQ:XPDUSD,2019-08-05T14:53:00+02:00,1435.030,1435.350,1435.030,1435.350,7
SQ:XPDUSD,2019-08-05T14:54:00+02:00,1435.350,1435.650,1431.220,1431.350,21
SQ:XPDUSD,2019-08-05T14:55:00+02:00,1431.350,1436.270,1431.240,1436.270,32
SQ:XPDUSD,2019-08-05T14:56:00+02:00,1436.380,1436.490,1436.120,1436.390,5
SQ:XPDUSD,2019-08-05T14:57:00+02:00,1436.350,1437.730,1434.890,1435.670,85
SQ:XPDUSD,2019-08-05T14:58:00+02:00,1435.580,1435.670,1435.240,1435.540,8
SQ:XPDUSD,2019-08-05T14:59:00+02:00,1435.650,1439.920,1435.650,1439.870,34
SQ:XPDUSD,2019-08-05T15:00:00+02:00,1439.880,1440.920,1439.880,1440.600,22
SQ:XPDUSD,2019-08-05T15:01:00+02:00,1440.670,1442.460,1439.420,1439.490,38
SQ:XPDUSD,2019-08-05T15:02:00+02:00,1439.360,1439.710,1437.210,1437.210,26
SQ:XPDUSD,2019-08-05T15:03:00+02:00,1437.210,1437.280,1435.710,1436.310,24
SQ:XPDUSD,2019-08-05T15:04:00+02:00,1436.280,1436.310,1435.130,1435.640,17
SQ:XPDUSD,2019-08-05T15:05:00+02:00,1435.620,1437.300,1434.170,1437.300,54
SQ:XPDUSD,2019-08-05T15:06:00+02:00,1437.180,1437.700,1436.920,1436.920,11
SQ:XPDUSD,2019-08-05T15:07:00+02:00,1436.760,1436.760,1435.020,1435.520,22
SQ:XPDUSD,2019-08-05T15:08:00+02:00,1435.550,1437.270,1435.550,1436.230,17
SQ:XPDUSD,2019-08-05T15:09:00+02:00,1436.150,1436.150,1435.220,1435.220,7
SQ:XPDUSD,2019-08-05T15:10:00+02:00,1435.200,1435.200,1432.630,1432.690,15
SQ:XPDUSD,2019-08-05T15:11:00+02:00,1432.690,1432.950,1431.750,1431.840,16
SQ:XPDUSD,2019-08-05T15:12:00+02:00,1431.840,1432.660,1431.460,1431.850,14
SQ:XPDUSD,2019-08-05T15:13:00+02:00,1431.600,1432.840,1431.570,1432.220,10
SQ:XPDUSD,2019-08-05T15:14:00+02:00,1432.150,1432.150,1430.400,1430.410,10
SQ:XPDUSD,2019-08-05T15:15:00+02:00,1430.410,1430.560,1429.620,1429.690,41
SQ:XPDUSD,2019-08-05T15:16:00+02:00,1429.690,1430.500,1429.450,1430.460,20
SQ:XPDUSD,2019-08-05T15:17:00+02:00,1430.460,1432.030,1430.200,1431.820,13
SQ:XPDUSD,2019-08-05T15:18:00+02:00,1431.440,1431.440,1430.550,1430.550,5
SQ:XPDUSD,2019-08-05T15:19:00+02:00,1430.550,1430.550,1428.810,1429.680,18
SQ:XPDUSD,2019-08-05T15:20:00+02:00,1429.680,1429.780,1429.350,1429.430,19
SQ:XPDUSD,2019-08-05T15:21:00+02:00,1429.430,1429.710,1429.150,1429.570,17
SQ:XPDUSD,2019-08-05T15:22:00+02:00,1429.450,1429.650,1429.360,1429.360,7
SQ:XPDUSD,2019-08-05T15:23:00+02:00,1429.360,1430.390,1428.970,1430.390,15
SQ:XPDUSD,2019-08-05T15:24:00+02:00,1430.390,1430.390,1428.590,1428.590,9
SQ:XPDUSD,2019-08-05T15:25:00+02:00,1428.480,1428.480,1427.300,1427.760,14
SQ:XPDUSD,2019-08-05T15:26:00+02:00,1428.020,1428.140,1428.020,1428.140,5
SQ:XPDUSD,2019-08-05T15:27:00+02:00,1428.140,1429.130,1426.930,1426.930,15
SQ:XPDUSD,2019-08-05T15:28:00+02:00,1426.930,1432.110,1426.420,1431.670,23
SQ:XPDUSD,2019-08-05T15:29:00+02:00,1431.610,1431.730,1430.600,1431.060,39
SQ:XPDUSD,2019-08-05T15:30:00+02:00,1431.110,1431.380,1430.640,1430.720,21
SQ:XPDUSD,2019-08-05T15:31:00+02:00,1430.920,1430.920,1428.670,1428.670,37
SQ:XPDUSD,2019-08-05T15:32:00+02:00,1428.670,1430.620,1428.390,1429.760,44
SQ:XPDUSD,2019-08-05T15:33:00+02:00,1429.760,1429.760,1427.390,1427.390,21
SQ:XPDUSD,2019-08-05T15:34:00+02:00,1427.330,1427.400,1425.680,1425.680,18
SQ:XPDUSD,2019-08-05T15:35:00+02:00,1425.680,1428.650,1425.660,1426.620,22
SQ:XPDUSD,2019-08-05T15:36:00+02:00,1426.620,1427.530,1426.550,1427.240,7
SQ:XPDUSD,2019-08-05T15:37:00+02:00,1427.240,1427.240,1426.900,1427.080,23
SQ:XPDUSD,2019-08-05T15:38:00+02:00,1427.080,1427.760,1426.470,1426.470,22
SQ:XPDUSD,2019-08-05T15:39:00+02:00,1426.470,1426.860,1426.470,1426.860,5
SQ:XPDUSD,2019-08-05T15:40:00+02:00,1426.860,1427.190,1426.760,1427.190,14
SQ:XPDUSD,2019-08-05T15:41:00+02:00,1427.190,1427.190,1426.250,1426.320,12
SQ:XPDUSD,2019-08-05T15:42:00+02:00,1426.320,1426.320,1425.850,1426.010,4
SQ:XPDUSD,2019-08-05T15:43:00+02:00,1426.010,1426.870,1425.990,1425.990,11
SQ:XPDUSD,2019-08-05T15:44:00+02:00,1425.990,1426.040,1422.490,1422.490,28
SQ:XPDUSD,2019-08-05T15:45:00+02:00,1421.910,1423.340,1419.730,1423.140,34
SQ:XPDUSD,2019-08-05T15:46:00+02:00,1423.180,1423.490,1423.180,1423.490,4
SQ:XPDUSD,2019-08-05T15:47:00+02:00,1423.440,1424.750,1423.350,1423.450,57
SQ:XPDUSD,2019-08-05T15:48:00+02:00,1423.510,1423.550,1423.110,1423.140,57
SQ:XPDUSD,2019-08-05T15:49:00+02:00,1423.140,1423.460,1422.860,1422.880,32
SQ:XPDUSD,2019-08-05T15:50:00+02:00,1422.840,1422.840,1422.690,1422.690,2
SQ:XPDUSD,2019-08-05T15:51:00+02:00,1422.690,1422.800,1422.540,1422.590,7
SQ:XPDUSD,2019-08-05T15:52:00+02:00,1422.720,1422.740,1422.440,1422.440,4
SQ:XPDUSD,2019-08-05T15:53:00+02:00,1422.440,1422.780,1422.410,1422.490,13
SQ:XPDUSD,2019-08-05T15:54:00+02:00,1422.530,1423.270,1422.470,1423.250,8
SQ:XPDUSD,2019-08-05T15:55:00+02:00,1423.250,1424.850,1422.780,1424.170,21
SQ:XPDUSD,2019-08-05T15:56:00+02:00,1423.950,1423.950,1423.570,1423.810,8
SQ:XPDUSD,2019-08-05T15:57:00+02:00,1423.760,1424.010,1423.560,1423.880,8
SQ:XPDUSD,2019-08-05T15:58:00+02:00,1423.880,1424.070,1423.570,1423.690,13
SQ:XPDUSD,2019-08-05T15:59:00+02:00,1423.690,1423.770,1420.280,1420.300,21
SQ:XPDUSD,2019-08-05T16:00:00+02:00,1420.560,1421.840,1420.510,1421.620,10
SQ:XPDUSD,2019-08-05T16:01:00+02:00,1421.620,1421.620,1420.620,1420.660,28
SQ:XPDUSD,2019-08-05T16:02:00+02:00,1420.620,1420.680,1420.260,1420.410,80
SQ:XPDUSD,2019-08-05T16:03:00+02:00,1420.460,1420.480,1420.050,1420.130,60
SQ:XPDUSD,2019-08-05T16:04:00+02:00,1420.080,1420.150,1419.100,1419.100,19
SQ:XPDUSD,2019-08-05T16:05:00+02:00,1419.100,1419.980,1419.080,1419.820,19
SQ:XPDUSD,2019-08-05T16:06:00+02:00,1419.810,1419.810,1419.400,1419.400,7
SQ:XPDUSD,2019-08-05T16:07:00+02:00,1419.600,1420.910,1419.190,1419.190,22
SQ:XPDUSD,2019-08-05T16:08:00+02:00,1419.190,1419.370,1419.190,1419.200,7
SQ:XPDUSD,2019-08-05T16:09:00+02:00,1419.200,1419.920,1417.950,1419.720,17
SQ:XPDUSD,2019-08-05T16:10:00+02:00,1419.720,1419.780,1418.500,1418.500,40
SQ:XPDUSD,2019-08-05T16:11:00+02:00,1418.390,1419.770,1417.920,1418.210,14
SQ:XPDUSD,2019-08-05T16:12:00+02:00,1418.160,1418.160,1414.550,1414.580,43
SQ:XPDUSD,2019-08-05T16:13:00+02:00,1414.690,1417.940,1414.520,1417.880,37
SQ:XPDUSD,2019-08-05T16:14:00+02:00,1417.880,1419.990,1417.370,1419.890,51
SQ:XPDUSD,2019-08-05T16:15:00+02:00,1419.950,1422.250,1419.830,1421.980,23
SQ:XPDUSD,2019-08-05T16:16:00+02:00,1422.090,1423.970,1420.020,1423.800,35
SQ:XPDUSD,2019-08-05T16:17:00+02:00,1423.800,1423.800,1420.820,1421.550,27
SQ:XPDUSD,2019-08-05T16:18:00+02:00,1421.550,1422.600,1421.550,1422.000,7
SQ:XPDUSD,2019-08-05T16:19:00+02:00,1421.960,1422.090,1420.830,1422.090,19
SQ:XPDUSD,2019-08-05T16:20:00+02:00,1422.090,1422.090,1422.080,1422.080,2
SQ:XPDUSD,2019-08-05T16:21:00+02:00,1422.080,1422.080,1420.990,1420.990,4
SQ:XPDUSD,2019-08-05T16:22:00+02:00,1420.990,1422.070,1420.990,1421.620,15
SQ:XPDUSD,2019-08-05T16:23:00+02:00,1421.620,1421.680,1421.250,1421.680,8
SQ:XPDUSD,2019-08-05T16:24:00+02:00,1421.680,1422.790,1421.520,1422.790,40
SQ:XPDUSD,2019-08-05T16:25:00+02:00,1422.790,1424.300,1422.790,1423.980,15
SQ:XPDUSD,2019-08-05T16:26:00+02:00,1423.980,1425.140,1423.980,1424.750,13
SQ:XPDUSD,2019-08-05T16:27:00+02:00,1424.750,1424.960,1424.530,1424.690,17
SQ:XPDUSD,2019-08-05T16:28:00+02:00,1424.710,1425.930,1424.710,1425.930,6
SQ:XPDUSD,2019-08-05T16:29:00+02:00,1425.930,1429.410,1425.830,1429.410,12
SQ:XPDUSD,2019-08-05T16:30:00+02:00,1429.360,1429.510,1429.190,1429.220,15
SQ:XPDUSD,2019-08-05T16:31:00+02:00,1429.210,1429.430,1428.430,1428.430,34
SQ:XPDUSD,2019-08-05T16:32:00+02:00,1428.570,1429.220,1428.200,1428.300,29
SQ:XPDUSD,2019-08-05T16:33:00+02:00,1428.200,1428.200,1427.160,1427.160,10
SQ:XPDUSD,2019-08-05T16:34:00+02:00,1427.160,1430.590,1427.160,1430.590,30
SQ:XPDUSD,2019-08-05T16:35:00+02:00,1430.590,1433.080,1430.590,1432.010,40
SQ:XPDUSD,2019-08-05T16:36:00+02:00,1432.010,1432.350,1431.790,1431.970,7
SQ:XPDUSD,2019-08-05T16:37:00+02:00,1431.970,1432.290,1431.220,1432.290,9
SQ:XPDUSD,2019-08-05T16:38:00+02:00,1432.290,1436.690,1432.290,1435.170,25
SQ:XPDUSD,2019-08-05T16:39:00+02:00,1435.170,1435.170,1431.730,1433.040,15
SQ:XPDUSD,2019-08-05T16:40:00+02:00,1433.100,1436.040,1433.100,1435.330,45
SQ:XPDUSD,2019-08-05T16:41:00+02:00,1435.330,1436.370,1435.330,1435.540,19
SQ:XPDUSD,2019-08-05T16:42:00+02:00,1435.490,1435.490,1433.010,1433.010,21
SQ:XPDUSD,2019-08-05T16:43:00+02:00,1433.010,1433.110,1432.320,1433.010,21
SQ:XPDUSD,2019-08-05T16:44:00+02:00,1433.010,1433.010,1431.470,1431.880,30
SQ:XPDUSD,2019-08-05T16:45:00+02:00,1431.880,1431.900,1430.160,1430.250,25
SQ:XPDUSD,2019-08-05T16:46:00+02:00,1430.250,1430.250,1428.590,1428.780,28
SQ:XPDUSD,2019-08-05T16:47:00+02:00,1428.780,1428.780,1427.130,1428.200,32
SQ:XPDUSD,2019-08-05T16:48:00+02:00,1428.200,1428.770,1427.590,1427.720,22
SQ:XPDUSD,2019-08-05T16:49:00+02:00,1427.720,1428.200,1427.720,1428.200,2
SQ:XPDUSD,2019-08-05T16:50:00+02:00,1428.200,1428.510,1427.560,1428.080,13
SQ:XPDUSD,2019-08-05T16:51:00+02:00,1428.080,1428.380,1426.360,1426.360,34
SQ:XPDUSD,2019-08-05T16:52:00+02:00,1426.360,1426.370,1424.800,1424.890,36
SQ:XPDUSD,2019-08-05T16:53:00+02:00,1424.840,1424.840,1422.630,1422.630,10
SQ:XPDUSD,2019-08-05T16:54:00+02:00,1422.630,1422.680,1422.380,1422.380,30
SQ:XPDUSD,2019-08-05T16:55:00+02:00,1422.380,1422.380,1421.260,1421.550,24
SQ:XPDUSD,2019-08-05T16:56:00+02:00,1421.550,1421.830,1421.020,1421.690,23
SQ:XPDUSD,2019-08-05T16:57:00+02:00,1421.720,1421.810,1421.290,1421.290,20
SQ:XPDUSD,2019-08-05T16:58:00+02:00,1421.290,1424.100,1421.290,1424.100,21
SQ:XPDUSD,2019-08-05T16:59:00+02:00,1424.100,1425.670,1424.100,1425.670,5
SQ:XPDUSD,2019-08-05T17:00:00+02:00,1425.670,1426.840,1425.550,1426.670,16
SQ:XPDUSD,2019-08-05T17:01:00+02:00,1426.670,1426.670,1424.640,1424.640,26
SQ:XPDUSD,2019-08-05T17:02:00+02:00,1424.640,1424.860,1424.550,1424.860,3
SQ:XPDUSD,2019-08-05T17:03:00+02:00,1424.420,1424.540,1422.980,1422.980,26
SQ:XPDUSD,2019-08-05T17:04:00+02:00,1422.980,1422.980,1421.110,1421.110,11
SQ:XPDUSD,2019-08-05T17:05:00+02:00,1421.090,1421.090,1421.010,1421.010,3
SQ:XPDUSD,2019-08-05T17:06:00+02:00,1420.950,1420.950,1417.710,1417.710,19
SQ:XPDUSD,2019-08-05T17:07:00+02:00,1417.710,1418.660,1416.670,1417.650,56
SQ:XPDUSD,2019-08-05T17:08:00+02:00,1417.650,1417.650,1415.260,1415.260,33
SQ:XPDUSD,2019-08-05T17:09:00+02:00,1415.210,1417.180,1415.000,1417.180,15
SQ:XPDUSD,2019-08-05T17:10:00+02:00,1417.180,1418.100,1417.130,1417.490,63
SQ:XPDUSD,2019-08-05T17:11:00+02:00,1417.490,1417.490,1416.890,1416.890,38
SQ:XPDUSD,2019-08-05T17:12:00+02:00,1416.890,1417.380,1416.810,1416.810,18
SQ:XPDUSD,2019-08-05T17:13:00+02:00,1416.810,1417.250,1415.370,1415.370,11
SQ:XPDUSD,2019-08-05T17:14:00+02:00,1415.370,1417.230,1415.370,1417.160,39
SQ:XPDUSD,2019-08-05T17:15:00+02:00,1417.320,1418.850,1417.230,1418.820,15
SQ:XPDUSD,2019-08-05T17:16:00+02:00,1418.820,1419.040,1418.820,1418.980,6
SQ:XPDUSD,2019-08-05T17:17:00+02:00,1418.980,1418.980,1418.840,1418.910,29
SQ:XPDUSD,2019-08-05T17:18:00+02:00,1418.900,1419.540,1418.730,1419.260,35
SQ:XPDUSD,2019-08-05T17:19:00+02:00,1419.260,1422.090,1419.260,1422.090,18
SQ:XPDUSD,2019-08-05T17:20:00+02:00,1422.090,1423.670,1419.510,1419.510,29
SQ:XPDUSD,2019-08-05T17:21:00+02:00,1419.510,1421.820,1419.510,1421.810,21
SQ:XPDUSD,2019-08-05T17:22:00+02:00,1421.780,1425.120,1421.780,1424.650,36
SQ:XPDUSD,2019-08-05T17:23:00+02:00,1424.650,1425.820,1424.650,1424.970,22
SQ:XPDUSD,2019-08-05T17:24:00+02:00,1424.980,1425.160,1424.520,1424.630,19
SQ:XPDUSD,2019-08-05T17:25:00+02:00,1424.670,1424.670,1423.290,1423.290,10
SQ:XPDUSD,2019-08-05T17:26:00+02:00,1423.250,1423.390,1421.890,1421.890,8
SQ:XPDUSD,2019-08-05T17:27:00+02:00,1421.890,1421.890,1421.110,1421.130,7
SQ:XPDUSD,2019-08-05T17:28:00+02:00,1421.130,1421.170,1421.070,1421.160,6
SQ:XPDUSD,2019-08-05T17:29:00+02:00,1421.160,1421.160,1420.470,1420.470,8
SQ:XPDUSD,2019-08-05T17:30:00+02:00,1420.470,1422.320,1420.390,1422.270,14
SQ:XPDUSD,2019-08-05T17:31:00+02:00,1422.270,1423.580,1421.680,1423.580,10
SQ:XPDUSD,2019-08-05T17:32:00+02:00,1423.910,1424.220,1422.700,1423.720,25
SQ:XPDUSD,2019-08-05T17:33:00+02:00,1423.750,1425.020,1423.750,1425.020,5
SQ:XPDUSD,2019-08-05T17:34:00+02:00,1425.020,1425.020,1423.820,1423.990,6
SQ:XPDUSD,2019-08-05T17:35:00+02:00,1423.990,1423.990,1423.140,1423.140,4
SQ:XPDUSD,2019-08-05T17:36:00+02:00,1423.140,1423.140,1421.730,1421.760,7
SQ:XPDUSD,2019-08-05T17:37:00+02:00,1421.760,1422.450,1421.670,1421.670,6
SQ:XPDUSD,2019-08-05T17:38:00+02:00,1421.670,1421.670,1421.170,1421.470,6
SQ:XPDUSD,2019-08-05T17:39:00+02:00,1421.470,1421.470,1419.850,1420.850,20
SQ:XPDUSD,2019-08-05T17:40:00+02:00,1420.890,1423.420,1419.560,1423.420,34
SQ:XPDUSD,2019-08-05T17:41:00+02:00,1423.420,1424.120,1422.980,1423.510,16
SQ:XPDUSD,2019-08-05T17:42:00+02:00,1423.510,1423.720,1423.510,1423.690,3
SQ:XPDUSD,2019-08-05T17:43:00+02:00,1423.690,1423.690,1422.800,1423.110,47
SQ:XPDUSD,2019-08-05T17:44:00+02:00,1423.020,1423.020,1423.020,1423.020,1
SQ:XPDUSD,2019-08-05T17:45:00+02:00,1423.020,1423.800,1423.020,1423.800,9
SQ:XPDUSD,2019-08-05T17:46:00+02:00,1423.800,1423.880,1423.710,1423.880,6
SQ:XPDUSD,2019-08-05T17:47:00+02:00,1423.880,1424.130,1422.950,1422.950,9
SQ:XPDUSD,2019-08-05T17:48:00+02:00,1422.950,1423.530,1422.570,1422.570,15
SQ:XPDUSD,2019-08-05T17:49:00+02:00,1422.550,1422.550,1422.470,1422.470,9
SQ:XPDUSD,2019-08-05T17:50:00+02:00,1422.460,1422.460,1420.920,1420.920,32
SQ:XPDUSD,2019-08-05T17:51:00+02:00,1421.040,1421.070,1420.920,1421.070,14
SQ:XPDUSD,2019-08-05T17:52:00+02:00,1420.950,1421.800,1420.950,1421.680,16
SQ:XPDUSD,2019-08-05T17:53:00+02:00,1421.790,1421.790,1421.630,1421.630,17
SQ:XPDUSD,2019-08-05T17:54:00+02:00,1421.750,1424.270,1421.630,1424.270,44
SQ:XPDUSD,2019-08-05T17:55:00+02:00,1424.190,1425.380,1423.960,1425.370,8
SQ:XPDUSD,2019-08-05T17:56:00+02:00,1424.970,1425.540,1423.840,1424.030,35
SQ:XPDUSD,2019-08-05T17:57:00+02:00,1423.730,1423.730,1423.170,1423.230,25
SQ:XPDUSD,2019-08-05T17:58:00+02:00,1423.140,1423.210,1421.220,1421.380,52
SQ:XPDUSD,2019-08-05T17:59:00+02:00,1421.430,1421.460,1421.370,1421.400,12
SQ:XPDUSD,2019-08-05T18:00:00+02:00,1421.450,1422.790,1421.450,1422.790,37
SQ:XPDUSD,2019-08-05T18:01:00+02:00,1423.030,1423.560,1422.980,1423.120,22
SQ:XPDUSD,2019-08-05T18:02:00+02:00,1423.060,1424.510,1423.060,1424.420,26
SQ:XPDUSD,2019-08-05T18:03:00+02:00,1424.440,1424.470,1424.290,1424.300,41
SQ:XPDUSD,2019-08-05T18:04:00+02:00,1424.320,1424.450,1424.120,1424.260,41
SQ:XPDUSD,2019-08-05T18:05:00+02:00,1423.930,1423.930,1422.230,1422.230,16
SQ:XPDUSD,2019-08-05T18:06:00+02:00,1422.220,1422.220,1420.320,1420.320,16
SQ:XPDUSD,2019-08-05T18:07:00+02:00,1420.230,1420.230,1420.100,1420.160,13
SQ:XPDUSD,2019-08-05T18:08:00+02:00,1420.100,1420.870,1420.090,1420.850,20
SQ:XPDUSD,2019-08-05T18:09:00+02:00,1420.850,1421.940,1420.480,1421.780,41
SQ:XPDUSD,2019-08-05T18:10:00+02:00,1421.570,1423.650,1421.030,1422.480,35
SQ:XPDUSD,2019-08-05T18:11:00+02:00,1422.660,1423.440,1422.660,1423.410,7
SQ:XPDUSD,2019-08-05T18:12:00+02:00,1423.420,1424.140,1423.420,1424.130,24
SQ:XPDUSD,2019-08-05T18:13:00+02:00,1424.140,1424.150,1423.210,1423.480,21
SQ:XPDUSD,2019-08-05T18:14:00+02:00,1423.390,1423.390,1422.440,1422.440,23
SQ:XPDUSD,2019-08-05T18:15:00+02:00,1422.380,1422.410,1422.250,1422.340,26
SQ:XPDUSD,2019-08-05T18:16:00+02:00,1422.290,1422.410,1421.440,1421.440,50
SQ:XPDUSD,2019-08-05T18:17:00+02:00,1421.510,1421.510,1420.180,1420.200,60
SQ:XPDUSD,2019-08-05T18:18:00+02:00,1420.210,1420.270,1419.350,1419.370,20
SQ:XPDUSD,2019-08-05T18:19:00+02:00,1419.330,1419.690,1418.970,1419.020,33
SQ:XPDUSD,2019-08-05T18:20:00+02:00,1418.900,1419.610,1418.540,1419.610,48
SQ:XPDUSD,2019-08-05T18:21:00+02:00,1419.770,1420.040,1419.720,1420.040,23
SQ:XPDUSD,2019-08-05T18:22:00+02:00,1420.220,1421.170,1420.220,1421.050,22
SQ:XPDUSD,2019-08-05T18:23:00+02:00,1421.050,1421.050,1421.050,1421.050,1
SQ:XPDUSD,2019-08-05T18:24:00+02:00,1420.970,1421.600,1420.680,1421.430,10
SQ:XPDUSD,2019-08-05T18:25:00+02:00,1421.490,1421.490,1420.910,1421.000,38
SQ:XPDUSD,2019-08-05T18:26:00+02:00,1421.080,1422.160,1421.080,1422.160,9
SQ:XPDUSD,2019-08-05T18:27:00+02:00,1422.170,1422.180,1422.170,1422.180,2
SQ:XPDUSD,2019-08-05T18:28:00+02:00,1422.180,1424.740,1422.090,1424.690,27
SQ:XPDUSD,2019-08-05T18:29:00+02:00,1424.630,1424.650,1423.540,1424.220,49
SQ:XPDUSD,2019-08-05T18:30:00+02:00,1424.230,1424.400,1423.280,1423.290,32
SQ:XPDUSD,2019-08-05T18:31:00+02:00,1423.360,1423.560,1423.290,1423.530,42
SQ:XPDUSD,2019-08-05T18:32:00+02:00,1423.470,1424.540,1423.350,1424.010,29
SQ:XPDUSD,2019-08-05T18:33:00+02:00,1424.080,1424.140,1424.020,1424.140,20
SQ:XPDUSD,2019-08-05T18:34:00+02:00,1424.150,1424.810,1424.150,1424.540,15
SQ:XPDUSD,2019-08-05T18:35:00+02:00,1424.620,1424.930,1423.320,1423.320,20
SQ:XPDUSD,2019-08-05T18:36:00+02:00,1423.330,1423.520,1422.690,1423.300,34
SQ:XPDUSD,2019-08-05T18:37:00+02:00,1423.300,1423.300,1423.260,1423.260,4
SQ:XPDUSD,2019-08-05T18:38:00+02:00,1423.260,1423.990,1423.240,1423.990,10
SQ:XPDUSD,2019-08-05T18:39:00+02:00,1423.970,1424.130,1423.860,1424.100,16
SQ:XPDUSD,2019-08-05T18:40:00+02:00,1424.110,1424.170,1423.580,1423.730,11
SQ:XPDUSD,2019-08-05T18:41:00+02:00,1423.730,1423.730,1423.730,1423.730,1
SQ:XPDUSD,2019-08-05T18:42:00+02:00,1423.730,1424.960,1423.730,1424.960,12
SQ:XPDUSD,2019-08-05T18:43:00+02:00,1424.970,1425.380,1424.970,1425.360,5
SQ:XPDUSD,2019-08-05T18:44:00+02:00,1425.270,1425.720,1422.520,1422.580,52
SQ:XPDUSD,2019-08-05T18:45:00+02:00,1422.610,1422.610,1420.060,1420.060,28
SQ:XPDUSD,2019-08-05T18:46:00+02:00,1420.050,1422.870,1420.050,1422.510,17
SQ:XPDUSD,2019-08-05T18:47:00+02:00,1422.200,1422.590,1422.200,1422.590,25
SQ:XPDUSD,2019-08-05T18:48:00+02:00,1422.800,1423.610,1422.800,1423.570,9
SQ:XPDUSD,2019-08-05T18:49:00+02:00,1423.570,1423.610,1422.330,1422.330,15
SQ:XPDUSD,2019-08-05T18:50:00+02:00,1422.510,1422.880,1421.560,1421.560,25
SQ:XPDUSD,2019-08-05T18:51:00+02:00,1421.550,1421.550,1420.960,1420.960,17
SQ:XPDUSD,2019-08-05T18:52:00+02:00,1420.970,1421.100,1417.670,1419.990,35
SQ:XPDUSD,2019-08-05T18:53:00+02:00,1419.980,1420.740,1419.980,1420.230,12
SQ:XPDUSD,2019-08-05T18:54:00+02:00,1420.240,1420.240,1418.940,1418.940,7
SQ:XPDUSD,2019-08-05T18:55:00+02:00,1418.810,1419.020,1418.370,1419.010,109
SQ:XPDUSD,2019-08-05T18:56:00+02:00,1418.970,1419.040,1418.340,1418.490,26
SQ:XPDUSD,2019-08-05T18:57:00+02:00,1418.400,1418.420,1416.330,1416.860,46
SQ:XPDUSD,2019-08-05T18:58:00+02:00,1416.930,1423.470,1416.890,1422.650,94
SQ:XPDUSD,2019-08-05T18:59:00+02:00,1422.750,1424.250,1421.220,1421.350,84
SQ:XPDUSD,2019-08-05T19:00:00+02:00,1421.270,1422.440,1420.740,1420.830,39
SQ:XPDUSD,2019-08-05T19:01:00+02:00,1420.830,1420.830,1419.960,1420.090,9
SQ:XPDUSD,2019-08-05T19:02:00+02:00,1420.120,1420.750,1420.120,1420.700,6
SQ:XPDUSD,2019-08-05T19:03:00+02:00,1420.650,1420.670,1420.400,1420.670,37
SQ:XPDUSD,2019-08-05T19:04:00+02:00,1420.710,1421.340,1420.660,1421.330,11
SQ:XPDUSD,2019-08-05T19:05:00+02:00,1421.330,1421.330,1421.330,1421.330,1
SQ:XPDUSD,2019-08-05T19:06:00+02:00,1421.330,1423.040,1421.330,1423.030,16
SQ:XPDUSD,2019-08-05T19:07:00+02:00,1423.020,1423.020,1422.900,1423.010,8
SQ:XPDUSD,2019-08-05T19:08:00+02:00,1423.000,1423.320,1423.000,1423.180,12
SQ:XPDUSD,2019-08-05T19:09:00+02:00,1423.190,1423.240,1423.190,1423.200,4
SQ:XPDUSD,2019-08-05T19:10:00+02:00,1423.250,1423.250,1422.770,1422.890,12
SQ:XPDUSD,2019-08-05T19:11:00+02:00,1422.900,1422.910,1422.900,1422.910,2
SQ:XPDUSD,2019-08-05T19:12:00+02:00,1422.920,1423.150,1422.920,1423.120,20
SQ:XPDUSD,2019-08-05T19:13:00+02:00,1423.150,1423.180,1423.120,1423.180,54
SQ:XPDUSD,2019-08-05T19:14:00+02:00,1423.070,1423.100,1421.440,1421.790,14
SQ:XPDUSD,2019-08-05T19:15:00+02:00,1421.790,1421.790,1421.680,1421.740,22
SQ:XPDUSD,2019-08-05T19:16:00+02:00,1421.680,1421.740,1421.470,1421.470,32
SQ:XPDUSD,2019-08-05T19:17:00+02:00,1421.440,1421.520,1421.410,1421.490,10
SQ:XPDUSD,2019-08-05T19:18:00+02:00,1421.410,1421.490,1421.310,1421.450,31
SQ:XPDUSD,2019-08-05T19:19:00+02:00,1421.450,1421.450,1421.360,1421.370,7
SQ:XPDUSD,2019-08-05T19:20:00+02:00,1421.440,1421.440,1421.370,1421.370,18
SQ:XPDUSD,2019-08-05T19:21:00+02:00,1421.440,1421.450,1421.370,1421.450,6
SQ:XPDUSD,2019-08-05T19:22:00+02:00,1421.460,1421.460,1421.460,1421.460,1
SQ:XPDUSD,2019-08-05T19:23:00+02:00,1421.470,1421.470,1421.400,1421.470,11
SQ:XPDUSD,2019-08-05T19:24:00+02:00,1421.490,1421.690,1420.230,1420.230,70
SQ:XPDUSD,2019-08-05T19:25:00+02:00,1420.160,1421.730,1420.160,1421.670,53
SQ:XPDUSD,2019-08-05T19:26:00+02:00,1421.740,1421.780,1421.680,1421.770,38
SQ:XPDUSD,2019-08-05T19:27:00+02:00,1421.770,1421.790,1421.610,1421.610,19
SQ:XPDUSD,2019-08-05T19:28:00+02:00,1421.320,1421.780,1421.080,1421.780,10
SQ:XPDUSD,2019-08-05T19:29:00+02:00,1421.780,1421.800,1421.560,1421.650,16
SQ:XPDUSD,2019-08-05T19:30:00+02:00,1421.560,1421.640,1421.560,1421.570,3
SQ:XPDUSD,2019-08-05T19:31:00+02:00,1421.650,1423.670,1421.560,1423.670,24
SQ:XPDUSD,2019-08-05T19:32:00+02:00,1423.650,1424.300,1423.650,1424.300,27
SQ:XPDUSD,2019-08-05T19:33:00+02:00,1424.350,1424.900,1422.700,1422.870,35
SQ:XPDUSD,2019-08-05T19:34:00+02:00,1422.930,1423.230,1422.520,1423.060,38
SQ:XPDUSD,2019-08-05T19:35:00+02:00,1423.050,1423.050,1423.020,1423.020,4
SQ:XPDUSD,2019-08-05T19:36:00+02:00,1423.010,1424.530,1423.010,1424.510,17
SQ:XPDUSD,2019-08-05T19:37:00+02:00,1424.500,1424.610,1424.160,1424.350,15
SQ:XPDUSD,2019-08-05T19:38:00+02:00,1424.430,1424.530,1423.340,1423.540,56
SQ:XPDUSD,2019-08-05T19:39:00+02:00,1423.610,1423.610,1423.480,1423.550,19
SQ:XPDUSD,2019-08-05T19:40:00+02:00,1423.580,1423.700,1423.580,1423.700,21
SQ:XPDUSD,2019-08-05T19:41:00+02:00,1423.710,1424.480,1423.710,1424.210,7
SQ:XPDUSD,2019-08-05T19:42:00+02:00,1424.200,1424.200,1423.430,1423.570,11
SQ:XPDUSD,2019-08-05T19:43:00+02:00,1423.550,1423.800,1423.350,1423.350,9
SQ:XPDUSD,2019-08-05T19:44:00+02:00,1423.340,1423.350,1423.220,1423.350,29
SQ:XPDUSD,2019-08-05T19:45:00+02:00,1423.090,1423.090,1423.040,1423.040,40
SQ:XPDUSD,2019-08-05T19:46:00+02:00,1423.060,1423.060,1421.500,1421.580,15
SQ:XPDUSD,2019-08-05T19:47:00+02:00,1421.560,1421.560,1421.510,1421.510,6
SQ:XPDUSD,2019-08-05T19:48:00+02:00,1421.500,1421.500,1421.480,1421.480,3
SQ:XPDUSD,2019-08-05T19:49:00+02:00,1421.470,1421.470,1421.400,1421.400,4
SQ:XPDUSD,2019-08-05T19:50:00+02:00,1421.390,1421.390,1420.640,1421.280,18
SQ:XPDUSD,2019-08-05T19:51:00+02:00,1421.360,1421.360,1421.220,1421.300,15
SQ:XPDUSD,2019-08-05T19:52:00+02:00,1421.310,1421.410,1421.110,1421.410,7
SQ:XPDUSD,2019-08-05T19:53:00+02:00,1421.310,1421.440,1421.310,1421.440,6
SQ:XPDUSD,2019-08-05T19:54:00+02:00,1421.440,1422.810,1421.440,1422.710,9
SQ:XPDUSD,2019-08-05T19:55:00+02:00,1422.700,1422.700,1422.270,1422.270,4
SQ:XPDUSD,2019-08-05T19:56:00+02:00,1422.260,1422.360,1422.250,1422.250,4
SQ:XPDUSD,2019-08-05T19:57:00+02:00,1422.360,1422.360,1422.110,1422.110,8
SQ:XPDUSD,2019-08-05T19:58:00+02:00,1422.110,1422.110,1422.110,1422.110,1
SQ:XPDUSD,2019-08-05T20:00:00+02:00,1422.110,1422.190,1422.110,1422.190,3
SQ:XPDUSD,2019-08-05T20:01:00+02:00,1422.200,1422.210,1422.200,1422.210,2
SQ:XPDUSD,2019-08-05T20:02:00+02:00,1422.220,1422.220,1422.220,1422.220,1
SQ:XPDUSD,2019-08-05T20:03:00+02:00,1422.260,1422.810,1422.260,1422.790,4
SQ:XPDUSD,2019-08-05T20:04:00+02:00,1422.780,1422.780,1422.740,1422.740,5
SQ:XPDUSD,2019-08-05T20:05:00+02:00,1422.730,1422.730,1422.710,1422.710,3
SQ:XPDUSD,2019-08-05T20:06:00+02:00,1422.700,1422.700,1422.690,1422.690,2
SQ:XPDUSD,2019-08-05T20:07:00+02:00,1422.810,1423.180,1422.810,1423.180,6
SQ:XPDUSD,2019-08-05T20:08:00+02:00,1423.070,1423.190,1422.700,1422.700,16
SQ:XPDUSD,2019-08-05T20:09:00+02:00,1422.600,1422.600,1422.400,1422.420,8
SQ:XPDUSD,2019-08-05T20:10:00+02:00,1422.430,1422.560,1422.430,1422.560,5
SQ:XPDUSD,2019-08-05T20:11:00+02:00,1422.570,1422.780,1422.570,1422.780,28
SQ:XPDUSD,2019-08-05T20:12:00+02:00,1422.790,1422.810,1422.790,1422.800,4
SQ:XPDUSD,2019-08-05T20:13:00+02:00,1422.810,1422.820,1422.790,1422.800,4
SQ:XPDUSD,2019-08-05T20:14:00+02:00,1422.810,1422.830,1422.810,1422.830,3
SQ:XPDUSD,2019-08-05T20:15:00+02:00,1422.830,1422.840,1422.770,1422.780,5
SQ:XPDUSD,2019-08-05T20:16:00+02:00,1422.790,1423.530,1422.790,1423.440,9
SQ:XPDUSD,2019-08-05T20:17:00+02:00,1423.430,1423.430,1423.420,1423.420,2
SQ:XPDUSD,2019-08-05T20:18:00+02:00,1423.410,1423.410,1423.400,1423.400,2
SQ:XPDUSD,2019-08-05T20:19:00+02:00,1423.400,1423.400,1423.360,1423.360,2
SQ:XPDUSD,2019-08-05T20:21:00+02:00,1423.360,1423.360,1423.360,1423.360,1
SQ:XPDUSD,2019-08-05T20:22:00+02:00,1423.300,1423.360,1423.290,1423.290,4
SQ:XPDUSD,2019-08-05T20:23:00+02:00,1423.280,1423.340,1423.280,1423.340,2
SQ:XPDUSD,2019-08-05T20:24:00+02:00,1423.340,1423.350,1423.280,1423.350,3
SQ:XPDUSD,2019-08-05T20:25:00+02:00,1423.290,1423.370,1423.290,1423.360,12
SQ:XPDUSD,2019-08-05T20:26:00+02:00,1423.300,1423.360,1423.290,1423.290,23
SQ:XPDUSD,2019-08-05T20:27:00+02:00,1423.290,1423.340,1421.850,1422.160,19
SQ:XPDUSD,2019-08-05T20:28:00+02:00,1422.270,1422.270,1422.130,1422.140,8
SQ:XPDUSD,2019-08-05T20:29:00+02:00,1421.960,1421.960,1421.680,1421.770,13
SQ:XPDUSD,2019-08-05T20:30:00+02:00,1422.090,1422.970,1421.920,1422.950,7
SQ:XPDUSD,2019-08-05T20:31:00+02:00,1422.940,1424.600,1422.920,1424.590,12
SQ:XPDUSD,2019-08-05T20:32:00+02:00,1424.390,1425.400,1424.390,1425.260,24
SQ:XPDUSD,2019-08-05T20:33:00+02:00,1425.260,1427.870,1425.260,1427.510,26
SQ:XPDUSD,2019-08-05T20:34:00+02:00,1427.490,1427.510,1425.980,1426.450,36
SQ:XPDUSD,2019-08-05T20:35:00+02:00,1426.310,1426.830,1426.310,1426.530,59
SQ:XPDUSD,2019-08-05T20:36:00+02:00,1426.530,1426.530,1425.880,1425.880,6
SQ:XPDUSD,2019-08-05T20:37:00+02:00,1425.890,1425.930,1425.160,1425.400,26
SQ:XPDUSD,2019-08-05T20:38:00+02:00,1425.210,1425.450,1424.200,1425.140,18
SQ:XPDUSD,2019-08-05T20:39:00+02:00,1425.380,1425.380,1425.060,1425.060,7
SQ:XPDUSD,2019-08-05T20:40:00+02:00,1424.780,1425.810,1424.780,1424.990,24
SQ:XPDUSD,2019-08-05T20:41:00+02:00,1425.000,1425.000,1423.740,1423.740,7
SQ:XPDUSD,2019-08-05T20:42:00+02:00,1423.620,1424.950,1422.990,1424.950,15
SQ:XPDUSD,2019-08-05T20:43:00+02:00,1424.950,1424.950,1424.360,1424.360,13
SQ:XPDUSD,2019-08-05T20:44:00+02:00,1424.360,1424.390,1423.030,1423.030,17
SQ:XPDUSD,2019-08-05T20:45:00+02:00,1423.000,1423.250,1423.000,1423.250,9
SQ:XPDUSD,2019-08-05T20:46:00+02:00,1423.250,1423.250,1423.060,1423.060,4
SQ:XPDUSD,2019-08-05T20:47:00+02:00,1423.060,1423.060,1423.060,1423.060,1
SQ:XPDUSD,2019-08-05T20:48:00+02:00,1422.000,1422.910,1422.000,1422.910,2
SQ:XPDUSD,2019-08-05T20:50:00+02:00,1422.000,1423.910,1422.000,1423.910,4
SQ:XPDUSD,2019-08-05T20:51:00+02:00,1423.960,1423.960,1423.900,1423.900,2
SQ:XPDUSD,2019-08-05T20:52:00+02:00,1423.900,1424.010,1423.900,1424.010,2
SQ:XPDUSD,2019-08-05T20:53:00+02:00,1424.010,1424.100,1423.240,1424.100,12
SQ:XPDUSD,2019-08-05T20:54:00+02:00,1424.090,1424.090,1422.740,1422.740,8
SQ:XPDUSD,2019-08-05T20:55:00+02:00,1422.560,1422.560,1422.530,1422.530,4
SQ:XPDUSD,2019-08-05T20:56:00+02:00,1422.520,1422.520,1422.210,1422.230,6
SQ:XPDUSD,2019-08-05T20:57:00+02:00,1422.240,1422.260,1422.030,1422.260,19
SQ:XPDUSD,2019-08-05T20:58:00+02:00,1422.280,1422.360,1422.140,1422.360,10
SQ:XPDUSD,2019-08-05T20:59:00+02:00,1422.370,1422.460,1422.370,1422.460,4
SQ:XPDUSD,2019-08-05T21:00:00+02:00,1422.470,1422.470,1422.470,1422.470,1
SQ:XPDUSD,2019-08-05T21:01:00+02:00,1422.480,1422.480,1422.480,1422.480,1
SQ:XPDUSD,2019-08-05T21:02:00+02:00,1422.480,1422.780,1422.290,1422.500,10
SQ:XPDUSD,2019-08-05T21:03:00+02:00,1422.500,1422.500,1422.480,1422.480,3
SQ:XPDUSD,2019-08-05T21:04:00+02:00,1422.480,1422.480,1422.470,1422.470,2
SQ:XPDUSD,2019-08-05T21:05:00+02:00,1422.380,1422.410,1422.320,1422.400,15
SQ:XPDUSD,2019-08-05T21:06:00+02:00,1422.400,1422.500,1422.400,1422.500,3
SQ:XPDUSD,2019-08-05T21:07:00+02:00,1422.490,1422.490,1422.480,1422.480,2
SQ:XPDUSD,2019-08-05T21:08:00+02:00,1422.480,1422.480,1421.750,1421.750,9
SQ:XPDUSD,2019-08-05T21:09:00+02:00,1421.710,1421.900,1421.680,1421.870,37
SQ:XPDUSD,2019-08-05T21:10:00+02:00,1421.860,1421.980,1421.860,1421.940,15
SQ:XPDUSD,2019-08-05T21:11:00+02:00,1421.930,1421.930,1421.880,1421.880,5
SQ:XPDUSD,2019-08-05T21:12:00+02:00,1421.880,1421.890,1421.850,1421.890,5
SQ:XPDUSD,2019-08-05T21:13:00+02:00,1421.890,1421.900,1421.890,1421.900,4
SQ:XPDUSD,2019-08-05T21:14:00+02:00,1421.900,1421.900,1421.900,1421.900,1
SQ:XPDUSD,2019-08-05T21:15:00+02:00,1421.900,1421.900,1421.760,1421.770,16
SQ:XPDUSD,2019-08-05T21:16:00+02:00,1421.810,1422.690,1421.770,1422.690,12
SQ:XPDUSD,2019-08-05T21:17:00+02:00,1422.730,1423.850,1422.730,1423.750,19
SQ:XPDUSD,2019-08-05T21:18:00+02:00,1423.730,1423.800,1423.710,1423.750,35
SQ:XPDUSD,2019-08-05T21:19:00+02:00,1423.770,1423.790,1423.720,1423.760,35
SQ:XPDUSD,2019-08-05T21:20:00+02:00,1423.740,1424.830,1423.740,1424.830,55
SQ:XPDUSD,2019-08-05T21:21:00+02:00,1424.820,1424.820,1424.810,1424.810,2
SQ:XPDUSD,2019-08-05T21:22:00+02:00,1424.690,1424.690,1423.920,1423.920,11
SQ:XPDUSD,2019-08-05T21:23:00+02:00,1423.920,1423.930,1423.360,1423.380,26
SQ:XPDUSD,2019-08-05T21:24:00+02:00,1423.390,1423.570,1423.390,1423.570,16
SQ:XPDUSD,2019-08-05T21:25:00+02:00,1423.450,1423.660,1423.450,1423.640,36
SQ:XPDUSD,2019-08-05T21:26:00+02:00,1423.640,1423.690,1423.530,1423.550,27
SQ:XPDUSD,2019-08-05T21:27:00+02:00,1423.660,1423.670,1423.550,1423.670,31
SQ:XPDUSD,2019-08-05T21:28:00+02:00,1423.670,1423.700,1423.550,1423.700,22
SQ:XPDUSD,2019-08-05T21:29:00+02:00,1423.580,1423.700,1422.510,1422.510,39
SQ:XPDUSD,2019-08-05T21:30:00+02:00,1422.500,1422.500,1422.440,1422.440,6
SQ:XPDUSD,2019-08-05T21:31:00+02:00,1422.430,1422.430,1422.410,1422.410,3
SQ:XPDUSD,2019-08-05T21:32:00+02:00,1422.400,1422.430,1422.370,1422.420,54
SQ:XPDUSD,2019-08-05T21:33:00+02:00,1422.470,1422.470,1422.430,1422.430,5
SQ:XPDUSD,2019-08-05T21:34:00+02:00,1422.420,1422.420,1422.320,1422.410,15
SQ:XPDUSD,2019-08-05T21:35:00+02:00,1422.390,1422.390,1422.380,1422.380,2
SQ:XPDUSD,2019-08-05T21:36:00+02:00,1422.380,1424.310,1422.380,1424.290,74
SQ:XPDUSD,2019-08-05T21:37:00+02:00,1424.310,1424.530,1424.260,1424.530,33
SQ:XPDUSD,2019-08-05T21:38:00+02:00,1424.540,1424.570,1424.460,1424.520,52
SQ:XPDUSD,2019-08-05T21:39:00+02:00,1424.470,1424.510,1424.360,1424.420,106
SQ:XPDUSD,2019-08-05T21:40:00+02:00,1424.400,1424.450,1424.130,1424.180,73
SQ:XPDUSD,2019-08-05T21:41:00+02:00,1424.120,1424.170,1424.010,1424.010,64
SQ:XPDUSD,2019-08-05T21:42:00+02:00,1424.030,1424.110,1424.010,1424.030,49
SQ:XPDUSD,2019-08-05T21:43:00+02:00,1423.980,1424.240,1423.690,1423.770,24
SQ:XPDUSD,2019-08-05T21:44:00+02:00,1423.720,1423.720,1422.710,1422.970,27
SQ:XPDUSD,2019-08-05T21:45:00+02:00,1423.070,1423.730,1423.070,1423.630,23
SQ:XPDUSD,2019-08-05T21:46:00+02:00,1423.720,1423.720,1422.850,1423.230,32
SQ:XPDUSD,2019-08-05T21:47:00+02:00,1423.150,1423.190,1422.230,1422.230,47
SQ:XPDUSD,2019-08-05T21:48:00+02:00,1422.240,1422.280,1421.960,1422.000,50
SQ:XPDUSD,2019-08-05T21:49:00+02:00,1421.990,1422.040,1421.960,1421.960,9
SQ:XPDUSD,2019-08-05T21:50:00+02:00,1421.950,1422.060,1421.920,1421.920,4
SQ:XPDUSD,2019-08-05T21:51:00+02:00,1422.040,1422.040,1421.890,1421.890,2
SQ:XPDUSD,2019-08-05T21:52:00+02:00,1422.040,1422.040,1421.890,1421.890,2
SQ:XPDUSD,2019-08-05T21:53:00+02:00,1421.890,1421.890,1421.880,1421.880,2
SQ:XPDUSD,2019-08-05T21:54:00+02:00,1422.030,1422.030,1421.850,1421.900,15
SQ:XPDUSD,2019-08-05T21:55:00+02:00,1421.970,1423.280,1421.900,1423.030,39
SQ:XPDUSD,2019-08-05T21:56:00+02:00,1423.050,1423.510,1422.980,1423.030,17
SQ:XPDUSD,2019-08-05T21:57:00+02:00,1423.150,1423.160,1422.840,1422.840,31
SQ:XPDUSD,2019-08-05T21:58:00+02:00,1422.930,1423.130,1422.590,1422.710,34
SQ:XPDUSD,2019-08-05T21:59:00+02:00,1422.660,1423.570,1422.260,1422.790,48
SQ:XPDUSD,2019-08-05T22:00:00+02:00,1422.750,1422.770,1422.330,1422.410,32
SQ:XPDUSD,2019-08-05T22:01:00+02:00,1422.490,1422.490,1422.020,1422.020,21
SQ:XPDUSD,2019-08-05T22:02:00+02:00,1422.020,1422.020,1421.690,1421.690,4
SQ:XPDUSD,2019-08-05T22:03:00+02:00,1421.670,1421.950,1421.670,1421.940,4
SQ:XPDUSD,2019-08-05T22:04:00+02:00,1421.940,1421.940,1421.870,1421.910,3
SQ:XPDUSD,2019-08-05T22:05:00+02:00,1421.890,1421.900,1421.890,1421.900,2
SQ:XPDUSD,2019-08-05T22:06:00+02:00,1421.900,1421.960,1421.890,1421.890,13
SQ:XPDUSD,2019-08-05T22:07:00+02:00,1421.890,1421.890,1421.830,1421.830,2
SQ:XPDUSD,2019-08-05T22:08:00+02:00,1421.830,1421.830,1421.640,1421.640,2
SQ:XPDUSD,2019-08-05T22:09:00+02:00,1421.630,1421.860,1421.420,1421.730,19
SQ:XPDUSD,2019-08-05T22:10:00+02:00,1421.730,1421.820,1421.720,1421.720,11
SQ:XPDUSD,2019-08-05T22:11:00+02:00,1421.730,1421.780,1421.670,1421.720,18
SQ:XPDUSD,2019-08-05T22:12:00+02:00,1421.710,1421.790,1421.630,1421.790,24
SQ:XPDUSD,2019-08-05T22:13:00+02:00,1421.790,1421.830,1421.750,1421.800,14
SQ:XPDUSD,2019-08-05T22:14:00+02:00,1421.810,1421.810,1421.480,1421.480,12
SQ:XPDUSD,2019-08-05T22:15:00+02:00,1421.720,1421.820,1421.680,1421.810,12
SQ:XPDUSD,2019-08-05T22:16:00+02:00,1421.810,1422.520,1421.750,1422.320,20
SQ:XPDUSD,2019-08-05T22:17:00+02:00,1422.300,1422.380,1422.210,1422.210,13
SQ:XPDUSD,2019-08-05T22:18:00+02:00,1422.340,1422.340,1421.940,1421.940,5
SQ:XPDUSD,2019-08-05T22:20:00+02:00,1421.940,1421.940,1421.930,1421.930,2
SQ:XPDUSD,2019-08-05T22:21:00+02:00,1421.930,1422.030,1421.900,1422.030,3
SQ:XPDUSD,2019-08-05T22:22:00+02:00,1422.090,1422.090,1422.030,1422.030,7
SQ:XPDUSD,2019-08-05T22:23:00+02:00,1422.030,1422.030,1422.030,1422.030,1
SQ:XPDUSD,2019-08-05T22:24:00+02:00,1422.030,1422.030,1421.940,1421.940,3
SQ:XPDUSD,2019-08-05T22:25:00+02:00,1421.930,1421.930,1421.910,1421.910,3
SQ:XPDUSD,2019-08-05T22:26:00+02:00,1421.900,1421.900,1421.880,1421.880,2
SQ:XPDUSD,2019-08-05T22:27:00+02:00,1421.850,1421.850,1421.850,1421.850,1
SQ:XPDUSD,2019-08-05T22:29:00+02:00,1421.850,1421.850,1421.370,1421.370,3
SQ:XPDUSD,2019-08-05T22:30:00+02:00,1421.370,1422.230,1421.360,1422.230,9
SQ:XPDUSD,2019-08-05T22:31:00+02:00,1422.230,1422.230,1422.230,1422.230,1
SQ:XPDUSD,2019-08-05T22:32:00+02:00,1422.230,1422.230,1422.230,1422.230,1
SQ:XPDUSD,2019-08-05T22:33:00+02:00,1421.890,1421.890,1421.890,1421.890,1
SQ:XPDUSD,2019-08-05T22:34:00+02:00,1421.880,1421.880,1421.880,1421.880,1
SQ:XPDUSD,2019-08-05T22:35:00+02:00,1422.030,1422.030,1422.030,1422.030,1
SQ:XPDUSD,2019-08-05T22:36:00+02:00,1422.030,1422.030,1422.030,1422.030,1
SQ:XPDUSD,2019-08-05T22:38:00+02:00,1422.030,1422.030,1421.630,1421.630,3
SQ:XPDUSD,2019-08-05T22:39:00+02:00,1421.630,1421.720,1421.630,1421.720,2
SQ:XPDUSD,2019-08-05T22:40:00+02:00,1421.720,1421.730,1421.510,1421.720,7
SQ:XPDUSD,2019-08-05T22:41:00+02:00,1421.660,1421.660,1421.440,1421.440,3
SQ:XPDUSD,2019-08-05T22:42:00+02:00,1421.440,1421.500,1421.440,1421.500,3
SQ:XPDUSD,2019-08-05T22:43:00+02:00,1421.500,1421.500,1421.500,1421.500,1
SQ:XPDUSD,2019-08-05T22:44:00+02:00,1420.940,1421.680,1420.940,1421.680,6
SQ:XPDUSD,2019-08-05T22:45:00+02:00,1421.680,1421.680,1421.460,1421.540,5
SQ:XPDUSD,2019-08-05T22:46:00+02:00,1421.490,1421.490,1421.060,1421.340,5
SQ:XPDUSD,2019-08-05T22:47:00+02:00,1421.340,1421.340,1421.220,1421.220,6
SQ:XPDUSD,2019-08-05T22:48:00+02:00,1421.220,1421.220,1421.220,1421.220,1
SQ:XPDUSD,2019-08-05T22:49:00+02:00,1421.220,1421.220,1420.960,1420.960,3
SQ:XPDUSD,2019-08-05T22:50:00+02:00,1420.960,1421.340,1420.960,1421.260,16
SQ:XPDUSD,2019-08-05T22:51:00+02:00,1421.240,1421.260,1421.210,1421.220,5
SQ:XPDUSD,2019-08-05T22:52:00+02:00,1421.220,1421.230,1421.220,1421.230,2
SQ:XPDUSD,2019-08-05T22:53:00+02:00,1420.750,1420.750,1420.750,1420.750,1
SQ:XPDUSD,2019-08-05T22:54:00+02:00,1420.750,1420.750,1420.680,1420.680,2
