SQ:XAGUSD,2021-08-20T00:01:00+02:00,23.1860,23.2225,23.1860,23.2205,13
SQ:XAGUSD,2021-08-20T00:02:00+02:00,23.2205,23.2235,23.2205,23.2215,7
SQ:XAGUSD,2021-08-20T00:03:00+02:00,23.2215,23.2215,23.2125,23.2125,6
SQ:XAGUSD,2021-08-20T00:04:00+02:00,23.2125,23.2175,23.2085,23.2135,12
SQ:XAGUSD,2021-08-20T00:05:00+02:00,23.2135,23.2135,23.2125,23.2125,2
SQ:XAGUSD,2021-08-20T00:06:00+02:00,23.2115,23.2125,23.2105,23.2105,6
SQ:XAGUSD,2021-08-20T00:07:00+02:00,23.2095,23.2155,23.2095,23.2125,9
SQ:XAGUSD,2021-08-20T00:08:00+02:00,23.2125,23.2181,23.2125,23.2181,7
SQ:XAGUSD,2021-08-20T00:09:00+02:00,23.2185,23.2185,23.2185,23.2185,1
SQ:XAGUSD,2021-08-20T00:10:00+02:00,23.2175,23.2211,23.2165,23.2185,14
SQ:XAGUSD,2021-08-20T00:11:00+02:00,23.2211,23.2235,23.2211,23.2225,6
SQ:XAGUSD,2021-08-20T00:12:00+02:00,23.2225,23.2231,23.2195,23.2231,11
SQ:XAGUSD,2021-08-20T00:13:00+02:00,23.2225,23.2225,23.2225,23.2225,1
SQ:XAGUSD,2021-08-20T00:14:00+02:00,23.2225,23.2235,23.2225,23.2235,2
SQ:XAGUSD,2021-08-20T00:15:00+02:00,23.2235,23.2235,23.2145,23.2145,7
SQ:XAGUSD,2021-08-20T00:16:00+02:00,23.2155,23.2185,23.2155,23.2175,6
SQ:XAGUSD,2021-08-20T00:17:00+02:00,23.2175,23.2195,23.2165,23.2185,9
SQ:XAGUSD,2021-08-20T00:18:00+02:00,23.2185,23.2225,23.2175,23.2225,7
SQ:XAGUSD,2021-08-20T00:19:00+02:00,23.2225,23.2285,23.2225,23.2285,6
SQ:XAGUSD,2021-08-20T00:20:00+02:00,23.2285,23.2285,23.2255,23.2285,13
SQ:XAGUSD,2021-08-20T00:21:00+02:00,23.2265,23.2295,23.2265,23.2295,5
SQ:XAGUSD,2021-08-20T00:22:00+02:00,23.2295,23.2325,23.2295,23.2325,3
SQ:XAGUSD,2021-08-20T00:23:00+02:00,23.2305,23.2425,23.2305,23.2425,8
SQ:XAGUSD,2021-08-20T00:24:00+02:00,23.2430,23.2430,23.2310,23.2320,13
SQ:XAGUSD,2021-08-20T00:25:00+02:00,23.2320,23.2340,23.2290,23.2340,4
SQ:XAGUSD,2021-08-20T00:26:00+02:00,23.2350,23.2415,23.2330,23.2415,7
SQ:XAGUSD,2021-08-20T00:27:00+02:00,23.2410,23.2410,23.2335,23.2335,7
SQ:XAGUSD,2021-08-20T00:28:00+02:00,23.2340,23.2350,23.2285,23.2285,9
SQ:XAGUSD,2021-08-20T00:29:00+02:00,23.2285,23.2285,23.2285,23.2285,1
SQ:XAGUSD,2021-08-20T00:30:00+02:00,23.2270,23.2270,23.2235,23.2235,4
SQ:XAGUSD,2021-08-20T00:31:00+02:00,23.2230,23.2230,23.2180,23.2180,8
SQ:XAGUSD,2021-08-20T00:32:00+02:00,23.2185,23.2185,23.2180,23.2180,2
SQ:XAGUSD,2021-08-20T00:33:00+02:00,23.2185,23.2265,23.2185,23.2260,7
SQ:XAGUSD,2021-08-20T00:34:00+02:00,23.2240,23.2240,23.2230,23.2230,5
SQ:XAGUSD,2021-08-20T00:35:00+02:00,23.2225,23.2225,23.2190,23.2215,7
SQ:XAGUSD,2021-08-20T00:36:00+02:00,23.2235,23.2235,23.2225,23.2225,2
SQ:XAGUSD,2021-08-20T00:37:00+02:00,23.2220,23.2220,23.2170,23.2170,6
SQ:XAGUSD,2021-08-20T00:38:00+02:00,23.2170,23.2175,23.2140,23.2140,6
SQ:XAGUSD,2021-08-20T00:39:00+02:00,23.2140,23.2185,23.2140,23.2160,15
SQ:XAGUSD,2021-08-20T00:40:00+02:00,23.2170,23.2200,23.2170,23.2190,10
SQ:XAGUSD,2021-08-20T00:41:00+02:00,23.2180,23.2205,23.2180,23.2205,4
SQ:XAGUSD,2021-08-20T00:42:00+02:00,23.2225,23.2240,23.2225,23.2230,4
SQ:XAGUSD,2021-08-20T00:43:00+02:00,23.2235,23.2235,23.2230,23.2235,3
SQ:XAGUSD,2021-08-20T00:44:00+02:00,23.2230,23.2230,23.2225,23.2225,2
SQ:XAGUSD,2021-08-20T00:45:00+02:00,23.2225,23.2265,23.2225,23.2240,7
SQ:XAGUSD,2021-08-20T00:46:00+02:00,23.2235,23.2235,23.2185,23.2195,7
SQ:XAGUSD,2021-08-20T00:47:00+02:00,23.2195,23.2195,23.2185,23.2195,4
SQ:XAGUSD,2021-08-20T00:48:00+02:00,23.2195,23.2215,23.2145,23.2145,9
SQ:XAGUSD,2021-08-20T00:49:00+02:00,23.2165,23.2195,23.2165,23.2185,8
SQ:XAGUSD,2021-08-20T00:50:00+02:00,23.2175,23.2175,23.2135,23.2135,4
SQ:XAGUSD,2021-08-20T00:51:00+02:00,23.2135,23.2165,23.2135,23.2140,12
SQ:XAGUSD,2021-08-20T00:52:00+02:00,23.2140,23.2140,23.2130,23.2130,3
SQ:XAGUSD,2021-08-20T00:53:00+02:00,23.2135,23.2215,23.2135,23.2215,11
SQ:XAGUSD,2021-08-20T00:54:00+02:00,23.2215,23.2215,23.2175,23.2175,5
SQ:XAGUSD,2021-08-20T00:55:00+02:00,23.2185,23.2185,23.2175,23.2175,2
SQ:XAGUSD,2021-08-20T00:56:00+02:00,23.2175,23.2175,23.2175,23.2175,1
SQ:XAGUSD,2021-08-20T00:57:00+02:00,23.2170,23.2195,23.2170,23.2185,3
SQ:XAGUSD,2021-08-20T00:58:00+02:00,23.2195,23.2225,23.2185,23.2215,10
SQ:XAGUSD,2021-08-20T00:59:00+02:00,23.2205,23.2225,23.2195,23.2225,11
SQ:XAGUSD,2021-08-20T01:00:00+02:00,23.2220,23.2220,23.2120,23.2175,21
SQ:XAGUSD,2021-08-20T01:01:00+02:00,23.2170,23.2205,23.2130,23.2180,23
SQ:XAGUSD,2021-08-20T01:02:00+02:00,23.2175,23.2180,23.2135,23.2135,9
SQ:XAGUSD,2021-08-20T01:03:00+02:00,23.2135,23.2180,23.2135,23.2145,9
SQ:XAGUSD,2021-08-20T01:04:00+02:00,23.2145,23.2145,23.2135,23.2145,5
SQ:XAGUSD,2021-08-20T01:05:00+02:00,23.2175,23.2175,23.2155,23.2175,4
SQ:XAGUSD,2021-08-20T01:06:00+02:00,23.2185,23.2235,23.2185,23.2235,4
SQ:XAGUSD,2021-08-20T01:07:00+02:00,23.2235,23.2240,23.2180,23.2180,12
SQ:XAGUSD,2021-08-20T01:08:00+02:00,23.2180,23.2225,23.2155,23.2165,27
SQ:XAGUSD,2021-08-20T01:09:00+02:00,23.2165,23.2220,23.2160,23.2215,17
SQ:XAGUSD,2021-08-20T01:10:00+02:00,23.2205,23.2205,23.2180,23.2185,16
SQ:XAGUSD,2021-08-20T01:11:00+02:00,23.2180,23.2275,23.2180,23.2275,11
SQ:XAGUSD,2021-08-20T01:12:00+02:00,23.2275,23.2275,23.2240,23.2260,15
SQ:XAGUSD,2021-08-20T01:13:00+02:00,23.2245,23.2250,23.2215,23.2225,12
SQ:XAGUSD,2021-08-20T01:14:00+02:00,23.2225,23.2225,23.2185,23.2185,5
SQ:XAGUSD,2021-08-20T01:15:00+02:00,23.2180,23.2225,23.2140,23.2215,14
SQ:XAGUSD,2021-08-20T01:16:00+02:00,23.2215,23.2225,23.2195,23.2225,15
SQ:XAGUSD,2021-08-20T01:17:00+02:00,23.2225,23.2225,23.2225,23.2225,1
SQ:XAGUSD,2021-08-20T01:18:00+02:00,23.2220,23.2225,23.2190,23.2190,4
SQ:XAGUSD,2021-08-20T01:19:00+02:00,23.2190,23.2190,23.2120,23.2130,7
SQ:XAGUSD,2021-08-20T01:20:00+02:00,23.2135,23.2215,23.2135,23.2195,7
SQ:XAGUSD,2021-08-20T01:21:00+02:00,23.2195,23.2195,23.2180,23.2180,2
SQ:XAGUSD,2021-08-20T01:22:00+02:00,23.2180,23.2210,23.2180,23.2190,4
SQ:XAGUSD,2021-08-20T01:23:00+02:00,23.2180,23.2180,23.2125,23.2135,10
SQ:XAGUSD,2021-08-20T01:24:00+02:00,23.2135,23.2150,23.2135,23.2150,2
SQ:XAGUSD,2021-08-20T01:25:00+02:00,23.2160,23.2185,23.2145,23.2150,4
SQ:XAGUSD,2021-08-20T01:26:00+02:00,23.2195,23.2235,23.2195,23.2235,6
SQ:XAGUSD,2021-08-20T01:27:00+02:00,23.2230,23.2230,23.2135,23.2135,11
SQ:XAGUSD,2021-08-20T01:28:00+02:00,23.2145,23.2195,23.2145,23.2195,4
SQ:XAGUSD,2021-08-20T01:29:00+02:00,23.2195,23.2235,23.2175,23.2185,9
SQ:XAGUSD,2021-08-20T01:30:00+02:00,23.2185,23.2190,23.2140,23.2140,5
SQ:XAGUSD,2021-08-20T01:31:00+02:00,23.2140,23.2140,23.2125,23.2140,8
SQ:XAGUSD,2021-08-20T01:32:00+02:00,23.2140,23.2335,23.2120,23.2145,30
SQ:XAGUSD,2021-08-20T01:33:00+02:00,23.2145,23.2145,23.2080,23.2085,35
SQ:XAGUSD,2021-08-20T01:34:00+02:00,23.2095,23.2125,23.2065,23.2085,13
SQ:XAGUSD,2021-08-20T01:35:00+02:00,23.2085,23.2085,23.2035,23.2045,11
SQ:XAGUSD,2021-08-20T01:36:00+02:00,23.2045,23.2085,23.2045,23.2065,13
SQ:XAGUSD,2021-08-20T01:37:00+02:00,23.2065,23.2090,23.2020,23.2050,17
SQ:XAGUSD,2021-08-20T01:38:00+02:00,23.2050,23.2050,23.2015,23.2045,5
SQ:XAGUSD,2021-08-20T01:39:00+02:00,23.2045,23.2085,23.2005,23.2050,14
SQ:XAGUSD,2021-08-20T01:40:00+02:00,23.2045,23.2045,23.2010,23.2015,13
SQ:XAGUSD,2021-08-20T01:41:00+02:00,23.2015,23.2040,23.1995,23.2010,13
SQ:XAGUSD,2021-08-20T01:42:00+02:00,23.2015,23.2025,23.2000,23.2000,3
SQ:XAGUSD,2021-08-20T01:44:00+02:00,23.2005,23.2005,23.1910,23.1910,12
SQ:XAGUSD,2021-08-20T01:45:00+02:00,23.1900,23.1935,23.1855,23.1875,22
SQ:XAGUSD,2021-08-20T01:46:00+02:00,23.1875,23.1955,23.1855,23.1955,37
SQ:XAGUSD,2021-08-20T01:47:00+02:00,23.1970,23.2040,23.1945,23.2040,17
SQ:XAGUSD,2021-08-20T01:48:00+02:00,23.2030,23.2040,23.1990,23.1990,8
SQ:XAGUSD,2021-08-20T01:49:00+02:00,23.1990,23.1990,23.1905,23.1905,14
SQ:XAGUSD,2021-08-20T01:50:00+02:00,23.1895,23.1895,23.1820,23.1855,13
SQ:XAGUSD,2021-08-20T01:51:00+02:00,23.1850,23.1860,23.1820,23.1860,11
SQ:XAGUSD,2021-08-20T01:52:00+02:00,23.1890,23.1895,23.1890,23.1895,2
SQ:XAGUSD,2021-08-20T01:53:00+02:00,23.1905,23.1915,23.1900,23.1905,9
SQ:XAGUSD,2021-08-20T01:54:00+02:00,23.1910,23.1940,23.1860,23.1875,17
SQ:XAGUSD,2021-08-20T01:55:00+02:00,23.1875,23.1925,23.1875,23.1915,6
SQ:XAGUSD,2021-08-20T01:56:00+02:00,23.1925,23.1955,23.1895,23.1915,11
SQ:XAGUSD,2021-08-20T01:57:00+02:00,23.1915,23.1955,23.1905,23.1955,6
SQ:XAGUSD,2021-08-20T01:58:00+02:00,23.1965,23.1965,23.1900,23.1945,19
SQ:XAGUSD,2021-08-20T01:59:00+02:00,23.1945,23.1965,23.1915,23.1935,16
SQ:XAGUSD,2021-08-20T02:00:00+02:00,23.1930,23.1995,23.1930,23.1975,23
SQ:XAGUSD,2021-08-20T02:01:00+02:00,23.1965,23.2040,23.1940,23.2040,26
SQ:XAGUSD,2021-08-20T02:02:00+02:00,23.2040,23.2040,23.1955,23.1985,12
SQ:XAGUSD,2021-08-20T02:03:00+02:00,23.1995,23.2075,23.1995,23.2045,15
SQ:XAGUSD,2021-08-20T02:04:00+02:00,23.2050,23.2145,23.2050,23.2145,20
SQ:XAGUSD,2021-08-20T02:06:00+02:00,23.2155,23.2215,23.2155,23.2210,14
SQ:XAGUSD,2021-08-20T02:07:00+02:00,23.2215,23.2290,23.2200,23.2290,22
SQ:XAGUSD,2021-08-20T02:08:00+02:00,23.2290,23.2295,23.2205,23.2225,28
SQ:XAGUSD,2021-08-20T02:09:00+02:00,23.2230,23.2305,23.2205,23.2295,26
SQ:XAGUSD,2021-08-20T02:10:00+02:00,23.2285,23.2295,23.2255,23.2275,8
SQ:XAGUSD,2021-08-20T02:11:00+02:00,23.2275,23.2275,23.2250,23.2250,3
SQ:XAGUSD,2021-08-20T02:12:00+02:00,23.2250,23.2255,23.2245,23.2245,4
SQ:XAGUSD,2021-08-20T02:13:00+02:00,23.2255,23.2295,23.2245,23.2285,15
SQ:XAGUSD,2021-08-20T02:14:00+02:00,23.2285,23.2295,23.2225,23.2295,18
SQ:XAGUSD,2021-08-20T02:15:00+02:00,23.2290,23.2305,23.2255,23.2265,20
SQ:XAGUSD,2021-08-20T02:16:00+02:00,23.2265,23.2280,23.2200,23.2205,22
SQ:XAGUSD,2021-08-20T02:17:00+02:00,23.2205,23.2205,23.2140,23.2155,19
SQ:XAGUSD,2021-08-20T02:18:00+02:00,23.2155,23.2155,23.2125,23.2150,13
SQ:XAGUSD,2021-08-20T02:19:00+02:00,23.2145,23.2195,23.2105,23.2105,14
SQ:XAGUSD,2021-08-20T02:20:00+02:00,23.2105,23.2145,23.2105,23.2140,8
SQ:XAGUSD,2021-08-20T02:21:00+02:00,23.2140,23.2140,23.2035,23.2045,12
SQ:XAGUSD,2021-08-20T02:22:00+02:00,23.2040,23.2125,23.2005,23.2125,24
SQ:XAGUSD,2021-08-20T02:23:00+02:00,23.2125,23.2140,23.2085,23.2140,16
SQ:XAGUSD,2021-08-20T02:24:00+02:00,23.2145,23.2235,23.2140,23.2200,13
SQ:XAGUSD,2021-08-20T02:25:00+02:00,23.2195,23.2205,23.2130,23.2130,8
SQ:XAGUSD,2021-08-20T02:26:00+02:00,23.2140,23.2140,23.2075,23.2115,13
SQ:XAGUSD,2021-08-20T02:27:00+02:00,23.2115,23.2135,23.2105,23.2105,9
SQ:XAGUSD,2021-08-20T02:28:00+02:00,23.2100,23.2100,23.2055,23.2085,25
SQ:XAGUSD,2021-08-20T02:29:00+02:00,23.2095,23.2125,23.2095,23.2125,10
SQ:XAGUSD,2021-08-20T02:30:00+02:00,23.2120,23.2140,23.2085,23.2115,15
SQ:XAGUSD,2021-08-20T02:31:00+02:00,23.2115,23.2145,23.2080,23.2135,34
SQ:XAGUSD,2021-08-20T02:32:00+02:00,23.2145,23.2185,23.2145,23.2185,13
SQ:XAGUSD,2021-08-20T02:33:00+02:00,23.2185,23.2215,23.2180,23.2195,10
SQ:XAGUSD,2021-08-20T02:34:00+02:00,23.2185,23.2225,23.2175,23.2175,16
SQ:XAGUSD,2021-08-20T02:35:00+02:00,23.2165,23.2205,23.2155,23.2175,19
SQ:XAGUSD,2021-08-20T02:36:00+02:00,23.2180,23.2180,23.2135,23.2140,13
SQ:XAGUSD,2021-08-20T02:37:00+02:00,23.2145,23.2185,23.2145,23.2185,11
SQ:XAGUSD,2021-08-20T02:38:00+02:00,23.2195,23.2240,23.2195,23.2235,6
SQ:XAGUSD,2021-08-20T02:39:00+02:00,23.2235,23.2240,23.2215,23.2230,13
SQ:XAGUSD,2021-08-20T02:40:00+02:00,23.2235,23.2240,23.2190,23.2190,17
SQ:XAGUSD,2021-08-20T02:41:00+02:00,23.2190,23.2205,23.2180,23.2185,8
SQ:XAGUSD,2021-08-20T02:42:00+02:00,23.2185,23.2225,23.2175,23.2215,17
SQ:XAGUSD,2021-08-20T02:43:00+02:00,23.2215,23.2240,23.2185,23.2215,11
SQ:XAGUSD,2021-08-20T02:44:00+02:00,23.2205,23.2215,23.2190,23.2190,5
SQ:XAGUSD,2021-08-20T02:45:00+02:00,23.2190,23.2240,23.2165,23.2240,17
SQ:XAGUSD,2021-08-20T02:46:00+02:00,23.2235,23.2245,23.2215,23.2245,10
SQ:XAGUSD,2021-08-20T02:47:00+02:00,23.2245,23.2290,23.2245,23.2275,10
SQ:XAGUSD,2021-08-20T02:48:00+02:00,23.2275,23.2405,23.2265,23.2390,21
SQ:XAGUSD,2021-08-20T02:49:00+02:00,23.2395,23.2405,23.2365,23.2365,19
SQ:XAGUSD,2021-08-20T02:50:00+02:00,23.2365,23.2430,23.2335,23.2405,18
SQ:XAGUSD,2021-08-20T02:51:00+02:00,23.2405,23.2405,23.2355,23.2355,7
SQ:XAGUSD,2021-08-20T02:52:00+02:00,23.2355,23.2425,23.2355,23.2395,8
SQ:XAGUSD,2021-08-20T02:53:00+02:00,23.2415,23.2465,23.2415,23.2465,9
SQ:XAGUSD,2021-08-20T02:54:00+02:00,23.2465,23.2515,23.2465,23.2495,16
SQ:XAGUSD,2021-08-20T02:55:00+02:00,23.2495,23.2505,23.2455,23.2455,15
SQ:XAGUSD,2021-08-20T02:56:00+02:00,23.2455,23.2465,23.2415,23.2425,20
SQ:XAGUSD,2021-08-20T02:57:00+02:00,23.2425,23.2485,23.2345,23.2385,23
SQ:XAGUSD,2021-08-20T02:58:00+02:00,23.2375,23.2395,23.2365,23.2385,9
SQ:XAGUSD,2021-08-20T02:59:00+02:00,23.2395,23.2495,23.2395,23.2465,14
SQ:XAGUSD,2021-08-20T03:00:00+02:00,23.2495,23.2585,23.2385,23.2545,152
SQ:XAGUSD,2021-08-20T03:01:00+02:00,23.2545,23.2555,23.2175,23.2475,98
SQ:XAGUSD,2021-08-20T03:02:00+02:00,23.2475,23.2505,23.2375,23.2505,68
SQ:XAGUSD,2021-08-20T03:03:00+02:00,23.2505,23.2505,23.2365,23.2425,44
SQ:XAGUSD,2021-08-20T03:04:00+02:00,23.2425,23.2665,23.2415,23.2665,53
SQ:XAGUSD,2021-08-20T03:05:00+02:00,23.2675,23.2745,23.2605,23.2695,54
SQ:XAGUSD,2021-08-20T03:06:00+02:00,23.2695,23.2755,23.2645,23.2645,27
SQ:XAGUSD,2021-08-20T03:07:00+02:00,23.2645,23.2785,23.2645,23.2715,52
SQ:XAGUSD,2021-08-20T03:08:00+02:00,23.2715,23.2795,23.2555,23.2555,52
SQ:XAGUSD,2021-08-20T03:09:00+02:00,23.2555,23.2595,23.2505,23.2545,39
SQ:XAGUSD,2021-08-20T03:10:00+02:00,23.2545,23.2655,23.2545,23.2605,61
SQ:XAGUSD,2021-08-20T03:11:00+02:00,23.2605,23.2615,23.2545,23.2555,29
SQ:XAGUSD,2021-08-20T03:12:00+02:00,23.2555,23.2555,23.2345,23.2415,45
SQ:XAGUSD,2021-08-20T03:13:00+02:00,23.2415,23.2475,23.2405,23.2475,30
SQ:XAGUSD,2021-08-20T03:14:00+02:00,23.2465,23.2495,23.2455,23.2485,28
SQ:XAGUSD,2021-08-20T03:15:00+02:00,23.2485,23.2655,23.2485,23.2625,54
SQ:XAGUSD,2021-08-20T03:16:00+02:00,23.2635,23.2645,23.2515,23.2605,48
SQ:XAGUSD,2021-08-20T03:17:00+02:00,23.2615,23.2615,23.2515,23.2575,36
SQ:XAGUSD,2021-08-20T03:18:00+02:00,23.2585,23.2635,23.2565,23.2605,24
SQ:XAGUSD,2021-08-20T03:19:00+02:00,23.2615,23.2675,23.2615,23.2645,38
SQ:XAGUSD,2021-08-20T03:20:00+02:00,23.2635,23.2705,23.2630,23.2685,42
SQ:XAGUSD,2021-08-20T03:21:00+02:00,23.2685,23.2695,23.2535,23.2555,30
SQ:XAGUSD,2021-08-20T03:22:00+02:00,23.2545,23.2565,23.2480,23.2485,36
SQ:XAGUSD,2021-08-20T03:23:00+02:00,23.2485,23.2645,23.2485,23.2565,26
SQ:XAGUSD,2021-08-20T03:24:00+02:00,23.2565,23.2615,23.2515,23.2515,31
SQ:XAGUSD,2021-08-20T03:25:00+02:00,23.2515,23.2595,23.2505,23.2585,25
SQ:XAGUSD,2021-08-20T03:26:00+02:00,23.2585,23.2665,23.2585,23.2645,26
SQ:XAGUSD,2021-08-20T03:27:00+02:00,23.2645,23.2745,23.2575,23.2735,37
SQ:XAGUSD,2021-08-20T03:28:00+02:00,23.2725,23.2745,23.2705,23.2735,26
SQ:XAGUSD,2021-08-20T03:29:00+02:00,23.2735,23.2845,23.2735,23.2765,40
SQ:XAGUSD,2021-08-20T03:30:00+02:00,23.2765,23.2795,23.2675,23.2680,36
SQ:XAGUSD,2021-08-20T03:31:00+02:00,23.2680,23.2735,23.2680,23.2705,36
SQ:XAGUSD,2021-08-20T03:32:00+02:00,23.2715,23.2735,23.2585,23.2585,24
SQ:XAGUSD,2021-08-20T03:33:00+02:00,23.2575,23.2585,23.2475,23.2480,28
SQ:XAGUSD,2021-08-20T03:34:00+02:00,23.2485,23.2540,23.2435,23.2455,40
SQ:XAGUSD,2021-08-20T03:35:00+02:00,23.2455,23.2520,23.2455,23.2495,44
SQ:XAGUSD,2021-08-20T03:36:00+02:00,23.2495,23.2505,23.2435,23.2435,42
SQ:XAGUSD,2021-08-20T03:37:00+02:00,23.2430,23.2430,23.2365,23.2395,31
SQ:XAGUSD,2021-08-20T03:38:00+02:00,23.2390,23.2430,23.2375,23.2395,29
SQ:XAGUSD,2021-08-20T03:39:00+02:00,23.2395,23.2435,23.2375,23.2420,20
SQ:XAGUSD,2021-08-20T03:40:00+02:00,23.2425,23.2580,23.2385,23.2565,40
SQ:XAGUSD,2021-08-20T03:41:00+02:00,23.2560,23.2575,23.2475,23.2565,28
SQ:XAGUSD,2021-08-20T03:42:00+02:00,23.2565,23.2735,23.2555,23.2715,39
SQ:XAGUSD,2021-08-20T03:43:00+02:00,23.2715,23.2745,23.2640,23.2655,31
SQ:XAGUSD,2021-08-20T03:44:00+02:00,23.2655,23.2655,23.2545,23.2545,42
SQ:XAGUSD,2021-08-20T03:45:00+02:00,23.2545,23.2545,23.2265,23.2275,64
SQ:XAGUSD,2021-08-20T03:46:00+02:00,23.2265,23.2285,23.2145,23.2205,70
SQ:XAGUSD,2021-08-20T03:47:00+02:00,23.2195,23.2310,23.2145,23.2310,64
SQ:XAGUSD,2021-08-20T03:48:00+02:00,23.2315,23.2365,23.2245,23.2245,58
SQ:XAGUSD,2021-08-20T03:49:00+02:00,23.2255,23.2280,23.2185,23.2185,35
SQ:XAGUSD,2021-08-20T03:50:00+02:00,23.2185,23.2195,23.2145,23.2155,32
SQ:XAGUSD,2021-08-20T03:51:00+02:00,23.2165,23.2285,23.2165,23.2240,23
SQ:XAGUSD,2021-08-20T03:52:00+02:00,23.2225,23.2245,23.2155,23.2220,45
SQ:XAGUSD,2021-08-20T03:53:00+02:00,23.2220,23.2295,23.2195,23.2265,22
SQ:XAGUSD,2021-08-20T03:54:00+02:00,23.2270,23.2280,23.2245,23.2265,18
SQ:XAGUSD,2021-08-20T03:55:00+02:00,23.2265,23.2335,23.2245,23.2330,40
SQ:XAGUSD,2021-08-20T03:56:00+02:00,23.2325,23.2345,23.2290,23.2305,30
SQ:XAGUSD,2021-08-20T03:57:00+02:00,23.2295,23.2305,23.2195,23.2245,48
SQ:XAGUSD,2021-08-20T03:58:00+02:00,23.2245,23.2295,23.2215,23.2295,26
SQ:XAGUSD,2021-08-20T03:59:00+02:00,23.2295,23.2345,23.2275,23.2285,41
SQ:XAGUSD,2021-08-20T04:00:00+02:00,23.2285,23.2375,23.2285,23.2325,39
SQ:XAGUSD,2021-08-20T04:01:00+02:00,23.2325,23.2435,23.2325,23.2425,32
SQ:XAGUSD,2021-08-20T04:02:00+02:00,23.2425,23.2455,23.2385,23.2405,23
SQ:XAGUSD,2021-08-20T04:03:00+02:00,23.2405,23.2405,23.2315,23.2385,28
SQ:XAGUSD,2021-08-20T04:04:00+02:00,23.2385,23.2565,23.2385,23.2555,37
SQ:XAGUSD,2021-08-20T04:05:00+02:00,23.2555,23.2565,23.2455,23.2485,43
SQ:XAGUSD,2021-08-20T04:06:00+02:00,23.2485,23.2585,23.2485,23.2515,36
SQ:XAGUSD,2021-08-20T04:07:00+02:00,23.2515,23.2515,23.2345,23.2365,42
SQ:XAGUSD,2021-08-20T04:08:00+02:00,23.2365,23.2395,23.2325,23.2325,25
SQ:XAGUSD,2021-08-20T04:09:00+02:00,23.2325,23.2355,23.2165,23.2165,26
SQ:XAGUSD,2021-08-20T04:10:00+02:00,23.2165,23.2245,23.2135,23.2205,41
SQ:XAGUSD,2021-08-20T04:11:00+02:00,23.2195,23.2245,23.2085,23.2135,55
SQ:XAGUSD,2021-08-20T04:12:00+02:00,23.2135,23.2145,23.2045,23.2045,21
SQ:XAGUSD,2021-08-20T04:13:00+02:00,23.2045,23.2095,23.2035,23.2045,26
SQ:XAGUSD,2021-08-20T04:14:00+02:00,23.2055,23.2145,23.2035,23.2145,40
SQ:XAGUSD,2021-08-20T04:15:00+02:00,23.2145,23.2165,23.2125,23.2165,13
SQ:XAGUSD,2021-08-20T04:16:00+02:00,23.2155,23.2215,23.2155,23.2215,20
SQ:XAGUSD,2021-08-20T04:17:00+02:00,23.2215,23.2285,23.2215,23.2275,21
SQ:XAGUSD,2021-08-20T04:18:00+02:00,23.2265,23.2285,23.2255,23.2285,13
SQ:XAGUSD,2021-08-20T04:19:00+02:00,23.2285,23.2285,23.2215,23.2215,15
SQ:XAGUSD,2021-08-20T04:20:00+02:00,23.2215,23.2235,23.2195,23.2215,20
SQ:XAGUSD,2021-08-20T04:21:00+02:00,23.2215,23.2275,23.2205,23.2245,18
SQ:XAGUSD,2021-08-20T04:22:00+02:00,23.2245,23.2245,23.2145,23.2205,28
SQ:XAGUSD,2021-08-20T04:23:00+02:00,23.2205,23.2235,23.2185,23.2235,19
SQ:XAGUSD,2021-08-20T04:24:00+02:00,23.2235,23.2235,23.2115,23.2115,17
SQ:XAGUSD,2021-08-20T04:25:00+02:00,23.2115,23.2175,23.2115,23.2135,11
SQ:XAGUSD,2021-08-20T04:26:00+02:00,23.2135,23.2155,23.2125,23.2135,7
SQ:XAGUSD,2021-08-20T04:27:00+02:00,23.2135,23.2155,23.2115,23.2115,15
SQ:XAGUSD,2021-08-20T04:28:00+02:00,23.2115,23.2115,23.2095,23.2105,10
SQ:XAGUSD,2021-08-20T04:29:00+02:00,23.2105,23.2115,23.2085,23.2105,9
SQ:XAGUSD,2021-08-20T04:30:00+02:00,23.2115,23.2195,23.2115,23.2145,31
SQ:XAGUSD,2021-08-20T04:31:00+02:00,23.2145,23.2145,23.2075,23.2145,33
SQ:XAGUSD,2021-08-20T04:32:00+02:00,23.2135,23.2195,23.2135,23.2135,36
SQ:XAGUSD,2021-08-20T04:33:00+02:00,23.2125,23.2155,23.2095,23.2095,21
SQ:XAGUSD,2021-08-20T04:34:00+02:00,23.2095,23.2115,23.2025,23.2035,24
SQ:XAGUSD,2021-08-20T04:35:00+02:00,23.2035,23.2085,23.1985,23.2025,31
SQ:XAGUSD,2021-08-20T04:36:00+02:00,23.2035,23.2035,23.2015,23.2025,14
SQ:XAGUSD,2021-08-20T04:37:00+02:00,23.2025,23.2145,23.2025,23.2135,31
SQ:XAGUSD,2021-08-20T04:38:00+02:00,23.2135,23.2175,23.2125,23.2175,20
SQ:XAGUSD,2021-08-20T04:39:00+02:00,23.2175,23.2195,23.2125,23.2155,27
SQ:XAGUSD,2021-08-20T04:40:00+02:00,23.2165,23.2225,23.2115,23.2185,37
SQ:XAGUSD,2021-08-20T04:41:00+02:00,23.2185,23.2225,23.2185,23.2195,19
SQ:XAGUSD,2021-08-20T04:42:00+02:00,23.2195,23.2225,23.2135,23.2145,27
SQ:XAGUSD,2021-08-20T04:43:00+02:00,23.2145,23.2145,23.2125,23.2125,9
SQ:XAGUSD,2021-08-20T04:44:00+02:00,23.2125,23.2125,23.2065,23.2105,13
SQ:XAGUSD,2021-08-20T04:45:00+02:00,23.2115,23.2205,23.2095,23.2135,30
SQ:XAGUSD,2021-08-20T04:46:00+02:00,23.2135,23.2145,23.2015,23.2025,23
SQ:XAGUSD,2021-08-20T04:47:00+02:00,23.2025,23.2045,23.1995,23.2035,22
SQ:XAGUSD,2021-08-20T04:48:00+02:00,23.2045,23.2045,23.1935,23.1935,33
SQ:XAGUSD,2021-08-20T04:49:00+02:00,23.1935,23.1945,23.1895,23.1935,27
SQ:XAGUSD,2021-08-20T04:50:00+02:00,23.1935,23.1995,23.1925,23.1965,37
SQ:XAGUSD,2021-08-20T04:51:00+02:00,23.1965,23.2045,23.1955,23.1965,28
SQ:XAGUSD,2021-08-20T04:52:00+02:00,23.1965,23.1975,23.1945,23.1945,15
SQ:XAGUSD,2021-08-20T04:53:00+02:00,23.1945,23.1945,23.1865,23.1935,27
SQ:XAGUSD,2021-08-20T04:54:00+02:00,23.1945,23.2125,23.1925,23.2085,42
SQ:XAGUSD,2021-08-20T04:55:00+02:00,23.2085,23.2185,23.2085,23.2185,15
SQ:XAGUSD,2021-08-20T04:56:00+02:00,23.2195,23.2215,23.2135,23.2155,22
SQ:XAGUSD,2021-08-20T04:57:00+02:00,23.2155,23.2175,23.2125,23.2125,13
SQ:XAGUSD,2021-08-20T04:58:00+02:00,23.2125,23.2165,23.2125,23.2165,12
SQ:XAGUSD,2021-08-20T04:59:00+02:00,23.2165,23.2215,23.2145,23.2185,30
SQ:XAGUSD,2021-08-20T05:00:00+02:00,23.2185,23.2235,23.2175,23.2175,16
SQ:XAGUSD,2021-08-20T05:01:00+02:00,23.2175,23.2185,23.2125,23.2155,33
SQ:XAGUSD,2021-08-20T05:02:00+02:00,23.2125,23.2125,23.2065,23.2065,22
SQ:XAGUSD,2021-08-20T05:03:00+02:00,23.2065,23.2075,23.2025,23.2065,21
SQ:XAGUSD,2021-08-20T05:04:00+02:00,23.2065,23.2115,23.2015,23.2020,27
SQ:XAGUSD,2021-08-20T05:05:00+02:00,23.2015,23.2015,23.1965,23.1995,20
SQ:XAGUSD,2021-08-20T05:06:00+02:00,23.1995,23.2055,23.1965,23.2015,23
SQ:XAGUSD,2021-08-20T05:07:00+02:00,23.2015,23.2015,23.1975,23.1975,3
SQ:XAGUSD,2021-08-20T05:08:00+02:00,23.1975,23.2035,23.1975,23.2015,14
SQ:XAGUSD,2021-08-20T05:09:00+02:00,23.2015,23.2065,23.2015,23.2055,15
SQ:XAGUSD,2021-08-20T05:10:00+02:00,23.2055,23.2125,23.2025,23.2125,35
SQ:XAGUSD,2021-08-20T05:11:00+02:00,23.2125,23.2215,23.2110,23.2215,40
SQ:XAGUSD,2021-08-20T05:12:00+02:00,23.2215,23.2265,23.2205,23.2225,25
SQ:XAGUSD,2021-08-20T05:13:00+02:00,23.2215,23.2225,23.2185,23.2215,20
SQ:XAGUSD,2021-08-20T05:14:00+02:00,23.2215,23.2225,23.2165,23.2195,15
SQ:XAGUSD,2021-08-20T05:15:00+02:00,23.2185,23.2215,23.2145,23.2150,21
SQ:XAGUSD,2021-08-20T05:16:00+02:00,23.2165,23.2215,23.2145,23.2195,15
SQ:XAGUSD,2021-08-20T05:17:00+02:00,23.2195,23.2225,23.2135,23.2145,26
SQ:XAGUSD,2021-08-20T05:18:00+02:00,23.2135,23.2255,23.2125,23.2255,17
SQ:XAGUSD,2021-08-20T05:19:00+02:00,23.2255,23.2285,23.2235,23.2235,21
SQ:XAGUSD,2021-08-20T05:20:00+02:00,23.2235,23.2275,23.2205,23.2205,19
SQ:XAGUSD,2021-08-20T05:21:00+02:00,23.2215,23.2265,23.2195,23.2265,16
SQ:XAGUSD,2021-08-20T05:22:00+02:00,23.2275,23.2285,23.2235,23.2285,22
SQ:XAGUSD,2021-08-20T05:23:00+02:00,23.2285,23.2285,23.2125,23.2125,20
SQ:XAGUSD,2021-08-20T05:24:00+02:00,23.2120,23.2165,23.2115,23.2125,13
SQ:XAGUSD,2021-08-20T05:25:00+02:00,23.2135,23.2135,23.2055,23.2125,21
SQ:XAGUSD,2021-08-20T05:26:00+02:00,23.2115,23.2125,23.2075,23.2085,19
SQ:XAGUSD,2021-08-20T05:27:00+02:00,23.2085,23.2165,23.2085,23.2115,24
SQ:XAGUSD,2021-08-20T05:28:00+02:00,23.2115,23.2175,23.2115,23.2175,9
SQ:XAGUSD,2021-08-20T05:29:00+02:00,23.2175,23.2175,23.2155,23.2175,14
SQ:XAGUSD,2021-08-20T05:30:00+02:00,23.2175,23.2215,23.2165,23.2190,13
SQ:XAGUSD,2021-08-20T05:31:00+02:00,23.2190,23.2205,23.2130,23.2130,10
SQ:XAGUSD,2021-08-20T05:32:00+02:00,23.2135,23.2135,23.2105,23.2125,5
SQ:XAGUSD,2021-08-20T05:33:00+02:00,23.2125,23.2125,23.2080,23.2080,8
SQ:XAGUSD,2021-08-20T05:34:00+02:00,23.2085,23.2125,23.2075,23.2075,16
SQ:XAGUSD,2021-08-20T05:35:00+02:00,23.2085,23.2115,23.2035,23.2035,11
SQ:XAGUSD,2021-08-20T05:36:00+02:00,23.2045,23.2115,23.2035,23.2095,23
SQ:XAGUSD,2021-08-20T05:37:00+02:00,23.2095,23.2115,23.2075,23.2075,8
SQ:XAGUSD,2021-08-20T05:38:00+02:00,23.2075,23.2075,23.2025,23.2075,8
SQ:XAGUSD,2021-08-20T05:39:00+02:00,23.2095,23.2105,23.2075,23.2095,15
SQ:XAGUSD,2021-08-20T05:40:00+02:00,23.2095,23.2115,23.2070,23.2095,18
SQ:XAGUSD,2021-08-20T05:41:00+02:00,23.2105,23.2105,23.2065,23.2065,5
SQ:XAGUSD,2021-08-20T05:42:00+02:00,23.2075,23.2075,23.2025,23.2025,10
SQ:XAGUSD,2021-08-20T05:43:00+02:00,23.2025,23.2065,23.2025,23.2065,12
SQ:XAGUSD,2021-08-20T05:44:00+02:00,23.2065,23.2120,23.2065,23.2100,14
SQ:XAGUSD,2021-08-20T05:45:00+02:00,23.2100,23.2165,23.2085,23.2115,35
SQ:XAGUSD,2021-08-20T05:46:00+02:00,23.2115,23.2145,23.2105,23.2105,16
SQ:XAGUSD,2021-08-20T05:47:00+02:00,23.2115,23.2135,23.2095,23.2125,28
SQ:XAGUSD,2021-08-20T05:48:00+02:00,23.2115,23.2125,23.2095,23.2105,21
SQ:XAGUSD,2021-08-20T05:49:00+02:00,23.2115,23.2145,23.2105,23.2125,10
SQ:XAGUSD,2021-08-20T05:50:00+02:00,23.2135,23.2180,23.2125,23.2175,18
SQ:XAGUSD,2021-08-20T05:51:00+02:00,23.2180,23.2225,23.2130,23.2155,21
SQ:XAGUSD,2021-08-20T05:52:00+02:00,23.2150,23.2155,23.2105,23.2115,19
SQ:XAGUSD,2021-08-20T05:53:00+02:00,23.2130,23.2130,23.2115,23.2115,8
SQ:XAGUSD,2021-08-20T05:54:00+02:00,23.2130,23.2130,23.2115,23.2130,4
SQ:XAGUSD,2021-08-20T05:55:00+02:00,23.2130,23.2180,23.2130,23.2180,15
SQ:XAGUSD,2021-08-20T05:56:00+02:00,23.2180,23.2285,23.2180,23.2270,20
SQ:XAGUSD,2021-08-20T05:57:00+02:00,23.2275,23.2275,23.2230,23.2255,28
SQ:XAGUSD,2021-08-20T05:58:00+02:00,23.2255,23.2285,23.2245,23.2285,11
SQ:XAGUSD,2021-08-20T05:59:00+02:00,23.2285,23.2335,23.2285,23.2335,6
SQ:XAGUSD,2021-08-20T06:00:00+02:00,23.2340,23.2385,23.2295,23.2385,14
SQ:XAGUSD,2021-08-20T06:01:00+02:00,23.2385,23.2410,23.2370,23.2385,14
SQ:XAGUSD,2021-08-20T06:02:00+02:00,23.2365,23.2425,23.2355,23.2405,13
SQ:XAGUSD,2021-08-20T06:03:00+02:00,23.2395,23.2475,23.2395,23.2470,18
SQ:XAGUSD,2021-08-20T06:04:00+02:00,23.2470,23.2485,23.2465,23.2485,7
SQ:XAGUSD,2021-08-20T06:05:00+02:00,23.2485,23.2485,23.2475,23.2485,7
SQ:XAGUSD,2021-08-20T06:06:00+02:00,23.2475,23.2485,23.2475,23.2475,3
SQ:XAGUSD,2021-08-20T06:07:00+02:00,23.2475,23.2505,23.2475,23.2490,14
SQ:XAGUSD,2021-08-20T06:08:00+02:00,23.2495,23.2505,23.2455,23.2455,5
SQ:XAGUSD,2021-08-20T06:09:00+02:00,23.2465,23.2520,23.2465,23.2520,13
SQ:XAGUSD,2021-08-20T06:10:00+02:00,23.2520,23.2520,23.2465,23.2465,10
SQ:XAGUSD,2021-08-20T06:11:00+02:00,23.2485,23.2525,23.2475,23.2475,8
SQ:XAGUSD,2021-08-20T06:12:00+02:00,23.2485,23.2535,23.2470,23.2535,14
SQ:XAGUSD,2021-08-20T06:13:00+02:00,23.2525,23.2535,23.2525,23.2525,3
SQ:XAGUSD,2021-08-20T06:14:00+02:00,23.2535,23.2545,23.2530,23.2545,4
SQ:XAGUSD,2021-08-20T06:15:00+02:00,23.2545,23.2545,23.2495,23.2505,22
SQ:XAGUSD,2021-08-20T06:16:00+02:00,23.2495,23.2535,23.2485,23.2530,9
SQ:XAGUSD,2021-08-20T06:17:00+02:00,23.2535,23.2555,23.2525,23.2525,12
SQ:XAGUSD,2021-08-20T06:18:00+02:00,23.2535,23.2580,23.2535,23.2575,8
SQ:XAGUSD,2021-08-20T06:19:00+02:00,23.2580,23.2585,23.2575,23.2580,11
SQ:XAGUSD,2021-08-20T06:20:00+02:00,23.2580,23.2585,23.2560,23.2575,7
SQ:XAGUSD,2021-08-20T06:21:00+02:00,23.2575,23.2575,23.2550,23.2550,10
SQ:XAGUSD,2021-08-20T06:22:00+02:00,23.2550,23.2610,23.2540,23.2610,9
SQ:XAGUSD,2021-08-20T06:23:00+02:00,23.2610,23.2610,23.2590,23.2590,2
SQ:XAGUSD,2021-08-20T06:24:00+02:00,23.2595,23.2595,23.2560,23.2575,14
SQ:XAGUSD,2021-08-20T06:25:00+02:00,23.2580,23.2630,23.2580,23.2625,19
SQ:XAGUSD,2021-08-20T06:26:00+02:00,23.2625,23.2650,23.2620,23.2640,6
SQ:XAGUSD,2021-08-20T06:28:00+02:00,23.2645,23.2645,23.2645,23.2645,1
SQ:XAGUSD,2021-08-20T06:29:00+02:00,23.2640,23.2650,23.2640,23.2650,2
SQ:XAGUSD,2021-08-20T06:30:00+02:00,23.2640,23.2640,23.2640,23.2640,1
SQ:XAGUSD,2021-08-20T06:31:00+02:00,23.2640,23.2640,23.2590,23.2590,3
SQ:XAGUSD,2021-08-20T06:32:00+02:00,23.2580,23.2580,23.2550,23.2550,4
SQ:XAGUSD,2021-08-20T06:33:00+02:00,23.2555,23.2585,23.2515,23.2555,8
SQ:XAGUSD,2021-08-20T06:34:00+02:00,23.2555,23.2670,23.2555,23.2630,11
SQ:XAGUSD,2021-08-20T06:35:00+02:00,23.2635,23.2660,23.2630,23.2630,6
SQ:XAGUSD,2021-08-20T06:36:00+02:00,23.2630,23.2630,23.2580,23.2580,4
SQ:XAGUSD,2021-08-20T06:37:00+02:00,23.2585,23.2640,23.2585,23.2605,11
SQ:XAGUSD,2021-08-20T06:38:00+02:00,23.2605,23.2605,23.2575,23.2575,4
SQ:XAGUSD,2021-08-20T06:39:00+02:00,23.2570,23.2575,23.2470,23.2480,11
SQ:XAGUSD,2021-08-20T06:40:00+02:00,23.2480,23.2515,23.2480,23.2480,11
SQ:XAGUSD,2021-08-20T06:41:00+02:00,23.2480,23.2480,23.2435,23.2455,11
SQ:XAGUSD,2021-08-20T06:42:00+02:00,23.2455,23.2455,23.2430,23.2455,5
SQ:XAGUSD,2021-08-20T06:43:00+02:00,23.2445,23.2455,23.2425,23.2435,21
SQ:XAGUSD,2021-08-20T06:44:00+02:00,23.2445,23.2445,23.2415,23.2425,18
SQ:XAGUSD,2021-08-20T06:45:00+02:00,23.2415,23.2415,23.2405,23.2405,2
SQ:XAGUSD,2021-08-20T06:46:00+02:00,23.2415,23.2440,23.2355,23.2385,16
SQ:XAGUSD,2021-08-20T06:47:00+02:00,23.2365,23.2385,23.2345,23.2365,11
SQ:XAGUSD,2021-08-20T06:48:00+02:00,23.2360,23.2385,23.2355,23.2375,9
SQ:XAGUSD,2021-08-20T06:49:00+02:00,23.2375,23.2375,23.2345,23.2355,6
SQ:XAGUSD,2021-08-20T06:50:00+02:00,23.2365,23.2405,23.2365,23.2405,11
SQ:XAGUSD,2021-08-20T06:51:00+02:00,23.2405,23.2405,23.2375,23.2395,4
SQ:XAGUSD,2021-08-20T06:52:00+02:00,23.2385,23.2415,23.2375,23.2415,8
SQ:XAGUSD,2021-08-20T06:53:00+02:00,23.2415,23.2445,23.2415,23.2435,4
SQ:XAGUSD,2021-08-20T06:54:00+02:00,23.2435,23.2435,23.2390,23.2410,12
SQ:XAGUSD,2021-08-20T06:55:00+02:00,23.2415,23.2435,23.2415,23.2415,5
SQ:XAGUSD,2021-08-20T06:56:00+02:00,23.2425,23.2445,23.2425,23.2445,2
SQ:XAGUSD,2021-08-20T06:57:00+02:00,23.2445,23.2470,23.2440,23.2465,8
SQ:XAGUSD,2021-08-20T06:58:00+02:00,23.2465,23.2465,23.2450,23.2450,3
SQ:XAGUSD,2021-08-20T06:59:00+02:00,23.2450,23.2450,23.2415,23.2415,8
SQ:XAGUSD,2021-08-20T07:00:00+02:00,23.2410,23.2435,23.2335,23.2405,28
SQ:XAGUSD,2021-08-20T07:01:00+02:00,23.2405,23.2405,23.2315,23.2315,16
SQ:XAGUSD,2021-08-20T07:02:00+02:00,23.2315,23.2345,23.2265,23.2285,30
SQ:XAGUSD,2021-08-20T07:03:00+02:00,23.2285,23.2415,23.2275,23.2365,31
SQ:XAGUSD,2021-08-20T07:04:00+02:00,23.2365,23.2375,23.2355,23.2375,12
SQ:XAGUSD,2021-08-20T07:05:00+02:00,23.2375,23.2405,23.2355,23.2375,15
SQ:XAGUSD,2021-08-20T07:06:00+02:00,23.2375,23.2375,23.2265,23.2355,21
SQ:XAGUSD,2021-08-20T07:07:00+02:00,23.2355,23.2375,23.2335,23.2335,11
SQ:XAGUSD,2021-08-20T07:08:00+02:00,23.2345,23.2345,23.2265,23.2265,7
SQ:XAGUSD,2021-08-20T07:09:00+02:00,23.2275,23.2335,23.2275,23.2325,18
SQ:XAGUSD,2021-08-20T07:10:00+02:00,23.2325,23.2405,23.2325,23.2395,22
SQ:XAGUSD,2021-08-20T07:11:00+02:00,23.2395,23.2425,23.2365,23.2385,18
SQ:XAGUSD,2021-08-20T07:12:00+02:00,23.2395,23.2415,23.2305,23.2305,9
SQ:XAGUSD,2021-08-20T07:13:00+02:00,23.2295,23.2315,23.2235,23.2245,24
SQ:XAGUSD,2021-08-20T07:14:00+02:00,23.2235,23.2255,23.2065,23.2065,29
SQ:XAGUSD,2021-08-20T07:15:00+02:00,23.2065,23.2065,23.1975,23.2035,51
SQ:XAGUSD,2021-08-20T07:16:00+02:00,23.2030,23.2085,23.2015,23.2085,15
SQ:XAGUSD,2021-08-20T07:17:00+02:00,23.2085,23.2095,23.1965,23.1965,30
SQ:XAGUSD,2021-08-20T07:18:00+02:00,23.1965,23.1995,23.1955,23.1955,33
SQ:XAGUSD,2021-08-20T07:19:00+02:00,23.1955,23.1995,23.1905,23.1995,22
SQ:XAGUSD,2021-08-20T07:20:00+02:00,23.2005,23.2055,23.1925,23.1925,44
SQ:XAGUSD,2021-08-20T07:21:00+02:00,23.1915,23.1965,23.1885,23.1965,25
SQ:XAGUSD,2021-08-20T07:22:00+02:00,23.1965,23.1985,23.1945,23.1945,14
SQ:XAGUSD,2021-08-20T07:23:00+02:00,23.1945,23.1965,23.1915,23.1925,25
SQ:XAGUSD,2021-08-20T07:24:00+02:00,23.1925,23.1955,23.1905,23.1945,21
SQ:XAGUSD,2021-08-20T07:25:00+02:00,23.1945,23.1955,23.1865,23.1945,23
SQ:XAGUSD,2021-08-20T07:26:00+02:00,23.1945,23.1955,23.1905,23.1955,27
SQ:XAGUSD,2021-08-20T07:27:00+02:00,23.1955,23.1955,23.1855,23.1945,22
SQ:XAGUSD,2021-08-20T07:28:00+02:00,23.1945,23.1965,23.1905,23.1925,29
SQ:XAGUSD,2021-08-20T07:29:00+02:00,23.1925,23.1955,23.1865,23.1945,50
SQ:XAGUSD,2021-08-20T07:30:00+02:00,23.1945,23.2255,23.1945,23.2185,105
SQ:XAGUSD,2021-08-20T07:31:00+02:00,23.2185,23.2185,23.1955,23.1975,53
SQ:XAGUSD,2021-08-20T07:32:00+02:00,23.1975,23.1975,23.1555,23.1595,139
SQ:XAGUSD,2021-08-20T07:33:00+02:00,23.1595,23.1715,23.1515,23.1555,100
SQ:XAGUSD,2021-08-20T07:34:00+02:00,23.1555,23.1635,23.1430,23.1455,103
SQ:XAGUSD,2021-08-20T07:35:00+02:00,23.1465,23.1535,23.1325,23.1485,90
SQ:XAGUSD,2021-08-20T07:36:00+02:00,23.1505,23.1655,23.1455,23.1655,68
SQ:XAGUSD,2021-08-20T07:37:00+02:00,23.1645,23.1985,23.1645,23.1960,89
SQ:XAGUSD,2021-08-20T07:38:00+02:00,23.1960,23.1985,23.1855,23.1885,44
SQ:XAGUSD,2021-08-20T07:39:00+02:00,23.1885,23.1975,23.1775,23.1935,43
SQ:XAGUSD,2021-08-20T07:40:00+02:00,23.1935,23.2035,23.1885,23.1985,44
SQ:XAGUSD,2021-08-20T07:41:00+02:00,23.1995,23.2035,23.1935,23.2005,45
SQ:XAGUSD,2021-08-20T07:42:00+02:00,23.2005,23.2175,23.1995,23.1995,46
SQ:XAGUSD,2021-08-20T07:43:00+02:00,23.1985,23.2065,23.1955,23.2055,58
SQ:XAGUSD,2021-08-20T07:44:00+02:00,23.2055,23.2265,23.2055,23.2245,40
SQ:XAGUSD,2021-08-20T07:45:00+02:00,23.2245,23.2335,23.2225,23.2285,48
SQ:XAGUSD,2021-08-20T07:46:00+02:00,23.2285,23.2285,23.2225,23.2285,13
SQ:XAGUSD,2021-08-20T07:47:00+02:00,23.2285,23.2335,23.2225,23.2255,40
SQ:XAGUSD,2021-08-20T07:48:00+02:00,23.2255,23.2435,23.2255,23.2435,39
SQ:XAGUSD,2021-08-20T07:49:00+02:00,23.2435,23.2435,23.2325,23.2325,28
SQ:XAGUSD,2021-08-20T07:50:00+02:00,23.2325,23.2505,23.2325,23.2485,43
SQ:XAGUSD,2021-08-20T07:51:00+02:00,23.2485,23.2535,23.2435,23.2445,35
SQ:XAGUSD,2021-08-20T07:52:00+02:00,23.2455,23.2485,23.2425,23.2425,31
SQ:XAGUSD,2021-08-20T07:53:00+02:00,23.2415,23.2465,23.2360,23.2360,23
SQ:XAGUSD,2021-08-20T07:54:00+02:00,23.2365,23.2465,23.2355,23.2465,31
SQ:XAGUSD,2021-08-20T07:55:00+02:00,23.2465,23.2575,23.2465,23.2495,38
SQ:XAGUSD,2021-08-20T07:56:00+02:00,23.2490,23.2525,23.2430,23.2440,22
SQ:XAGUSD,2021-08-20T07:57:00+02:00,23.2440,23.2495,23.2440,23.2450,25
SQ:XAGUSD,2021-08-20T07:58:00+02:00,23.2460,23.2525,23.2460,23.2485,17
SQ:XAGUSD,2021-08-20T07:59:00+02:00,23.2485,23.2565,23.2445,23.2565,38
SQ:XAGUSD,2021-08-20T08:00:00+02:00,23.2560,23.2600,23.2225,23.2245,69
SQ:XAGUSD,2021-08-20T08:01:00+02:00,23.2240,23.2415,23.2210,23.2215,58
SQ:XAGUSD,2021-08-20T08:02:00+02:00,23.2225,23.2365,23.2195,23.2345,31
SQ:XAGUSD,2021-08-20T08:03:00+02:00,23.2345,23.2530,23.2345,23.2530,46
SQ:XAGUSD,2021-08-20T08:04:00+02:00,23.2530,23.2565,23.2465,23.2565,46
SQ:XAGUSD,2021-08-20T08:05:00+02:00,23.2565,23.2635,23.2500,23.2625,52
SQ:XAGUSD,2021-08-20T08:06:00+02:00,23.2625,23.2655,23.2545,23.2545,27
SQ:XAGUSD,2021-08-20T08:07:00+02:00,23.2545,23.2565,23.2515,23.2555,28
SQ:XAGUSD,2021-08-20T08:08:00+02:00,23.2545,23.2655,23.2545,23.2635,46
SQ:XAGUSD,2021-08-20T08:09:00+02:00,23.2635,23.2665,23.2565,23.2615,32
SQ:XAGUSD,2021-08-20T08:10:00+02:00,23.2615,23.2665,23.2605,23.2665,62
SQ:XAGUSD,2021-08-20T08:11:00+02:00,23.2665,23.2705,23.2665,23.2695,26
SQ:XAGUSD,2021-08-20T08:12:00+02:00,23.2695,23.2935,23.2685,23.2795,72
SQ:XAGUSD,2021-08-20T08:13:00+02:00,23.2785,23.2875,23.2695,23.2835,45
SQ:XAGUSD,2021-08-20T08:14:00+02:00,23.2825,23.2975,23.2825,23.2925,33
SQ:XAGUSD,2021-08-20T08:15:00+02:00,23.2935,23.2995,23.2845,23.2875,49
SQ:XAGUSD,2021-08-20T08:16:00+02:00,23.2875,23.2885,23.2775,23.2865,49
SQ:XAGUSD,2021-08-20T08:17:00+02:00,23.2875,23.2975,23.2855,23.2965,48
SQ:XAGUSD,2021-08-20T08:18:00+02:00,23.2965,23.3015,23.2885,23.2885,53
SQ:XAGUSD,2021-08-20T08:19:00+02:00,23.2885,23.2885,23.2805,23.2855,48
SQ:XAGUSD,2021-08-20T08:20:00+02:00,23.2845,23.2855,23.2785,23.2835,32
SQ:XAGUSD,2021-08-20T08:21:00+02:00,23.2835,23.2845,23.2755,23.2755,35
SQ:XAGUSD,2021-08-20T08:22:00+02:00,23.2755,23.2965,23.2735,23.2945,52
SQ:XAGUSD,2021-08-20T08:23:00+02:00,23.2955,23.2965,23.2875,23.2885,46
SQ:XAGUSD,2021-08-20T08:24:00+02:00,23.2885,23.2885,23.2805,23.2885,34
SQ:XAGUSD,2021-08-20T08:25:00+02:00,23.2885,23.2925,23.2885,23.2885,15
SQ:XAGUSD,2021-08-20T08:26:00+02:00,23.2885,23.2965,23.2885,23.2935,29
SQ:XAGUSD,2021-08-20T08:27:00+02:00,23.2925,23.2975,23.2915,23.2935,36
SQ:XAGUSD,2021-08-20T08:28:00+02:00,23.2935,23.2945,23.2885,23.2915,37
SQ:XAGUSD,2021-08-20T08:29:00+02:00,23.2915,23.2935,23.2835,23.2835,32
SQ:XAGUSD,2021-08-20T08:30:00+02:00,23.2835,23.2835,23.2735,23.2735,35
SQ:XAGUSD,2021-08-20T08:31:00+02:00,23.2735,23.2745,23.2585,23.2585,30
SQ:XAGUSD,2021-08-20T08:32:00+02:00,23.2585,23.2705,23.2565,23.2655,66
SQ:XAGUSD,2021-08-20T08:33:00+02:00,23.2655,23.2695,23.2625,23.2625,26
SQ:XAGUSD,2021-08-20T08:34:00+02:00,23.2625,23.2745,23.2625,23.2745,30
SQ:XAGUSD,2021-08-20T08:35:00+02:00,23.2745,23.2775,23.2695,23.2725,50
SQ:XAGUSD,2021-08-20T08:36:00+02:00,23.2735,23.2775,23.2685,23.2775,50
SQ:XAGUSD,2021-08-20T08:37:00+02:00,23.2775,23.2785,23.2695,23.2785,26
SQ:XAGUSD,2021-08-20T08:38:00+02:00,23.2775,23.2805,23.2755,23.2805,19
SQ:XAGUSD,2021-08-20T08:39:00+02:00,23.2795,23.2805,23.2755,23.2755,33
SQ:XAGUSD,2021-08-20T08:40:00+02:00,23.2735,23.2735,23.2615,23.2675,28
SQ:XAGUSD,2021-08-20T08:41:00+02:00,23.2675,23.2675,23.2555,23.2585,29
SQ:XAGUSD,2021-08-20T08:42:00+02:00,23.2585,23.2635,23.2555,23.2625,41
SQ:XAGUSD,2021-08-20T08:43:00+02:00,23.2635,23.2655,23.2615,23.2655,18
SQ:XAGUSD,2021-08-20T08:44:00+02:00,23.2655,23.2655,23.2605,23.2615,27
SQ:XAGUSD,2021-08-20T08:45:00+02:00,23.2615,23.2635,23.2525,23.2565,28
SQ:XAGUSD,2021-08-20T08:46:00+02:00,23.2565,23.2615,23.2535,23.2575,29
SQ:XAGUSD,2021-08-20T08:47:00+02:00,23.2575,23.2635,23.2535,23.2625,38
SQ:XAGUSD,2021-08-20T08:48:00+02:00,23.2625,23.2665,23.2575,23.2635,48
SQ:XAGUSD,2021-08-20T08:49:00+02:00,23.2635,23.2665,23.2565,23.2585,32
SQ:XAGUSD,2021-08-20T08:50:00+02:00,23.2585,23.2675,23.2535,23.2675,37
SQ:XAGUSD,2021-08-20T08:51:00+02:00,23.2655,23.2685,23.2490,23.2495,55
SQ:XAGUSD,2021-08-20T08:52:00+02:00,23.2495,23.2525,23.2455,23.2475,37
SQ:XAGUSD,2021-08-20T08:53:00+02:00,23.2475,23.2505,23.2440,23.2505,25
SQ:XAGUSD,2021-08-20T08:54:00+02:00,23.2505,23.2515,23.2385,23.2515,48
SQ:XAGUSD,2021-08-20T08:55:00+02:00,23.2515,23.2585,23.2505,23.2575,48
SQ:XAGUSD,2021-08-20T08:56:00+02:00,23.2575,23.2635,23.2515,23.2625,46
SQ:XAGUSD,2021-08-20T08:57:00+02:00,23.2625,23.2705,23.2625,23.2685,87
SQ:XAGUSD,2021-08-20T08:58:00+02:00,23.2675,23.2795,23.2595,23.2795,56
SQ:XAGUSD,2021-08-20T08:59:00+02:00,23.2795,23.2795,23.2570,23.2575,60
SQ:XAGUSD,2021-08-20T09:00:00+02:00,23.2585,23.2655,23.2530,23.2555,69
SQ:XAGUSD,2021-08-20T09:01:00+02:00,23.2565,23.2605,23.2485,23.2595,42
SQ:XAGUSD,2021-08-20T09:02:00+02:00,23.2595,23.2595,23.2485,23.2500,33
SQ:XAGUSD,2021-08-20T09:03:00+02:00,23.2500,23.2500,23.2360,23.2380,39
SQ:XAGUSD,2021-08-20T09:04:00+02:00,23.2415,23.2460,23.2385,23.2435,29
SQ:XAGUSD,2021-08-20T09:05:00+02:00,23.2420,23.2495,23.2310,23.2335,31
SQ:XAGUSD,2021-08-20T09:06:00+02:00,23.2345,23.2405,23.2340,23.2340,32
SQ:XAGUSD,2021-08-20T09:07:00+02:00,23.2330,23.2375,23.2285,23.2315,25
SQ:XAGUSD,2021-08-20T09:08:00+02:00,23.2300,23.2335,23.2235,23.2310,27
SQ:XAGUSD,2021-08-20T09:09:00+02:00,23.2310,23.2445,23.2270,23.2375,40
SQ:XAGUSD,2021-08-20T09:10:00+02:00,23.2395,23.2415,23.2345,23.2365,15
SQ:XAGUSD,2021-08-20T09:11:00+02:00,23.2365,23.2400,23.2335,23.2400,23
SQ:XAGUSD,2021-08-20T09:12:00+02:00,23.2400,23.2445,23.2335,23.2425,51
SQ:XAGUSD,2021-08-20T09:13:00+02:00,23.2435,23.2455,23.2365,23.2435,30
SQ:XAGUSD,2021-08-20T09:14:00+02:00,23.2435,23.2500,23.2420,23.2455,24
SQ:XAGUSD,2021-08-20T09:15:00+02:00,23.2465,23.2465,23.2395,23.2430,26
SQ:XAGUSD,2021-08-20T09:16:00+02:00,23.2425,23.2475,23.2420,23.2465,18
SQ:XAGUSD,2021-08-20T09:17:00+02:00,23.2465,23.2555,23.2465,23.2535,12
SQ:XAGUSD,2021-08-20T09:18:00+02:00,23.2535,23.2535,23.2375,23.2385,27
SQ:XAGUSD,2021-08-20T09:19:00+02:00,23.2390,23.2435,23.2340,23.2385,35
SQ:XAGUSD,2021-08-20T09:20:00+02:00,23.2385,23.2435,23.2355,23.2355,22
SQ:XAGUSD,2021-08-20T09:21:00+02:00,23.2355,23.2365,23.2325,23.2365,24
SQ:XAGUSD,2021-08-20T09:22:00+02:00,23.2365,23.2405,23.2285,23.2285,19
SQ:XAGUSD,2021-08-20T09:23:00+02:00,23.2285,23.2375,23.2285,23.2315,23
SQ:XAGUSD,2021-08-20T09:24:00+02:00,23.2295,23.2305,23.2245,23.2255,22
SQ:XAGUSD,2021-08-20T09:25:00+02:00,23.2235,23.2385,23.2235,23.2285,36
SQ:XAGUSD,2021-08-20T09:26:00+02:00,23.2285,23.2350,23.2275,23.2285,28
SQ:XAGUSD,2021-08-20T09:27:00+02:00,23.2280,23.2370,23.2275,23.2320,40
SQ:XAGUSD,2021-08-20T09:28:00+02:00,23.2305,23.2335,23.2275,23.2320,47
SQ:XAGUSD,2021-08-20T09:29:00+02:00,23.2315,23.2415,23.2275,23.2345,32
SQ:XAGUSD,2021-08-20T09:30:00+02:00,23.2345,23.2345,23.2145,23.2175,65
SQ:XAGUSD,2021-08-20T09:31:00+02:00,23.2175,23.2275,23.2045,23.2105,53
SQ:XAGUSD,2021-08-20T09:32:00+02:00,23.2095,23.2335,23.2085,23.2325,51
SQ:XAGUSD,2021-08-20T09:33:00+02:00,23.2335,23.2425,23.2315,23.2425,40
SQ:XAGUSD,2021-08-20T09:34:00+02:00,23.2425,23.2435,23.2305,23.2355,43
SQ:XAGUSD,2021-08-20T09:35:00+02:00,23.2355,23.2425,23.2315,23.2425,37
SQ:XAGUSD,2021-08-20T09:36:00+02:00,23.2435,23.2455,23.2355,23.2365,31
SQ:XAGUSD,2021-08-20T09:37:00+02:00,23.2355,23.2515,23.2325,23.2425,32
SQ:XAGUSD,2021-08-20T09:38:00+02:00,23.2425,23.2485,23.2355,23.2475,35
SQ:XAGUSD,2021-08-20T09:39:00+02:00,23.2475,23.2635,23.2475,23.2575,46
SQ:XAGUSD,2021-08-20T09:40:00+02:00,23.2585,23.2635,23.2455,23.2455,57
SQ:XAGUSD,2021-08-20T09:41:00+02:00,23.2445,23.2555,23.2435,23.2495,37
SQ:XAGUSD,2021-08-20T09:42:00+02:00,23.2485,23.2525,23.2425,23.2465,32
SQ:XAGUSD,2021-08-20T09:43:00+02:00,23.2465,23.2545,23.2465,23.2465,24
SQ:XAGUSD,2021-08-20T09:44:00+02:00,23.2465,23.2465,23.2285,23.2325,46
SQ:XAGUSD,2021-08-20T09:45:00+02:00,23.2325,23.2325,23.2175,23.2215,33
SQ:XAGUSD,2021-08-20T09:46:00+02:00,23.2215,23.2315,23.2215,23.2295,23
SQ:XAGUSD,2021-08-20T09:47:00+02:00,23.2305,23.2305,23.2125,23.2225,32
SQ:XAGUSD,2021-08-20T09:48:00+02:00,23.2225,23.2225,23.2145,23.2185,23
SQ:XAGUSD,2021-08-20T09:49:00+02:00,23.2185,23.2205,23.2085,23.2125,28
SQ:XAGUSD,2021-08-20T09:50:00+02:00,23.2115,23.2130,23.2035,23.2130,27
SQ:XAGUSD,2021-08-20T09:51:00+02:00,23.2130,23.2165,23.2085,23.2125,41
SQ:XAGUSD,2021-08-20T09:52:00+02:00,23.2125,23.2175,23.2085,23.2175,22
SQ:XAGUSD,2021-08-20T09:53:00+02:00,23.2185,23.2185,23.2125,23.2135,15
SQ:XAGUSD,2021-08-20T09:54:00+02:00,23.2135,23.2135,23.2095,23.2135,18
SQ:XAGUSD,2021-08-20T09:55:00+02:00,23.2145,23.2195,23.2085,23.2085,17
SQ:XAGUSD,2021-08-20T09:56:00+02:00,23.2075,23.2125,23.2065,23.2090,21
SQ:XAGUSD,2021-08-20T09:57:00+02:00,23.2090,23.2095,23.2025,23.2075,20
SQ:XAGUSD,2021-08-20T09:58:00+02:00,23.2075,23.2085,23.2040,23.2080,17
SQ:XAGUSD,2021-08-20T09:59:00+02:00,23.2080,23.2080,23.1945,23.1975,30
SQ:XAGUSD,2021-08-20T10:00:00+02:00,23.1985,23.2035,23.1975,23.2015,16
SQ:XAGUSD,2021-08-20T10:01:00+02:00,23.2025,23.2085,23.1985,23.2085,27
SQ:XAGUSD,2021-08-20T10:02:00+02:00,23.2085,23.2170,23.2085,23.2085,30
SQ:XAGUSD,2021-08-20T10:03:00+02:00,23.2080,23.2085,23.2035,23.2080,32
SQ:XAGUSD,2021-08-20T10:04:00+02:00,23.2085,23.2135,23.2045,23.2115,37
SQ:XAGUSD,2021-08-20T10:05:00+02:00,23.2125,23.2215,23.2105,23.2175,20
SQ:XAGUSD,2021-08-20T10:06:00+02:00,23.2175,23.2185,23.2125,23.2125,22
SQ:XAGUSD,2021-08-20T10:07:00+02:00,23.2125,23.2165,23.2105,23.2155,26
SQ:XAGUSD,2021-08-20T10:08:00+02:00,23.2145,23.2175,23.2105,23.2130,12
SQ:XAGUSD,2021-08-20T10:09:00+02:00,23.2130,23.2145,23.2100,23.2145,17
SQ:XAGUSD,2021-08-20T10:10:00+02:00,23.2145,23.2190,23.2145,23.2170,25
SQ:XAGUSD,2021-08-20T10:11:00+02:00,23.2170,23.2190,23.2150,23.2165,23
SQ:XAGUSD,2021-08-20T10:12:00+02:00,23.2165,23.2165,23.2135,23.2135,16
SQ:XAGUSD,2021-08-20T10:13:00+02:00,23.2135,23.2165,23.2070,23.2165,25
SQ:XAGUSD,2021-08-20T10:14:00+02:00,23.2155,23.2225,23.2105,23.2215,26
SQ:XAGUSD,2021-08-20T10:15:00+02:00,23.2215,23.2325,23.2195,23.2300,33
SQ:XAGUSD,2021-08-20T10:16:00+02:00,23.2300,23.2300,23.2225,23.2240,15
SQ:XAGUSD,2021-08-20T10:17:00+02:00,23.2230,23.2230,23.2100,23.2115,22
SQ:XAGUSD,2021-08-20T10:18:00+02:00,23.2115,23.2135,23.2080,23.2135,21
SQ:XAGUSD,2021-08-20T10:19:00+02:00,23.2135,23.2165,23.2095,23.2095,20
SQ:XAGUSD,2021-08-20T10:20:00+02:00,23.2095,23.2095,23.1945,23.1955,20
SQ:XAGUSD,2021-08-20T10:21:00+02:00,23.1955,23.1965,23.1895,23.1925,17
SQ:XAGUSD,2021-08-20T10:22:00+02:00,23.1925,23.1935,23.1905,23.1905,8
SQ:XAGUSD,2021-08-20T10:23:00+02:00,23.1895,23.1905,23.1815,23.1845,18
SQ:XAGUSD,2021-08-20T10:24:00+02:00,23.1845,23.1845,23.1755,23.1800,32
SQ:XAGUSD,2021-08-20T10:25:00+02:00,23.1795,23.1805,23.1750,23.1765,35
SQ:XAGUSD,2021-08-20T10:26:00+02:00,23.1760,23.1785,23.1725,23.1775,36
SQ:XAGUSD,2021-08-20T10:27:00+02:00,23.1775,23.1835,23.1725,23.1815,23
SQ:XAGUSD,2021-08-20T10:28:00+02:00,23.1815,23.1835,23.1745,23.1745,27
SQ:XAGUSD,2021-08-20T10:29:00+02:00,23.1745,23.1755,23.1685,23.1695,26
SQ:XAGUSD,2021-08-20T10:30:00+02:00,23.1705,23.1715,23.1645,23.1685,40
SQ:XAGUSD,2021-08-20T10:31:00+02:00,23.1665,23.1665,23.1555,23.1595,31
SQ:XAGUSD,2021-08-20T10:32:00+02:00,23.1605,23.1625,23.1495,23.1495,34
SQ:XAGUSD,2021-08-20T10:33:00+02:00,23.1495,23.1615,23.1455,23.1600,21
SQ:XAGUSD,2021-08-20T10:34:00+02:00,23.1600,23.1665,23.1555,23.1665,30
SQ:XAGUSD,2021-08-20T10:35:00+02:00,23.1665,23.1665,23.1550,23.1560,26
SQ:XAGUSD,2021-08-20T10:36:00+02:00,23.1565,23.1575,23.1425,23.1470,30
SQ:XAGUSD,2021-08-20T10:37:00+02:00,23.1470,23.1555,23.1405,23.1555,23
SQ:XAGUSD,2021-08-20T10:38:00+02:00,23.1555,23.1555,23.1415,23.1425,41
SQ:XAGUSD,2021-08-20T10:39:00+02:00,23.1435,23.1435,23.1275,23.1315,38
SQ:XAGUSD,2021-08-20T10:40:00+02:00,23.1305,23.1315,23.1165,23.1185,46
SQ:XAGUSD,2021-08-20T10:41:00+02:00,23.1175,23.1215,23.1075,23.1115,44
SQ:XAGUSD,2021-08-20T10:42:00+02:00,23.1125,23.1220,23.1075,23.1180,43
SQ:XAGUSD,2021-08-20T10:43:00+02:00,23.1180,23.1220,23.1130,23.1215,41
SQ:XAGUSD,2021-08-20T10:44:00+02:00,23.1220,23.1220,23.1145,23.1215,36
SQ:XAGUSD,2021-08-20T10:45:00+02:00,23.1215,23.1230,23.1135,23.1145,25
SQ:XAGUSD,2021-08-20T10:46:00+02:00,23.1165,23.1185,23.1105,23.1110,30
SQ:XAGUSD,2021-08-20T10:47:00+02:00,23.1115,23.1125,23.0935,23.0985,75
SQ:XAGUSD,2021-08-20T10:48:00+02:00,23.0985,23.1005,23.0940,23.0995,54
SQ:XAGUSD,2021-08-20T10:49:00+02:00,23.0980,23.0980,23.0835,23.0915,47
SQ:XAGUSD,2021-08-20T10:50:00+02:00,23.0925,23.0940,23.0825,23.0845,33
SQ:XAGUSD,2021-08-20T10:51:00+02:00,23.0845,23.0885,23.0785,23.0825,45
SQ:XAGUSD,2021-08-20T10:52:00+02:00,23.0820,23.0820,23.0695,23.0705,52
SQ:XAGUSD,2021-08-20T10:53:00+02:00,23.0705,23.0955,23.0675,23.0955,68
SQ:XAGUSD,2021-08-20T10:54:00+02:00,23.0975,23.0995,23.0935,23.0965,48
SQ:XAGUSD,2021-08-20T10:55:00+02:00,23.0955,23.0985,23.0925,23.0935,49
SQ:XAGUSD,2021-08-20T10:56:00+02:00,23.0935,23.0975,23.0835,23.0945,45
SQ:XAGUSD,2021-08-20T10:57:00+02:00,23.0945,23.1045,23.0915,23.1025,40
SQ:XAGUSD,2021-08-20T10:58:00+02:00,23.1025,23.1075,23.1000,23.1035,44
SQ:XAGUSD,2021-08-20T10:59:00+02:00,23.1025,23.1085,23.1015,23.1055,29
SQ:XAGUSD,2021-08-20T11:00:00+02:00,23.1055,23.1085,23.0965,23.1055,47
SQ:XAGUSD,2021-08-20T11:01:00+02:00,23.1035,23.1035,23.0945,23.0975,36
SQ:XAGUSD,2021-08-20T11:02:00+02:00,23.0985,23.0995,23.0945,23.0985,54
SQ:XAGUSD,2021-08-20T11:03:00+02:00,23.0975,23.1085,23.0945,23.1055,40
SQ:XAGUSD,2021-08-20T11:04:00+02:00,23.1055,23.1095,23.1005,23.1065,26
SQ:XAGUSD,2021-08-20T11:05:00+02:00,23.1065,23.1115,23.1065,23.1075,29
SQ:XAGUSD,2021-08-20T11:06:00+02:00,23.1065,23.1075,23.1025,23.1045,27
SQ:XAGUSD,2021-08-20T11:07:00+02:00,23.1035,23.1045,23.0985,23.1005,27
SQ:XAGUSD,2021-08-20T11:08:00+02:00,23.0995,23.0995,23.0965,23.0975,14
SQ:XAGUSD,2021-08-20T11:09:00+02:00,23.0965,23.0975,23.0945,23.0955,17
SQ:XAGUSD,2021-08-20T11:10:00+02:00,23.0955,23.1025,23.0945,23.1015,18
SQ:XAGUSD,2021-08-20T11:11:00+02:00,23.1005,23.1005,23.0965,23.0965,24
SQ:XAGUSD,2021-08-20T11:12:00+02:00,23.0965,23.0975,23.0865,23.0935,37
SQ:XAGUSD,2021-08-20T11:13:00+02:00,23.0945,23.1045,23.0935,23.1015,45
SQ:XAGUSD,2021-08-20T11:14:00+02:00,23.1025,23.1025,23.0955,23.0995,53
SQ:XAGUSD,2021-08-20T11:15:00+02:00,23.0995,23.1015,23.0965,23.0965,31
SQ:XAGUSD,2021-08-20T11:16:00+02:00,23.0965,23.1055,23.0965,23.1055,33
SQ:XAGUSD,2021-08-20T11:17:00+02:00,23.1045,23.1045,23.0985,23.1005,23
SQ:XAGUSD,2021-08-20T11:18:00+02:00,23.1015,23.1045,23.1015,23.1015,10
SQ:XAGUSD,2021-08-20T11:19:00+02:00,23.1015,23.1015,23.0925,23.0945,27
SQ:XAGUSD,2021-08-20T11:20:00+02:00,23.0935,23.1035,23.0915,23.0995,34
SQ:XAGUSD,2021-08-20T11:21:00+02:00,23.1005,23.1055,23.0995,23.1045,23
SQ:XAGUSD,2021-08-20T11:22:00+02:00,23.1025,23.1055,23.1005,23.1005,27
SQ:XAGUSD,2021-08-20T11:23:00+02:00,23.1005,23.1235,23.1005,23.1205,32
SQ:XAGUSD,2021-08-20T11:24:00+02:00,23.1195,23.1235,23.1165,23.1225,34
SQ:XAGUSD,2021-08-20T11:25:00+02:00,23.1235,23.1335,23.1215,23.1305,26
SQ:XAGUSD,2021-08-20T11:26:00+02:00,23.1315,23.1315,23.1290,23.1295,7
SQ:XAGUSD,2021-08-20T11:27:00+02:00,23.1295,23.1305,23.1295,23.1295,5
SQ:XAGUSD,2021-08-20T11:28:00+02:00,23.1295,23.1295,23.1145,23.1145,21
SQ:XAGUSD,2021-08-20T11:29:00+02:00,23.1145,23.1145,23.1085,23.1085,11
SQ:XAGUSD,2021-08-20T11:30:00+02:00,23.1080,23.1235,23.1065,23.1235,39
SQ:XAGUSD,2021-08-20T11:31:00+02:00,23.1245,23.1325,23.1235,23.1325,22
SQ:XAGUSD,2021-08-20T11:32:00+02:00,23.1325,23.1335,23.1295,23.1335,21
SQ:XAGUSD,2021-08-20T11:33:00+02:00,23.1330,23.1345,23.1320,23.1335,14
SQ:XAGUSD,2021-08-20T11:34:00+02:00,23.1335,23.1465,23.1335,23.1465,20
SQ:XAGUSD,2021-08-20T11:35:00+02:00,23.1465,23.1475,23.1415,23.1445,13
SQ:XAGUSD,2021-08-20T11:36:00+02:00,23.1415,23.1505,23.1415,23.1485,26
SQ:XAGUSD,2021-08-20T11:37:00+02:00,23.1485,23.1505,23.1475,23.1485,7
SQ:XAGUSD,2021-08-20T11:38:00+02:00,23.1485,23.1505,23.1455,23.1465,29
SQ:XAGUSD,2021-08-20T11:39:00+02:00,23.1475,23.1535,23.1445,23.1485,21
SQ:XAGUSD,2021-08-20T11:40:00+02:00,23.1485,23.1485,23.1445,23.1485,19
SQ:XAGUSD,2021-08-20T11:41:00+02:00,23.1485,23.1495,23.1425,23.1495,15
SQ:XAGUSD,2021-08-20T11:42:00+02:00,23.1495,23.1515,23.1475,23.1515,13
SQ:XAGUSD,2021-08-20T11:43:00+02:00,23.1515,23.1555,23.1515,23.1535,8
SQ:XAGUSD,2021-08-20T11:44:00+02:00,23.1545,23.1545,23.1465,23.1485,15
SQ:XAGUSD,2021-08-20T11:45:00+02:00,23.1485,23.1485,23.1435,23.1445,7
SQ:XAGUSD,2021-08-20T11:46:00+02:00,23.1445,23.1495,23.1445,23.1475,14
SQ:XAGUSD,2021-08-20T11:47:00+02:00,23.1475,23.1485,23.1365,23.1415,14
SQ:XAGUSD,2021-08-20T11:48:00+02:00,23.1415,23.1415,23.1325,23.1325,35
SQ:XAGUSD,2021-08-20T11:49:00+02:00,23.1325,23.1395,23.1275,23.1395,16
SQ:XAGUSD,2021-08-20T11:50:00+02:00,23.1385,23.1415,23.1365,23.1375,19
SQ:XAGUSD,2021-08-20T11:51:00+02:00,23.1375,23.1375,23.1285,23.1285,26
SQ:XAGUSD,2021-08-20T11:52:00+02:00,23.1285,23.1295,23.1275,23.1275,6
SQ:XAGUSD,2021-08-20T11:53:00+02:00,23.1275,23.1285,23.1265,23.1265,3
SQ:XAGUSD,2021-08-20T11:54:00+02:00,23.1265,23.1285,23.1265,23.1275,4
SQ:XAGUSD,2021-08-20T11:55:00+02:00,23.1275,23.1275,23.1185,23.1235,13
SQ:XAGUSD,2021-08-20T11:56:00+02:00,23.1235,23.1235,23.1025,23.1165,40
SQ:XAGUSD,2021-08-20T11:57:00+02:00,23.1165,23.1215,23.1155,23.1215,27
SQ:XAGUSD,2021-08-20T11:58:00+02:00,23.1215,23.1235,23.1125,23.1235,20
SQ:XAGUSD,2021-08-20T11:59:00+02:00,23.1235,23.1295,23.1205,23.1275,19
SQ:XAGUSD,2021-08-20T12:00:00+02:00,23.1265,23.1325,23.1265,23.1305,14
SQ:XAGUSD,2021-08-20T12:01:00+02:00,23.1305,23.1305,23.1255,23.1265,4
SQ:XAGUSD,2021-08-20T12:02:00+02:00,23.1265,23.1265,23.1175,23.1185,8
SQ:XAGUSD,2021-08-20T12:03:00+02:00,23.1185,23.1205,23.1155,23.1155,22
SQ:XAGUSD,2021-08-20T12:04:00+02:00,23.1165,23.1265,23.1155,23.1215,20
SQ:XAGUSD,2021-08-20T12:05:00+02:00,23.1215,23.1235,23.1015,23.1025,28
SQ:XAGUSD,2021-08-20T12:06:00+02:00,23.1035,23.1065,23.1015,23.1025,33
SQ:XAGUSD,2021-08-20T12:07:00+02:00,23.1025,23.1055,23.0955,23.0955,18
SQ:XAGUSD,2021-08-20T12:08:00+02:00,23.0955,23.0965,23.0905,23.0905,47
SQ:XAGUSD,2021-08-20T12:09:00+02:00,23.0925,23.1085,23.0885,23.1065,63
SQ:XAGUSD,2021-08-20T12:10:00+02:00,23.1065,23.1065,23.0845,23.0845,61
SQ:XAGUSD,2021-08-20T12:11:00+02:00,23.0845,23.0845,23.0735,23.0755,53
SQ:XAGUSD,2021-08-20T12:12:00+02:00,23.0755,23.0785,23.0735,23.0745,35
SQ:XAGUSD,2021-08-20T12:13:00+02:00,23.0745,23.0815,23.0655,23.0795,45
SQ:XAGUSD,2021-08-20T12:14:00+02:00,23.0785,23.0855,23.0785,23.0855,21
SQ:XAGUSD,2021-08-20T12:15:00+02:00,23.0875,23.0995,23.0855,23.0995,27
SQ:XAGUSD,2021-08-20T12:16:00+02:00,23.0995,23.1075,23.0945,23.1065,21
SQ:XAGUSD,2021-08-20T12:17:00+02:00,23.1065,23.1105,23.0995,23.0995,15
SQ:XAGUSD,2021-08-20T12:18:00+02:00,23.0995,23.1015,23.0965,23.0985,11
SQ:XAGUSD,2021-08-20T12:19:00+02:00,23.0995,23.1075,23.0955,23.1005,24
SQ:XAGUSD,2021-08-20T12:20:00+02:00,23.1035,23.1055,23.0995,23.1015,20
SQ:XAGUSD,2021-08-20T12:21:00+02:00,23.1005,23.1015,23.0985,23.0985,15
SQ:XAGUSD,2021-08-20T12:22:00+02:00,23.0985,23.0985,23.0935,23.0975,10
SQ:XAGUSD,2021-08-20T12:23:00+02:00,23.0985,23.1035,23.0955,23.0985,22
SQ:XAGUSD,2021-08-20T12:24:00+02:00,23.0985,23.1035,23.0955,23.1025,19
SQ:XAGUSD,2021-08-20T12:25:00+02:00,23.1025,23.1145,23.1025,23.1115,21
SQ:XAGUSD,2021-08-20T12:26:00+02:00,23.1115,23.1140,23.1065,23.1125,29
SQ:XAGUSD,2021-08-20T12:27:00+02:00,23.1125,23.1165,23.1125,23.1165,14
SQ:XAGUSD,2021-08-20T12:28:00+02:00,23.1185,23.1325,23.1175,23.1325,19
SQ:XAGUSD,2021-08-20T12:29:00+02:00,23.1325,23.1435,23.1325,23.1395,26
SQ:XAGUSD,2021-08-20T12:30:00+02:00,23.1395,23.1455,23.1395,23.1405,17
SQ:XAGUSD,2021-08-20T12:31:00+02:00,23.1405,23.1435,23.1315,23.1395,33
SQ:XAGUSD,2021-08-20T12:32:00+02:00,23.1405,23.1495,23.1365,23.1455,26
SQ:XAGUSD,2021-08-20T12:33:00+02:00,23.1455,23.1555,23.1455,23.1555,25
SQ:XAGUSD,2021-08-20T12:34:00+02:00,23.1555,23.1575,23.1545,23.1565,10
SQ:XAGUSD,2021-08-20T12:35:00+02:00,23.1565,23.1575,23.1505,23.1505,22
SQ:XAGUSD,2021-08-20T12:36:00+02:00,23.1505,23.1555,23.1445,23.1545,29
SQ:XAGUSD,2021-08-20T12:37:00+02:00,23.1540,23.1605,23.1515,23.1585,11
SQ:XAGUSD,2021-08-20T12:38:00+02:00,23.1585,23.1615,23.1555,23.1595,9
SQ:XAGUSD,2021-08-20T12:39:00+02:00,23.1580,23.1580,23.1545,23.1565,28
SQ:XAGUSD,2021-08-20T12:40:00+02:00,23.1575,23.1645,23.1555,23.1635,13
SQ:XAGUSD,2021-08-20T12:41:00+02:00,23.1635,23.1655,23.1625,23.1655,4
SQ:XAGUSD,2021-08-20T12:42:00+02:00,23.1675,23.1765,23.1675,23.1695,20
SQ:XAGUSD,2021-08-20T12:43:00+02:00,23.1695,23.1715,23.1695,23.1695,11
SQ:XAGUSD,2021-08-20T12:44:00+02:00,23.1680,23.1745,23.1680,23.1705,16
SQ:XAGUSD,2021-08-20T12:45:00+02:00,23.1705,23.1745,23.1635,23.1635,13
SQ:XAGUSD,2021-08-20T12:46:00+02:00,23.1645,23.1665,23.1640,23.1655,12
SQ:XAGUSD,2021-08-20T12:47:00+02:00,23.1655,23.1665,23.1595,23.1655,10
SQ:XAGUSD,2021-08-20T12:48:00+02:00,23.1645,23.1675,23.1645,23.1670,4
SQ:XAGUSD,2021-08-20T12:49:00+02:00,23.1665,23.1685,23.1655,23.1655,4
SQ:XAGUSD,2021-08-20T12:50:00+02:00,23.1665,23.1740,23.1665,23.1705,13
SQ:XAGUSD,2021-08-20T12:51:00+02:00,23.1710,23.1755,23.1710,23.1750,7
SQ:XAGUSD,2021-08-20T12:52:00+02:00,23.1750,23.1755,23.1705,23.1705,5
SQ:XAGUSD,2021-08-20T12:53:00+02:00,23.1695,23.1725,23.1695,23.1715,4
SQ:XAGUSD,2021-08-20T12:54:00+02:00,23.1725,23.1775,23.1725,23.1745,7
SQ:XAGUSD,2021-08-20T12:55:00+02:00,23.1745,23.1785,23.1695,23.1785,20
SQ:XAGUSD,2021-08-20T12:56:00+02:00,23.1785,23.1795,23.1740,23.1765,9
SQ:XAGUSD,2021-08-20T12:57:00+02:00,23.1765,23.1805,23.1745,23.1795,12
SQ:XAGUSD,2021-08-20T12:58:00+02:00,23.1805,23.1825,23.1785,23.1825,6
SQ:XAGUSD,2021-08-20T12:59:00+02:00,23.1835,23.1845,23.1810,23.1815,11
SQ:XAGUSD,2021-08-20T13:00:00+02:00,23.1810,23.1905,23.1795,23.1795,39
SQ:XAGUSD,2021-08-20T13:01:00+02:00,23.1800,23.1845,23.1725,23.1845,35
SQ:XAGUSD,2021-08-20T13:02:00+02:00,23.1845,23.1895,23.1845,23.1865,34
SQ:XAGUSD,2021-08-20T13:03:00+02:00,23.1875,23.1905,23.1815,23.1875,35
SQ:XAGUSD,2021-08-20T13:04:00+02:00,23.1875,23.1945,23.1855,23.1855,43
SQ:XAGUSD,2021-08-20T13:05:00+02:00,23.1855,23.1935,23.1840,23.1875,25
SQ:XAGUSD,2021-08-20T13:06:00+02:00,23.1895,23.1935,23.1895,23.1915,19
SQ:XAGUSD,2021-08-20T13:07:00+02:00,23.1920,23.1945,23.1855,23.1885,15
SQ:XAGUSD,2021-08-20T13:08:00+02:00,23.1895,23.1895,23.1855,23.1855,6
SQ:XAGUSD,2021-08-20T13:09:00+02:00,23.1865,23.1905,23.1805,23.1805,13
SQ:XAGUSD,2021-08-20T13:10:00+02:00,23.1815,23.1905,23.1805,23.1845,25
SQ:XAGUSD,2021-08-20T13:11:00+02:00,23.1845,23.1895,23.1765,23.1875,28
SQ:XAGUSD,2021-08-20T13:12:00+02:00,23.1870,23.1875,23.1805,23.1805,11
SQ:XAGUSD,2021-08-20T13:13:00+02:00,23.1805,23.1805,23.1795,23.1805,3
SQ:XAGUSD,2021-08-20T13:14:00+02:00,23.1805,23.1915,23.1750,23.1895,46
SQ:XAGUSD,2021-08-20T13:15:00+02:00,23.1895,23.1915,23.1860,23.1885,20
SQ:XAGUSD,2021-08-20T13:16:00+02:00,23.1885,23.1885,23.1750,23.1795,28
SQ:XAGUSD,2021-08-20T13:17:00+02:00,23.1795,23.1825,23.1785,23.1815,17
SQ:XAGUSD,2021-08-20T13:18:00+02:00,23.1815,23.1835,23.1785,23.1830,12
SQ:XAGUSD,2021-08-20T13:19:00+02:00,23.1815,23.1815,23.1765,23.1785,13
SQ:XAGUSD,2021-08-20T13:20:00+02:00,23.1785,23.1875,23.1765,23.1845,21
SQ:XAGUSD,2021-08-20T13:21:00+02:00,23.1845,23.1895,23.1845,23.1865,25
SQ:XAGUSD,2021-08-20T13:22:00+02:00,23.1865,23.1935,23.1865,23.1895,19
SQ:XAGUSD,2021-08-20T13:23:00+02:00,23.1895,23.1955,23.1890,23.1915,24
SQ:XAGUSD,2021-08-20T13:24:00+02:00,23.1915,23.1975,23.1905,23.1935,14
SQ:XAGUSD,2021-08-20T13:25:00+02:00,23.1935,23.1995,23.1935,23.1940,13
SQ:XAGUSD,2021-08-20T13:26:00+02:00,23.1940,23.1985,23.1885,23.1955,43
SQ:XAGUSD,2021-08-20T13:27:00+02:00,23.1955,23.1985,23.1955,23.1985,12
SQ:XAGUSD,2021-08-20T13:28:00+02:00,23.1975,23.2015,23.1945,23.1985,27
SQ:XAGUSD,2021-08-20T13:29:00+02:00,23.1985,23.2035,23.1985,23.2025,7
SQ:XAGUSD,2021-08-20T13:30:00+02:00,23.2025,23.2095,23.1965,23.2095,22
SQ:XAGUSD,2021-08-20T13:31:00+02:00,23.2095,23.2155,23.2095,23.2095,25
SQ:XAGUSD,2021-08-20T13:32:00+02:00,23.2095,23.2115,23.1975,23.1995,34
SQ:XAGUSD,2021-08-20T13:33:00+02:00,23.1995,23.2015,23.1955,23.1965,23
SQ:XAGUSD,2021-08-20T13:34:00+02:00,23.1965,23.1985,23.1895,23.1945,26
SQ:XAGUSD,2021-08-20T13:35:00+02:00,23.1955,23.2005,23.1920,23.1925,23
SQ:XAGUSD,2021-08-20T13:36:00+02:00,23.1935,23.1945,23.1795,23.1865,51
SQ:XAGUSD,2021-08-20T13:37:00+02:00,23.1865,23.1895,23.1785,23.1805,37
SQ:XAGUSD,2021-08-20T13:38:00+02:00,23.1805,23.1855,23.1795,23.1835,21
SQ:XAGUSD,2021-08-20T13:39:00+02:00,23.1835,23.1895,23.1835,23.1885,18
SQ:XAGUSD,2021-08-20T13:40:00+02:00,23.1885,23.1895,23.1775,23.1865,36
SQ:XAGUSD,2021-08-20T13:41:00+02:00,23.1865,23.1895,23.1845,23.1855,9
SQ:XAGUSD,2021-08-20T13:42:00+02:00,23.1855,23.1865,23.1795,23.1815,18
SQ:XAGUSD,2021-08-20T13:43:00+02:00,23.1815,23.1815,23.1775,23.1785,16
SQ:XAGUSD,2021-08-20T13:44:00+02:00,23.1785,23.1835,23.1785,23.1795,8
SQ:XAGUSD,2021-08-20T13:45:00+02:00,23.1795,23.1845,23.1785,23.1805,23
SQ:XAGUSD,2021-08-20T13:46:00+02:00,23.1815,23.1905,23.1815,23.1865,24
SQ:XAGUSD,2021-08-20T13:47:00+02:00,23.1865,23.1865,23.1805,23.1820,27
SQ:XAGUSD,2021-08-20T13:48:00+02:00,23.1815,23.1875,23.1815,23.1835,12
SQ:XAGUSD,2021-08-20T13:49:00+02:00,23.1835,23.1865,23.1805,23.1805,17
SQ:XAGUSD,2021-08-20T13:50:00+02:00,23.1805,23.1895,23.1785,23.1885,23
SQ:XAGUSD,2021-08-20T13:51:00+02:00,23.1885,23.1935,23.1865,23.1865,16
SQ:XAGUSD,2021-08-20T13:52:00+02:00,23.1855,23.1955,23.1845,23.1945,13
SQ:XAGUSD,2021-08-20T13:53:00+02:00,23.1945,23.2035,23.1945,23.2035,19
SQ:XAGUSD,2021-08-20T13:54:00+02:00,23.2035,23.2045,23.1965,23.1975,24
SQ:XAGUSD,2021-08-20T13:55:00+02:00,23.1975,23.1985,23.1935,23.1975,20
SQ:XAGUSD,2021-08-20T13:56:00+02:00,23.1980,23.1995,23.1935,23.1985,18
SQ:XAGUSD,2021-08-20T13:57:00+02:00,23.1985,23.2105,23.1985,23.2085,13
SQ:XAGUSD,2021-08-20T13:58:00+02:00,23.2085,23.2135,23.2085,23.2135,16
SQ:XAGUSD,2021-08-20T13:59:00+02:00,23.2135,23.2155,23.2055,23.2090,40
SQ:XAGUSD,2021-08-20T14:00:00+02:00,23.2090,23.2195,23.1855,23.1855,54
SQ:XAGUSD,2021-08-20T14:01:00+02:00,23.1845,23.1980,23.1845,23.1975,30
SQ:XAGUSD,2021-08-20T14:02:00+02:00,23.1975,23.2075,23.1895,23.1905,36
SQ:XAGUSD,2021-08-20T14:03:00+02:00,23.1925,23.2065,23.1845,23.1905,58
SQ:XAGUSD,2021-08-20T14:04:00+02:00,23.1915,23.1965,23.1725,23.1745,77
SQ:XAGUSD,2021-08-20T14:05:00+02:00,23.1735,23.1895,23.1705,23.1865,56
SQ:XAGUSD,2021-08-20T14:06:00+02:00,23.1855,23.1925,23.1795,23.1915,100
SQ:XAGUSD,2021-08-20T14:07:00+02:00,23.1925,23.1935,23.1915,23.1915,23
SQ:XAGUSD,2021-08-20T14:08:00+02:00,23.1915,23.1955,23.1861,23.1861,23
SQ:XAGUSD,2021-08-20T14:09:00+02:00,23.1865,23.2185,23.1865,23.2185,54
SQ:XAGUSD,2021-08-20T14:10:00+02:00,23.2185,23.2285,23.2075,23.2185,36
SQ:XAGUSD,2021-08-20T14:11:00+02:00,23.2185,23.2335,23.2185,23.2275,24
SQ:XAGUSD,2021-08-20T14:12:00+02:00,23.2275,23.2375,23.2165,23.2165,59
SQ:XAGUSD,2021-08-20T14:13:00+02:00,23.2175,23.2225,23.2155,23.2225,13
SQ:XAGUSD,2021-08-20T14:14:00+02:00,23.2215,23.2315,23.2195,23.2235,61
SQ:XAGUSD,2021-08-20T14:15:00+02:00,23.2225,23.2295,23.2225,23.2245,68
SQ:XAGUSD,2021-08-20T14:16:00+02:00,23.2245,23.2255,23.2135,23.2155,45
SQ:XAGUSD,2021-08-20T14:17:00+02:00,23.2135,23.2185,23.2115,23.2135,39
SQ:XAGUSD,2021-08-20T14:18:00+02:00,23.2125,23.2175,23.2125,23.2145,17
SQ:XAGUSD,2021-08-20T14:19:00+02:00,23.2145,23.2165,23.2105,23.2115,21
SQ:XAGUSD,2021-08-20T14:20:00+02:00,23.2115,23.2155,23.1810,23.1810,37
SQ:XAGUSD,2021-08-20T14:21:00+02:00,23.1770,23.1825,23.1745,23.1825,36
SQ:XAGUSD,2021-08-20T14:22:00+02:00,23.1810,23.1885,23.1780,23.1865,30
SQ:XAGUSD,2021-08-20T14:23:00+02:00,23.1865,23.2165,23.1865,23.2035,58
SQ:XAGUSD,2021-08-20T14:24:00+02:00,23.2035,23.2115,23.2015,23.2065,52
SQ:XAGUSD,2021-08-20T14:25:00+02:00,23.2040,23.2040,23.1965,23.1975,36
SQ:XAGUSD,2021-08-20T14:26:00+02:00,23.1975,23.2255,23.1965,23.2255,46
SQ:XAGUSD,2021-08-20T14:27:00+02:00,23.2295,23.2395,23.2295,23.2335,24
SQ:XAGUSD,2021-08-20T14:28:00+02:00,23.2325,23.2355,23.1975,23.1985,60
SQ:XAGUSD,2021-08-20T14:29:00+02:00,23.1985,23.2175,23.1985,23.2145,23
SQ:XAGUSD,2021-08-20T14:30:00+02:00,23.2130,23.2245,23.1985,23.2005,47
SQ:XAGUSD,2021-08-20T14:31:00+02:00,23.1985,23.2065,23.1895,23.2045,32
SQ:XAGUSD,2021-08-20T14:32:00+02:00,23.2075,23.2305,23.2075,23.2145,54
SQ:XAGUSD,2021-08-20T14:33:00+02:00,23.2145,23.2315,23.2145,23.2235,51
SQ:XAGUSD,2021-08-20T14:34:00+02:00,23.2225,23.2255,23.2125,23.2195,55
SQ:XAGUSD,2021-08-20T14:35:00+02:00,23.2215,23.2415,23.2175,23.2405,81
SQ:XAGUSD,2021-08-20T14:36:00+02:00,23.2405,23.2465,23.2355,23.2405,75
SQ:XAGUSD,2021-08-20T14:37:00+02:00,23.2395,23.2435,23.2275,23.2435,78
SQ:XAGUSD,2021-08-20T14:38:00+02:00,23.2420,23.2435,23.2255,23.2275,93
SQ:XAGUSD,2021-08-20T14:39:00+02:00,23.2295,23.2340,23.2205,23.2215,56
SQ:XAGUSD,2021-08-20T14:40:00+02:00,23.2200,23.2255,23.2120,23.2215,105
SQ:XAGUSD,2021-08-20T14:41:00+02:00,23.2215,23.2230,23.2165,23.2200,31
SQ:XAGUSD,2021-08-20T14:42:00+02:00,23.2200,23.2210,23.2035,23.2035,25
SQ:XAGUSD,2021-08-20T14:43:00+02:00,23.2015,23.2075,23.1985,23.2035,37
SQ:XAGUSD,2021-08-20T14:44:00+02:00,23.2045,23.2045,23.1985,23.2030,27
SQ:XAGUSD,2021-08-20T14:45:00+02:00,23.2035,23.2075,23.1970,23.1970,45
SQ:XAGUSD,2021-08-20T14:46:00+02:00,23.1980,23.2020,23.1920,23.1945,28
SQ:XAGUSD,2021-08-20T14:47:00+02:00,23.1920,23.2020,23.1920,23.1985,40
SQ:XAGUSD,2021-08-20T14:48:00+02:00,23.1995,23.1995,23.1790,23.1850,48
SQ:XAGUSD,2021-08-20T14:49:00+02:00,23.1855,23.1865,23.1765,23.1785,34
SQ:XAGUSD,2021-08-20T14:50:00+02:00,23.1775,23.1815,23.1745,23.1765,55
SQ:XAGUSD,2021-08-20T14:51:00+02:00,23.1760,23.1795,23.1665,23.1685,49
SQ:XAGUSD,2021-08-20T14:52:00+02:00,23.1675,23.1705,23.1615,23.1655,51
SQ:XAGUSD,2021-08-20T14:53:00+02:00,23.1655,23.1665,23.1575,23.1575,45
SQ:XAGUSD,2021-08-20T14:54:00+02:00,23.1585,23.1605,23.1550,23.1575,41
SQ:XAGUSD,2021-08-20T14:55:00+02:00,23.1575,23.1625,23.1565,23.1615,27
SQ:XAGUSD,2021-08-20T14:56:00+02:00,23.1595,23.1595,23.1485,23.1495,32
SQ:XAGUSD,2021-08-20T14:57:00+02:00,23.1495,23.1495,23.1420,23.1455,49
SQ:XAGUSD,2021-08-20T14:58:00+02:00,23.1455,23.1495,23.1375,23.1405,57
SQ:XAGUSD,2021-08-20T14:59:00+02:00,23.1395,23.1485,23.1325,23.1335,102
SQ:XAGUSD,2021-08-20T15:00:00+02:00,23.1325,23.1495,23.1175,23.1345,236
SQ:XAGUSD,2021-08-20T15:01:00+02:00,23.1335,23.1355,23.1045,23.1055,169
SQ:XAGUSD,2021-08-20T15:02:00+02:00,23.1035,23.1255,23.0685,23.1120,174
SQ:XAGUSD,2021-08-20T15:03:00+02:00,23.1115,23.1115,23.0715,23.0815,119
SQ:XAGUSD,2021-08-20T15:04:00+02:00,23.0775,23.0845,23.0555,23.0725,149
SQ:XAGUSD,2021-08-20T15:05:00+02:00,23.0725,23.0785,23.0165,23.0295,171
SQ:XAGUSD,2021-08-20T15:06:00+02:00,23.0295,23.0345,23.0145,23.0325,201
SQ:XAGUSD,2021-08-20T15:07:00+02:00,23.0305,23.0825,23.0095,23.0605,189
SQ:XAGUSD,2021-08-20T15:08:00+02:00,23.0605,23.0725,23.0485,23.0645,139
SQ:XAGUSD,2021-08-20T15:09:00+02:00,23.0645,23.1335,23.0645,23.1295,140
SQ:XAGUSD,2021-08-20T15:10:00+02:00,23.1335,23.1565,23.1185,23.1425,161
SQ:XAGUSD,2021-08-20T15:11:00+02:00,23.1435,23.1685,23.1345,23.1685,136
SQ:XAGUSD,2021-08-20T15:12:00+02:00,23.1685,23.1835,23.1595,23.1655,127
SQ:XAGUSD,2021-08-20T15:13:00+02:00,23.1645,23.1705,23.1595,23.1635,87
SQ:XAGUSD,2021-08-20T15:14:00+02:00,23.1635,23.1645,23.1430,23.1505,64
SQ:XAGUSD,2021-08-20T15:15:00+02:00,23.1505,23.1635,23.1485,23.1635,93
SQ:XAGUSD,2021-08-20T15:16:00+02:00,23.1635,23.1635,23.1435,23.1615,66
SQ:XAGUSD,2021-08-20T15:17:00+02:00,23.1615,23.1645,23.1485,23.1525,85
SQ:XAGUSD,2021-08-20T15:18:00+02:00,23.1525,23.1555,23.1435,23.1435,68
SQ:XAGUSD,2021-08-20T15:19:00+02:00,23.1425,23.1525,23.1385,23.1435,64
SQ:XAGUSD,2021-08-20T15:20:00+02:00,23.1435,23.1485,23.1365,23.1475,77
SQ:XAGUSD,2021-08-20T15:21:00+02:00,23.1475,23.1475,23.1205,23.1365,62
SQ:XAGUSD,2021-08-20T15:22:00+02:00,23.1355,23.1535,23.1285,23.1525,75
SQ:XAGUSD,2021-08-20T15:23:00+02:00,23.1515,23.1515,23.1405,23.1485,49
SQ:XAGUSD,2021-08-20T15:24:00+02:00,23.1485,23.1495,23.1385,23.1495,75
SQ:XAGUSD,2021-08-20T15:25:00+02:00,23.1515,23.1525,23.1395,23.1435,50
SQ:XAGUSD,2021-08-20T15:26:00+02:00,23.1435,23.1455,23.1275,23.1315,66
SQ:XAGUSD,2021-08-20T15:27:00+02:00,23.1315,23.1395,23.1215,23.1395,71
SQ:XAGUSD,2021-08-20T15:28:00+02:00,23.1385,23.1525,23.1385,23.1495,82
SQ:XAGUSD,2021-08-20T15:29:00+02:00,23.1475,23.1485,23.1285,23.1305,64
SQ:XAGUSD,2021-08-20T15:30:00+02:00,23.1295,23.1485,23.1145,23.1285,171
SQ:XAGUSD,2021-08-20T15:31:00+02:00,23.1285,23.1345,23.1135,23.1195,143
SQ:XAGUSD,2021-08-20T15:32:00+02:00,23.1205,23.1315,23.1105,23.1265,113
SQ:XAGUSD,2021-08-20T15:33:00+02:00,23.1275,23.1415,23.1215,23.1305,141
SQ:XAGUSD,2021-08-20T15:34:00+02:00,23.1295,23.1445,23.1195,23.1425,91
SQ:XAGUSD,2021-08-20T15:35:00+02:00,23.1435,23.1565,23.1285,23.1565,169
SQ:XAGUSD,2021-08-20T15:36:00+02:00,23.1555,23.1605,23.1445,23.1475,126
SQ:XAGUSD,2021-08-20T15:37:00+02:00,23.1465,23.1485,23.1315,23.1485,97
SQ:XAGUSD,2021-08-20T15:38:00+02:00,23.1475,23.1695,23.1475,23.1655,87
SQ:XAGUSD,2021-08-20T15:39:00+02:00,23.1655,23.1815,23.1645,23.1755,95
SQ:XAGUSD,2021-08-20T15:40:00+02:00,23.1755,23.2035,23.1705,23.1935,83
SQ:XAGUSD,2021-08-20T15:41:00+02:00,23.1935,23.2025,23.1775,23.1795,110
SQ:XAGUSD,2021-08-20T15:42:00+02:00,23.1795,23.1875,23.1565,23.1615,141
SQ:XAGUSD,2021-08-20T15:43:00+02:00,23.1625,23.1725,23.1465,23.1485,89
SQ:XAGUSD,2021-08-20T15:44:00+02:00,23.1485,23.1845,23.1485,23.1845,105
SQ:XAGUSD,2021-08-20T15:45:00+02:00,23.1865,23.1885,23.1610,23.1635,125
SQ:XAGUSD,2021-08-20T15:46:00+02:00,23.1645,23.1755,23.1555,23.1645,137
SQ:XAGUSD,2021-08-20T15:47:00+02:00,23.1645,23.1755,23.1445,23.1575,141
SQ:XAGUSD,2021-08-20T15:48:00+02:00,23.1575,23.1815,23.1545,23.1815,102
SQ:XAGUSD,2021-08-20T15:49:00+02:00,23.1835,23.1835,23.1385,23.1395,112
SQ:XAGUSD,2021-08-20T15:50:00+02:00,23.1385,23.1485,23.1295,23.1375,111
SQ:XAGUSD,2021-08-20T15:51:00+02:00,23.1375,23.1645,23.1355,23.1645,124
SQ:XAGUSD,2021-08-20T15:52:00+02:00,23.1625,23.1635,23.1485,23.1485,98
SQ:XAGUSD,2021-08-20T15:53:00+02:00,23.1505,23.1525,23.1275,23.1395,122
SQ:XAGUSD,2021-08-20T15:54:00+02:00,23.1395,23.1395,23.1235,23.1245,96
SQ:XAGUSD,2021-08-20T15:55:00+02:00,23.1245,23.1385,23.1135,23.1135,131
SQ:XAGUSD,2021-08-20T15:56:00+02:00,23.1145,23.1305,23.1145,23.1185,116
SQ:XAGUSD,2021-08-20T15:57:00+02:00,23.1175,23.1195,23.0985,23.1090,119
SQ:XAGUSD,2021-08-20T15:58:00+02:00,23.1125,23.1355,23.1095,23.1295,107
SQ:XAGUSD,2021-08-20T15:59:00+02:00,23.1295,23.1535,23.1295,23.1495,112
SQ:XAGUSD,2021-08-20T16:00:00+02:00,23.1495,23.1505,23.1185,23.1235,168
SQ:XAGUSD,2021-08-20T16:01:00+02:00,23.1235,23.1385,23.1085,23.1325,157
SQ:XAGUSD,2021-08-20T16:02:00+02:00,23.1325,23.1325,23.1165,23.1235,117
SQ:XAGUSD,2021-08-20T16:03:00+02:00,23.1235,23.1345,23.1145,23.1295,93
SQ:XAGUSD,2021-08-20T16:04:00+02:00,23.1295,23.1365,23.1245,23.1255,101
SQ:XAGUSD,2021-08-20T16:05:00+02:00,23.1245,23.1285,23.0865,23.1025,156
SQ:XAGUSD,2021-08-20T16:06:00+02:00,23.1015,23.1015,23.0885,23.0945,120
SQ:XAGUSD,2021-08-20T16:07:00+02:00,23.0945,23.1105,23.0815,23.1095,128
SQ:XAGUSD,2021-08-20T16:08:00+02:00,23.1095,23.1115,23.0875,23.0945,119
SQ:XAGUSD,2021-08-20T16:09:00+02:00,23.0925,23.1105,23.0895,23.1065,99
SQ:XAGUSD,2021-08-20T16:10:00+02:00,23.1065,23.1065,23.0805,23.0825,98
SQ:XAGUSD,2021-08-20T16:11:00+02:00,23.0815,23.0825,23.0765,23.0785,126
SQ:XAGUSD,2021-08-20T16:12:00+02:00,23.0795,23.0815,23.0475,23.0485,91
SQ:XAGUSD,2021-08-20T16:13:00+02:00,23.0495,23.0765,23.0455,23.0715,67
SQ:XAGUSD,2021-08-20T16:14:00+02:00,23.0715,23.0795,23.0595,23.0755,66
SQ:XAGUSD,2021-08-20T16:15:00+02:00,23.0765,23.0865,23.0665,23.0825,51
SQ:XAGUSD,2021-08-20T16:16:00+02:00,23.0805,23.0855,23.0695,23.0845,57
SQ:XAGUSD,2021-08-20T16:17:00+02:00,23.0845,23.0885,23.0775,23.0775,49
SQ:XAGUSD,2021-08-20T16:18:00+02:00,23.0795,23.0885,23.0725,23.0815,71
SQ:XAGUSD,2021-08-20T16:19:00+02:00,23.0815,23.0835,23.0745,23.0815,52
SQ:XAGUSD,2021-08-20T16:20:00+02:00,23.0795,23.0855,23.0690,23.0745,49
SQ:XAGUSD,2021-08-20T16:21:00+02:00,23.0735,23.0755,23.0605,23.0615,87
SQ:XAGUSD,2021-08-20T16:22:00+02:00,23.0615,23.0715,23.0615,23.0715,68
SQ:XAGUSD,2021-08-20T16:23:00+02:00,23.0715,23.0715,23.0615,23.0715,64
SQ:XAGUSD,2021-08-20T16:24:00+02:00,23.0715,23.0875,23.0685,23.0875,56
SQ:XAGUSD,2021-08-20T16:25:00+02:00,23.0865,23.0895,23.0685,23.0745,70
SQ:XAGUSD,2021-08-20T16:26:00+02:00,23.0735,23.0745,23.0535,23.0585,64
SQ:XAGUSD,2021-08-20T16:27:00+02:00,23.0595,23.0655,23.0515,23.0655,52
SQ:XAGUSD,2021-08-20T16:28:00+02:00,23.0655,23.0695,23.0555,23.0565,46
SQ:XAGUSD,2021-08-20T16:29:00+02:00,23.0565,23.0585,23.0455,23.0535,76
SQ:XAGUSD,2021-08-20T16:30:00+02:00,23.0535,23.0605,23.0325,23.0375,79
SQ:XAGUSD,2021-08-20T16:31:00+02:00,23.0355,23.0355,22.9155,22.9155,295
SQ:XAGUSD,2021-08-20T16:32:00+02:00,22.9175,22.9505,22.8995,22.9305,279
SQ:XAGUSD,2021-08-20T16:33:00+02:00,22.9305,22.9415,22.9205,22.9215,151
SQ:XAGUSD,2021-08-20T16:34:00+02:00,22.9215,22.9255,22.8915,22.9035,198
SQ:XAGUSD,2021-08-20T16:35:00+02:00,22.9035,22.9045,22.8545,22.8555,229
SQ:XAGUSD,2021-08-20T16:36:00+02:00,22.8535,22.8985,22.8515,22.8895,224
SQ:XAGUSD,2021-08-20T16:37:00+02:00,22.8895,22.8965,22.8785,22.8955,162
SQ:XAGUSD,2021-08-20T16:38:00+02:00,22.8955,22.9155,22.8875,22.9145,116
SQ:XAGUSD,2021-08-20T16:39:00+02:00,22.9155,22.9255,22.8885,22.9075,134
SQ:XAGUSD,2021-08-20T16:40:00+02:00,22.9065,22.9065,22.8815,22.8885,146
SQ:XAGUSD,2021-08-20T16:41:00+02:00,22.8885,22.9015,22.8805,22.9015,118
SQ:XAGUSD,2021-08-20T16:42:00+02:00,22.9045,22.9605,22.9025,22.9565,83
SQ:XAGUSD,2021-08-20T16:43:00+02:00,22.9575,22.9915,22.9485,22.9865,124
SQ:XAGUSD,2021-08-20T16:44:00+02:00,22.9850,23.0065,22.9785,23.0055,132
SQ:XAGUSD,2021-08-20T16:45:00+02:00,23.0055,23.0075,22.9785,22.9855,94
SQ:XAGUSD,2021-08-20T16:46:00+02:00,22.9855,23.0235,22.9820,22.9955,89
SQ:XAGUSD,2021-08-20T16:47:00+02:00,22.9955,23.0045,22.9915,23.0045,83
SQ:XAGUSD,2021-08-20T16:48:00+02:00,23.0045,23.0065,22.9945,23.0025,93
SQ:XAGUSD,2021-08-20T16:49:00+02:00,23.0035,23.0145,22.9925,22.9925,77
SQ:XAGUSD,2021-08-20T16:50:00+02:00,22.9925,23.0015,22.9825,22.9865,55
SQ:XAGUSD,2021-08-20T16:51:00+02:00,22.9875,22.9995,22.9865,22.9905,56
SQ:XAGUSD,2021-08-20T16:52:00+02:00,22.9915,22.9925,22.9805,22.9845,37
SQ:XAGUSD,2021-08-20T16:53:00+02:00,22.9845,22.9935,22.9845,22.9875,47
SQ:XAGUSD,2021-08-20T16:54:00+02:00,22.9875,23.0035,22.9865,22.9945,60
SQ:XAGUSD,2021-08-20T16:55:00+02:00,22.9945,22.9985,22.9895,22.9965,57
SQ:XAGUSD,2021-08-20T16:56:00+02:00,22.9965,23.0015,22.9935,22.9965,53
SQ:XAGUSD,2021-08-20T16:57:00+02:00,22.9975,23.0065,22.9975,23.0025,36
SQ:XAGUSD,2021-08-20T16:58:00+02:00,23.0025,23.0065,22.9955,22.9975,46
SQ:XAGUSD,2021-08-20T16:59:00+02:00,22.9975,23.0015,22.9895,22.9925,41
SQ:XAGUSD,2021-08-20T17:00:00+02:00,22.9925,22.9935,22.9685,22.9685,79
SQ:XAGUSD,2021-08-20T17:01:00+02:00,22.9695,22.9825,22.9685,22.9705,43
SQ:XAGUSD,2021-08-20T17:02:00+02:00,22.9695,22.9775,22.9615,22.9615,37
SQ:XAGUSD,2021-08-20T17:03:00+02:00,22.9615,22.9865,22.9605,22.9865,48
SQ:XAGUSD,2021-08-20T17:04:00+02:00,22.9885,22.9915,22.9825,22.9825,40
SQ:XAGUSD,2021-08-20T17:05:00+02:00,22.9815,22.9925,22.9805,22.9895,37
SQ:XAGUSD,2021-08-20T17:06:00+02:00,22.9895,22.9895,22.9695,22.9745,47
SQ:XAGUSD,2021-08-20T17:07:00+02:00,22.9775,22.9925,22.9760,22.9915,37
SQ:XAGUSD,2021-08-20T17:08:00+02:00,22.9925,23.0065,22.9925,22.9975,47
SQ:XAGUSD,2021-08-20T17:09:00+02:00,22.9975,23.0025,22.9945,23.0005,21
SQ:XAGUSD,2021-08-20T17:10:00+02:00,23.0005,23.0235,22.9975,23.0235,61
SQ:XAGUSD,2021-08-20T17:11:00+02:00,23.0245,23.1065,23.0245,23.0955,201
SQ:XAGUSD,2021-08-20T17:12:00+02:00,23.0955,23.0995,23.0750,23.0755,80
SQ:XAGUSD,2021-08-20T17:13:00+02:00,23.0755,23.1045,23.0755,23.0905,106
SQ:XAGUSD,2021-08-20T17:14:00+02:00,23.0905,23.0945,23.0715,23.0725,86
SQ:XAGUSD,2021-08-20T17:15:00+02:00,23.0715,23.0995,23.0715,23.0845,82
SQ:XAGUSD,2021-08-20T17:16:00+02:00,23.0845,23.0885,23.0755,23.0785,53
SQ:XAGUSD,2021-08-20T17:17:00+02:00,23.0785,23.0945,23.0735,23.0845,62
SQ:XAGUSD,2021-08-20T17:18:00+02:00,23.0865,23.1135,23.0865,23.0945,80
SQ:XAGUSD,2021-08-20T17:19:00+02:00,23.0945,23.1135,23.0935,23.1035,50
SQ:XAGUSD,2021-08-20T17:20:00+02:00,23.1045,23.1245,23.1045,23.1245,99
SQ:XAGUSD,2021-08-20T17:21:00+02:00,23.1255,23.1385,23.1235,23.1245,93
SQ:XAGUSD,2021-08-20T17:22:00+02:00,23.1240,23.1285,23.1105,23.1105,48
SQ:XAGUSD,2021-08-20T17:23:00+02:00,23.1095,23.1265,23.1095,23.1175,46
SQ:XAGUSD,2021-08-20T17:24:00+02:00,23.1175,23.1325,23.1175,23.1315,43
SQ:XAGUSD,2021-08-20T17:25:00+02:00,23.1305,23.1385,23.1285,23.1375,39
SQ:XAGUSD,2021-08-20T17:26:00+02:00,23.1375,23.1415,23.1285,23.1290,50
SQ:XAGUSD,2021-08-20T17:27:00+02:00,23.1290,23.1365,23.1250,23.1265,52
SQ:XAGUSD,2021-08-20T17:28:00+02:00,23.1265,23.1315,23.1235,23.1265,33
SQ:XAGUSD,2021-08-20T17:29:00+02:00,23.1265,23.1315,23.1225,23.1225,30
SQ:XAGUSD,2021-08-20T17:30:00+02:00,23.1225,23.1225,23.1135,23.1175,17
SQ:XAGUSD,2021-08-20T17:31:00+02:00,23.1165,23.1165,23.0970,23.0970,47
SQ:XAGUSD,2021-08-20T17:32:00+02:00,23.0970,23.0975,23.0915,23.0960,17
SQ:XAGUSD,2021-08-20T17:33:00+02:00,23.0965,23.1115,23.0965,23.1075,45
SQ:XAGUSD,2021-08-20T17:34:00+02:00,23.1065,23.1185,23.1065,23.1135,36
SQ:XAGUSD,2021-08-20T17:35:00+02:00,23.1135,23.1185,23.1065,23.1075,39
SQ:XAGUSD,2021-08-20T17:36:00+02:00,23.1085,23.1155,23.1075,23.1085,44
SQ:XAGUSD,2021-08-20T17:37:00+02:00,23.1080,23.1080,23.0955,23.1005,35
SQ:XAGUSD,2021-08-20T17:38:00+02:00,23.1015,23.1060,23.0905,23.0930,56
SQ:XAGUSD,2021-08-20T17:39:00+02:00,23.0945,23.1045,23.0935,23.1045,39
SQ:XAGUSD,2021-08-20T17:40:00+02:00,23.1025,23.1095,23.1025,23.1055,22
SQ:XAGUSD,2021-08-20T17:41:00+02:00,23.1065,23.1065,23.0955,23.0965,15
SQ:XAGUSD,2021-08-20T17:42:00+02:00,23.0975,23.0975,23.0905,23.0915,12
SQ:XAGUSD,2021-08-20T17:43:00+02:00,23.0925,23.0945,23.0795,23.0805,45
SQ:XAGUSD,2021-08-20T17:44:00+02:00,23.0805,23.0885,23.0805,23.0875,31
SQ:XAGUSD,2021-08-20T17:45:00+02:00,23.0870,23.0905,23.0815,23.0815,42
SQ:XAGUSD,2021-08-20T17:46:00+02:00,23.0825,23.0855,23.0805,23.0805,26
SQ:XAGUSD,2021-08-20T17:47:00+02:00,23.0825,23.0875,23.0775,23.0775,20
SQ:XAGUSD,2021-08-20T17:48:00+02:00,23.0785,23.0815,23.0785,23.0805,5
SQ:XAGUSD,2021-08-20T17:49:00+02:00,23.0805,23.0855,23.0785,23.0785,18
SQ:XAGUSD,2021-08-20T17:50:00+02:00,23.0785,23.0785,23.0715,23.0725,23
SQ:XAGUSD,2021-08-20T17:51:00+02:00,23.0725,23.0795,23.0710,23.0795,24
SQ:XAGUSD,2021-08-20T17:52:00+02:00,23.0790,23.0805,23.0750,23.0785,30
SQ:XAGUSD,2021-08-20T17:53:00+02:00,23.0785,23.0965,23.0785,23.0965,31
SQ:XAGUSD,2021-08-20T17:54:00+02:00,23.0955,23.0975,23.0945,23.0955,18
SQ:XAGUSD,2021-08-20T17:55:00+02:00,23.0955,23.0965,23.0875,23.0965,23
SQ:XAGUSD,2021-08-20T17:56:00+02:00,23.0975,23.0985,23.0925,23.0965,17
SQ:XAGUSD,2021-08-20T17:57:00+02:00,23.0975,23.1185,23.0975,23.1185,18
SQ:XAGUSD,2021-08-20T17:58:00+02:00,23.1185,23.1385,23.1185,23.1315,57
SQ:XAGUSD,2021-08-20T17:59:00+02:00,23.1315,23.1575,23.1305,23.1515,49
SQ:XAGUSD,2021-08-20T18:00:00+02:00,23.1515,23.1615,23.1405,23.1425,62
SQ:XAGUSD,2021-08-20T18:01:00+02:00,23.1425,23.1625,23.1395,23.1565,53
SQ:XAGUSD,2021-08-20T18:02:00+02:00,23.1575,23.1675,23.1555,23.1635,42
SQ:XAGUSD,2021-08-20T18:03:00+02:00,23.1635,23.1845,23.1635,23.1835,58
SQ:XAGUSD,2021-08-20T18:04:00+02:00,23.1835,23.2005,23.1815,23.1975,58
SQ:XAGUSD,2021-08-20T18:05:00+02:00,23.1985,23.2055,23.1985,23.2025,48
SQ:XAGUSD,2021-08-20T18:06:00+02:00,23.2015,23.2185,23.2015,23.2075,40
SQ:XAGUSD,2021-08-20T18:07:00+02:00,23.2085,23.2165,23.2035,23.2145,31
SQ:XAGUSD,2021-08-20T18:08:00+02:00,23.2155,23.2285,23.2145,23.2275,46
SQ:XAGUSD,2021-08-20T18:09:00+02:00,23.2285,23.2305,23.1975,23.2035,51
SQ:XAGUSD,2021-08-20T18:10:00+02:00,23.2035,23.2075,23.1935,23.1935,41
SQ:XAGUSD,2021-08-20T18:11:00+02:00,23.1935,23.1935,23.1765,23.1805,41
SQ:XAGUSD,2021-08-20T18:12:00+02:00,23.1795,23.1825,23.1785,23.1805,17
SQ:XAGUSD,2021-08-20T18:13:00+02:00,23.1805,23.1825,23.1785,23.1795,19
SQ:XAGUSD,2021-08-20T18:14:00+02:00,23.1795,23.1895,23.1785,23.1805,34
SQ:XAGUSD,2021-08-20T18:15:00+02:00,23.1805,23.1825,23.1715,23.1755,28
SQ:XAGUSD,2021-08-20T18:16:00+02:00,23.1745,23.1815,23.1695,23.1765,31
SQ:XAGUSD,2021-08-20T18:17:00+02:00,23.1765,23.1865,23.1745,23.1805,37
SQ:XAGUSD,2021-08-20T18:18:00+02:00,23.1815,23.1905,23.1775,23.1875,29
SQ:XAGUSD,2021-08-20T18:19:00+02:00,23.1875,23.1875,23.1765,23.1765,37
SQ:XAGUSD,2021-08-20T18:20:00+02:00,23.1765,23.1795,23.1725,23.1765,34
SQ:XAGUSD,2021-08-20T18:21:00+02:00,23.1765,23.1805,23.1605,23.1655,41
SQ:XAGUSD,2021-08-20T18:22:00+02:00,23.1665,23.1705,23.1635,23.1705,29
SQ:XAGUSD,2021-08-20T18:23:00+02:00,23.1705,23.1755,23.1665,23.1705,22
SQ:XAGUSD,2021-08-20T18:24:00+02:00,23.1705,23.1755,23.1705,23.1745,13
SQ:XAGUSD,2021-08-20T18:25:00+02:00,23.1745,23.1745,23.1645,23.1705,27
SQ:XAGUSD,2021-08-20T18:26:00+02:00,23.1705,23.1865,23.1655,23.1855,23
SQ:XAGUSD,2021-08-20T18:27:00+02:00,23.1855,23.1955,23.1825,23.1835,34
SQ:XAGUSD,2021-08-20T18:28:00+02:00,23.1835,23.1845,23.1685,23.1695,33
SQ:XAGUSD,2021-08-20T18:29:00+02:00,23.1695,23.1705,23.1625,23.1705,23
SQ:XAGUSD,2021-08-20T18:30:00+02:00,23.1705,23.1785,23.1655,23.1655,34
SQ:XAGUSD,2021-08-20T18:31:00+02:00,23.1655,23.1665,23.1595,23.1615,21
SQ:XAGUSD,2021-08-20T18:32:00+02:00,23.1615,23.1615,23.1595,23.1595,9
SQ:XAGUSD,2021-08-20T18:33:00+02:00,23.1585,23.1615,23.1505,23.1605,26
SQ:XAGUSD,2021-08-20T18:34:00+02:00,23.1625,23.1755,23.1625,23.1665,36
SQ:XAGUSD,2021-08-20T18:35:00+02:00,23.1665,23.1705,23.1615,23.1655,26
SQ:XAGUSD,2021-08-20T18:36:00+02:00,23.1655,23.1815,23.1655,23.1805,32
SQ:XAGUSD,2021-08-20T18:37:00+02:00,23.1785,23.1805,23.1715,23.1715,13
SQ:XAGUSD,2021-08-20T18:38:00+02:00,23.1715,23.1815,23.1685,23.1775,23
SQ:XAGUSD,2021-08-20T18:39:00+02:00,23.1765,23.1765,23.1685,23.1715,25
SQ:XAGUSD,2021-08-20T18:40:00+02:00,23.1715,23.1715,23.1615,23.1615,17
SQ:XAGUSD,2021-08-20T18:41:00+02:00,23.1615,23.1715,23.1615,23.1675,22
SQ:XAGUSD,2021-08-20T18:42:00+02:00,23.1685,23.1805,23.1685,23.1775,14
SQ:XAGUSD,2021-08-20T18:43:00+02:00,23.1775,23.1805,23.1745,23.1755,18
SQ:XAGUSD,2021-08-20T18:44:00+02:00,23.1765,23.1805,23.1715,23.1715,27
SQ:XAGUSD,2021-08-20T18:45:00+02:00,23.1715,23.1805,23.1685,23.1805,25
SQ:XAGUSD,2021-08-20T18:46:00+02:00,23.1805,23.1855,23.1795,23.1855,26
SQ:XAGUSD,2021-08-20T18:47:00+02:00,23.1845,23.1855,23.1795,23.1805,13
SQ:XAGUSD,2021-08-20T18:48:00+02:00,23.1815,23.1895,23.1795,23.1885,28
SQ:XAGUSD,2021-08-20T18:49:00+02:00,23.1865,23.1885,23.1775,23.1785,30
SQ:XAGUSD,2021-08-20T18:50:00+02:00,23.1775,23.1815,23.1685,23.1705,36
SQ:XAGUSD,2021-08-20T18:51:00+02:00,23.1705,23.1765,23.1675,23.1705,42
SQ:XAGUSD,2021-08-20T18:52:00+02:00,23.1705,23.1765,23.1675,23.1755,20
SQ:XAGUSD,2021-08-20T18:53:00+02:00,23.1755,23.1755,23.1675,23.1675,10
SQ:XAGUSD,2021-08-20T18:54:00+02:00,23.1665,23.1685,23.1605,23.1615,28
SQ:XAGUSD,2021-08-20T18:55:00+02:00,23.1615,23.1645,23.1505,23.1505,36
SQ:XAGUSD,2021-08-20T18:56:00+02:00,23.1505,23.1525,23.1495,23.1525,17
SQ:XAGUSD,2021-08-20T18:57:00+02:00,23.1525,23.1525,23.1455,23.1465,13
SQ:XAGUSD,2021-08-20T18:58:00+02:00,23.1455,23.1555,23.1455,23.1525,33
SQ:XAGUSD,2021-08-20T18:59:00+02:00,23.1525,23.1555,23.1505,23.1555,16
SQ:XAGUSD,2021-08-20T19:00:00+02:00,23.1555,23.1615,23.1535,23.1535,14
SQ:XAGUSD,2021-08-20T19:01:00+02:00,23.1545,23.1565,23.1515,23.1515,14
SQ:XAGUSD,2021-08-20T19:02:00+02:00,23.1515,23.1665,23.1515,23.1655,21
SQ:XAGUSD,2021-08-20T19:03:00+02:00,23.1645,23.1655,23.1535,23.1565,31
SQ:XAGUSD,2021-08-20T19:04:00+02:00,23.1565,23.1575,23.1535,23.1545,23
SQ:XAGUSD,2021-08-20T19:05:00+02:00,23.1545,23.1575,23.1545,23.1555,9
SQ:XAGUSD,2021-08-20T19:06:00+02:00,23.1555,23.1555,23.1445,23.1465,26
SQ:XAGUSD,2021-08-20T19:07:00+02:00,23.1465,23.1465,23.1375,23.1415,14
SQ:XAGUSD,2021-08-20T19:08:00+02:00,23.1415,23.1435,23.1375,23.1405,23
SQ:XAGUSD,2021-08-20T19:09:00+02:00,23.1405,23.1455,23.1395,23.1415,24
SQ:XAGUSD,2021-08-20T19:10:00+02:00,23.1415,23.1455,23.1415,23.1435,10
SQ:XAGUSD,2021-08-20T19:11:00+02:00,23.1435,23.1435,23.1395,23.1415,12
SQ:XAGUSD,2021-08-20T19:12:00+02:00,23.1415,23.1445,23.1405,23.1425,10
SQ:XAGUSD,2021-08-20T19:13:00+02:00,23.1425,23.1475,23.1405,23.1465,16
SQ:XAGUSD,2021-08-20T19:14:00+02:00,23.1465,23.1505,23.1455,23.1475,23
SQ:XAGUSD,2021-08-20T19:15:00+02:00,23.1475,23.1475,23.1255,23.1255,36
SQ:XAGUSD,2021-08-20T19:16:00+02:00,23.1265,23.1345,23.1265,23.1335,16
SQ:XAGUSD,2021-08-20T19:17:00+02:00,23.1335,23.1375,23.1315,23.1345,17
SQ:XAGUSD,2021-08-20T19:18:00+02:00,23.1335,23.1365,23.1285,23.1305,21
SQ:XAGUSD,2021-08-20T19:19:00+02:00,23.1315,23.1315,23.1265,23.1305,19
SQ:XAGUSD,2021-08-20T19:20:00+02:00,23.1305,23.1305,23.1245,23.1275,18
SQ:XAGUSD,2021-08-20T19:21:00+02:00,23.1265,23.1285,23.1235,23.1275,15
SQ:XAGUSD,2021-08-20T19:22:00+02:00,23.1275,23.1275,23.1235,23.1235,19
SQ:XAGUSD,2021-08-20T19:23:00+02:00,23.1235,23.1295,23.1225,23.1295,15
SQ:XAGUSD,2021-08-20T19:24:00+02:00,23.1295,23.1295,23.1185,23.1195,25
SQ:XAGUSD,2021-08-20T19:25:00+02:00,23.1195,23.1205,23.0955,23.0955,70
SQ:XAGUSD,2021-08-20T19:26:00+02:00,23.0955,23.1015,23.0905,23.1015,28
SQ:XAGUSD,2021-08-20T19:27:00+02:00,23.1015,23.1015,23.0865,23.0885,16
SQ:XAGUSD,2021-08-20T19:28:00+02:00,23.0865,23.0865,23.0755,23.0815,23
SQ:XAGUSD,2021-08-20T19:29:00+02:00,23.0815,23.0925,23.0815,23.0905,27
SQ:XAGUSD,2021-08-20T19:30:00+02:00,23.0905,23.0955,23.0890,23.0935,15
SQ:XAGUSD,2021-08-20T19:31:00+02:00,23.0915,23.0965,23.0915,23.0955,13
SQ:XAGUSD,2021-08-20T19:32:00+02:00,23.0975,23.0995,23.0935,23.0965,12
SQ:XAGUSD,2021-08-20T19:33:00+02:00,23.0965,23.0965,23.0865,23.0865,11
SQ:XAGUSD,2021-08-20T19:34:00+02:00,23.0860,23.0905,23.0825,23.0885,16
SQ:XAGUSD,2021-08-20T19:35:00+02:00,23.0875,23.0925,23.0825,23.0825,37
SQ:XAGUSD,2021-08-20T19:36:00+02:00,23.0825,23.0835,23.0745,23.0755,36
SQ:XAGUSD,2021-08-20T19:37:00+02:00,23.0755,23.0805,23.0735,23.0795,26
SQ:XAGUSD,2021-08-20T19:38:00+02:00,23.0795,23.0855,23.0785,23.0825,19
SQ:XAGUSD,2021-08-20T19:39:00+02:00,23.0815,23.0815,23.0715,23.0735,31
SQ:XAGUSD,2021-08-20T19:40:00+02:00,23.0725,23.0785,23.0705,23.0765,31
SQ:XAGUSD,2021-08-20T19:41:00+02:00,23.0755,23.0815,23.0745,23.0815,26
SQ:XAGUSD,2021-08-20T19:42:00+02:00,23.0815,23.0825,23.0765,23.0805,44
SQ:XAGUSD,2021-08-20T19:43:00+02:00,23.0815,23.0815,23.0735,23.0735,27
SQ:XAGUSD,2021-08-20T19:44:00+02:00,23.0725,23.0785,23.0725,23.0775,30
SQ:XAGUSD,2021-08-20T19:45:00+02:00,23.0775,23.0815,23.0765,23.0795,22
SQ:XAGUSD,2021-08-20T19:46:00+02:00,23.0795,23.0795,23.0765,23.0765,12
SQ:XAGUSD,2021-08-20T19:47:00+02:00,23.0765,23.0795,23.0765,23.0765,15
SQ:XAGUSD,2021-08-20T19:48:00+02:00,23.0765,23.0765,23.0695,23.0695,18
SQ:XAGUSD,2021-08-20T19:49:00+02:00,23.0695,23.0695,23.0615,23.0635,38
SQ:XAGUSD,2021-08-20T19:50:00+02:00,23.0625,23.0665,23.0600,23.0615,35
SQ:XAGUSD,2021-08-20T19:51:00+02:00,23.0615,23.0715,23.0560,23.0675,34
SQ:XAGUSD,2021-08-20T19:52:00+02:00,23.0675,23.0755,23.0665,23.0715,19
SQ:XAGUSD,2021-08-20T19:53:00+02:00,23.0725,23.0815,23.0725,23.0805,10
SQ:XAGUSD,2021-08-20T19:54:00+02:00,23.0805,23.0805,23.0725,23.0775,28
SQ:XAGUSD,2021-08-20T19:55:00+02:00,23.0775,23.0805,23.0595,23.0595,25
SQ:XAGUSD,2021-08-20T19:56:00+02:00,23.0595,23.0595,23.0545,23.0545,24
SQ:XAGUSD,2021-08-20T19:57:00+02:00,23.0545,23.0575,23.0535,23.0555,21
SQ:XAGUSD,2021-08-20T19:58:00+02:00,23.0555,23.0555,23.0535,23.0535,8
SQ:XAGUSD,2021-08-20T19:59:00+02:00,23.0535,23.0635,23.0515,23.0635,25
SQ:XAGUSD,2021-08-20T20:00:00+02:00,23.0635,23.0635,23.0575,23.0615,29
SQ:XAGUSD,2021-08-20T20:01:00+02:00,23.0615,23.0645,23.0615,23.0645,21
SQ:XAGUSD,2021-08-20T20:02:00+02:00,23.0645,23.0665,23.0635,23.0635,16
SQ:XAGUSD,2021-08-20T20:03:00+02:00,23.0655,23.0655,23.0555,23.0565,20
SQ:XAGUSD,2021-08-20T20:04:00+02:00,23.0565,23.0595,23.0545,23.0565,16
SQ:XAGUSD,2021-08-20T20:05:00+02:00,23.0575,23.0575,23.0465,23.0465,29
SQ:XAGUSD,2021-08-20T20:06:00+02:00,23.0465,23.0475,23.0395,23.0405,44
SQ:XAGUSD,2021-08-20T20:07:00+02:00,23.0395,23.0395,23.0310,23.0315,21
SQ:XAGUSD,2021-08-20T20:08:00+02:00,23.0335,23.0345,23.0300,23.0315,16
SQ:XAGUSD,2021-08-20T20:09:00+02:00,23.0315,23.0365,23.0285,23.0365,15
SQ:XAGUSD,2021-08-20T20:10:00+02:00,23.0365,23.0430,23.0365,23.0425,17
SQ:XAGUSD,2021-08-20T20:11:00+02:00,23.0425,23.0425,23.0265,23.0265,19
SQ:XAGUSD,2021-08-20T20:12:00+02:00,23.0265,23.0265,23.0215,23.0225,19
SQ:XAGUSD,2021-08-20T20:13:00+02:00,23.0225,23.0255,23.0225,23.0255,5
SQ:XAGUSD,2021-08-20T20:14:00+02:00,23.0255,23.0305,23.0205,23.0305,19
SQ:XAGUSD,2021-08-20T20:15:00+02:00,23.0305,23.0325,23.0295,23.0295,4
SQ:XAGUSD,2021-08-20T20:16:00+02:00,23.0305,23.0325,23.0295,23.0325,5
SQ:XAGUSD,2021-08-20T20:17:00+02:00,23.0355,23.0425,23.0355,23.0425,10
SQ:XAGUSD,2021-08-20T20:18:00+02:00,23.0425,23.0445,23.0395,23.0445,22
SQ:XAGUSD,2021-08-20T20:19:00+02:00,23.0445,23.0445,23.0335,23.0345,19
SQ:XAGUSD,2021-08-20T20:20:00+02:00,23.0335,23.0435,23.0325,23.0435,23
SQ:XAGUSD,2021-08-20T20:21:00+02:00,23.0435,23.0475,23.0425,23.0475,12
SQ:XAGUSD,2021-08-20T20:22:00+02:00,23.0465,23.0465,23.0375,23.0415,24
SQ:XAGUSD,2021-08-20T20:23:00+02:00,23.0405,23.0405,23.0335,23.0385,26
SQ:XAGUSD,2021-08-20T20:24:00+02:00,23.0375,23.0405,23.0365,23.0385,22
SQ:XAGUSD,2021-08-20T20:25:00+02:00,23.0405,23.0405,23.0345,23.0395,22
SQ:XAGUSD,2021-08-20T20:26:00+02:00,23.0380,23.0405,23.0345,23.0405,21
SQ:XAGUSD,2021-08-20T20:27:00+02:00,23.0395,23.0415,23.0345,23.0345,14
SQ:XAGUSD,2021-08-20T20:28:00+02:00,23.0345,23.0355,23.0335,23.0335,8
SQ:XAGUSD,2021-08-20T20:29:00+02:00,23.0345,23.0425,23.0345,23.0425,19
SQ:XAGUSD,2021-08-20T20:30:00+02:00,23.0435,23.0435,23.0355,23.0365,19
SQ:XAGUSD,2021-08-20T20:31:00+02:00,23.0365,23.0385,23.0355,23.0385,5
SQ:XAGUSD,2021-08-20T20:32:00+02:00,23.0385,23.0405,23.0385,23.0395,5
SQ:XAGUSD,2021-08-20T20:33:00+02:00,23.0395,23.0395,23.0345,23.0395,9
SQ:XAGUSD,2021-08-20T20:34:00+02:00,23.0395,23.0395,23.0355,23.0355,5
SQ:XAGUSD,2021-08-20T20:35:00+02:00,23.0375,23.0385,23.0305,23.0335,10
SQ:XAGUSD,2021-08-20T20:36:00+02:00,23.0345,23.0415,23.0345,23.0375,15
SQ:XAGUSD,2021-08-20T20:37:00+02:00,23.0385,23.0385,23.0335,23.0345,7
SQ:XAGUSD,2021-08-20T20:38:00+02:00,23.0345,23.0425,23.0345,23.0405,12
SQ:XAGUSD,2021-08-20T20:39:00+02:00,23.0395,23.0395,23.0365,23.0365,6
SQ:XAGUSD,2021-08-20T20:40:00+02:00,23.0375,23.0375,23.0365,23.0365,2
SQ:XAGUSD,2021-08-20T20:41:00+02:00,23.0365,23.0425,23.0365,23.0425,12
SQ:XAGUSD,2021-08-20T20:42:00+02:00,23.0395,23.0395,23.0345,23.0375,8
SQ:XAGUSD,2021-08-20T20:43:00+02:00,23.0365,23.0375,23.0265,23.0265,8
SQ:XAGUSD,2021-08-20T20:44:00+02:00,23.0275,23.0275,23.0250,23.0255,4
SQ:XAGUSD,2021-08-20T20:45:00+02:00,23.0255,23.0255,23.0240,23.0240,3
SQ:XAGUSD,2021-08-20T20:46:00+02:00,23.0240,23.0240,23.0205,23.0205,3
SQ:XAGUSD,2021-08-20T20:47:00+02:00,23.0195,23.0235,23.0175,23.0215,11
SQ:XAGUSD,2021-08-20T20:48:00+02:00,23.0225,23.0225,23.0155,23.0155,12
SQ:XAGUSD,2021-08-20T20:49:00+02:00,23.0175,23.0195,23.0175,23.0195,3
SQ:XAGUSD,2021-08-20T20:50:00+02:00,23.0195,23.0205,23.0185,23.0205,5
SQ:XAGUSD,2021-08-20T20:51:00+02:00,23.0205,23.0305,23.0195,23.0305,11
SQ:XAGUSD,2021-08-20T20:52:00+02:00,23.0295,23.0305,23.0285,23.0305,5
SQ:XAGUSD,2021-08-20T20:53:00+02:00,23.0305,23.0335,23.0295,23.0335,6
SQ:XAGUSD,2021-08-20T20:54:00+02:00,23.0325,23.0335,23.0305,23.0305,6
SQ:XAGUSD,2021-08-20T20:55:00+02:00,23.0300,23.0300,23.0255,23.0265,9
SQ:XAGUSD,2021-08-20T20:56:00+02:00,23.0265,23.0295,23.0265,23.0295,11
SQ:XAGUSD,2021-08-20T20:57:00+02:00,23.0295,23.0335,23.0295,23.0335,7
SQ:XAGUSD,2021-08-20T20:58:00+02:00,23.0345,23.0370,23.0345,23.0355,6
SQ:XAGUSD,2021-08-20T20:59:00+02:00,23.0355,23.0385,23.0345,23.0385,9
SQ:XAGUSD,2021-08-20T21:00:00+02:00,23.0385,23.0385,23.0300,23.0335,26
SQ:XAGUSD,2021-08-20T21:01:00+02:00,23.0345,23.0375,23.0345,23.0355,7
SQ:XAGUSD,2021-08-20T21:02:00+02:00,23.0365,23.0375,23.0355,23.0355,6
SQ:XAGUSD,2021-08-20T21:03:00+02:00,23.0365,23.0365,23.0355,23.0355,6
SQ:XAGUSD,2021-08-20T21:04:00+02:00,23.0345,23.0405,23.0345,23.0350,10
SQ:XAGUSD,2021-08-20T21:05:00+02:00,23.0350,23.0350,23.0305,23.0305,5
SQ:XAGUSD,2021-08-20T21:06:00+02:00,23.0305,23.0305,23.0265,23.0285,10
SQ:XAGUSD,2021-08-20T21:07:00+02:00,23.0295,23.0315,23.0285,23.0295,7
SQ:XAGUSD,2021-08-20T21:08:00+02:00,23.0290,23.0315,23.0265,23.0315,11
SQ:XAGUSD,2021-08-20T21:09:00+02:00,23.0315,23.0335,23.0295,23.0295,8
SQ:XAGUSD,2021-08-20T21:10:00+02:00,23.0285,23.0295,23.0285,23.0285,5
SQ:XAGUSD,2021-08-20T21:11:00+02:00,23.0295,23.0355,23.0295,23.0355,4
SQ:XAGUSD,2021-08-20T21:12:00+02:00,23.0375,23.0405,23.0375,23.0405,4
SQ:XAGUSD,2021-08-20T21:13:00+02:00,23.0405,23.0405,23.0405,23.0405,1
SQ:XAGUSD,2021-08-20T21:14:00+02:00,23.0400,23.0400,23.0360,23.0360,2
SQ:XAGUSD,2021-08-20T21:15:00+02:00,23.0365,23.0375,23.0360,23.0375,6
SQ:XAGUSD,2021-08-20T21:16:00+02:00,23.0365,23.0395,23.0365,23.0395,6
SQ:XAGUSD,2021-08-20T21:17:00+02:00,23.0395,23.0395,23.0365,23.0365,11
SQ:XAGUSD,2021-08-20T21:18:00+02:00,23.0375,23.0405,23.0375,23.0405,6
SQ:XAGUSD,2021-08-20T21:19:00+02:00,23.0405,23.0405,23.0395,23.0405,13
SQ:XAGUSD,2021-08-20T21:20:00+02:00,23.0395,23.0405,23.0395,23.0405,4
SQ:XAGUSD,2021-08-20T21:21:00+02:00,23.0390,23.0405,23.0390,23.0405,2
SQ:XAGUSD,2021-08-20T21:22:00+02:00,23.0405,23.0465,23.0405,23.0465,18
SQ:XAGUSD,2021-08-20T21:23:00+02:00,23.0475,23.0485,23.0375,23.0375,9
SQ:XAGUSD,2021-08-20T21:24:00+02:00,23.0375,23.0405,23.0375,23.0405,9
SQ:XAGUSD,2021-08-20T21:25:00+02:00,23.0405,23.0405,23.0365,23.0375,10
SQ:XAGUSD,2021-08-20T21:26:00+02:00,23.0385,23.0415,23.0365,23.0395,8
SQ:XAGUSD,2021-08-20T21:27:00+02:00,23.0390,23.0390,23.0355,23.0355,6
SQ:XAGUSD,2021-08-20T21:28:00+02:00,23.0365,23.0415,23.0365,23.0415,9
SQ:XAGUSD,2021-08-20T21:29:00+02:00,23.0415,23.0415,23.0295,23.0295,10
SQ:XAGUSD,2021-08-20T21:30:00+02:00,23.0285,23.0285,23.0245,23.0255,8
SQ:XAGUSD,2021-08-20T21:31:00+02:00,23.0255,23.0285,23.0205,23.0255,9
SQ:XAGUSD,2021-08-20T21:32:00+02:00,23.0255,23.0285,23.0205,23.0215,19
SQ:XAGUSD,2021-08-20T21:33:00+02:00,23.0215,23.0295,23.0215,23.0295,11
SQ:XAGUSD,2021-08-20T21:34:00+02:00,23.0295,23.0355,23.0295,23.0315,11
SQ:XAGUSD,2021-08-20T21:35:00+02:00,23.0325,23.0345,23.0265,23.0285,9
SQ:XAGUSD,2021-08-20T21:36:00+02:00,23.0295,23.0315,23.0265,23.0315,12
SQ:XAGUSD,2021-08-20T21:37:00+02:00,23.0315,23.0345,23.0315,23.0335,5
SQ:XAGUSD,2021-08-20T21:38:00+02:00,23.0315,23.0315,23.0295,23.0295,4
SQ:XAGUSD,2021-08-20T21:39:00+02:00,23.0295,23.0305,23.0255,23.0255,12
SQ:XAGUSD,2021-08-20T21:40:00+02:00,23.0255,23.0255,23.0215,23.0245,7
SQ:XAGUSD,2021-08-20T21:41:00+02:00,23.0255,23.0275,23.0225,23.0225,7
SQ:XAGUSD,2021-08-20T21:42:00+02:00,23.0215,23.0245,23.0215,23.0245,3
SQ:XAGUSD,2021-08-20T21:43:00+02:00,23.0245,23.0255,23.0245,23.0255,2
SQ:XAGUSD,2021-08-20T21:44:00+02:00,23.0245,23.0245,23.0245,23.0245,1
SQ:XAGUSD,2021-08-20T21:45:00+02:00,23.0245,23.0255,23.0245,23.0255,2
SQ:XAGUSD,2021-08-20T21:46:00+02:00,23.0255,23.0265,23.0235,23.0265,5
SQ:XAGUSD,2021-08-20T21:47:00+02:00,23.0265,23.0275,23.0255,23.0265,5
SQ:XAGUSD,2021-08-20T21:48:00+02:00,23.0255,23.0265,23.0245,23.0245,3
SQ:XAGUSD,2021-08-20T21:49:00+02:00,23.0235,23.0245,23.0225,23.0235,14
SQ:XAGUSD,2021-08-20T21:50:00+02:00,23.0235,23.0275,23.0215,23.0215,14
SQ:XAGUSD,2021-08-20T21:51:00+02:00,23.0215,23.0245,23.0215,23.0235,13
SQ:XAGUSD,2021-08-20T21:52:00+02:00,23.0235,23.0285,23.0235,23.0285,5
SQ:XAGUSD,2021-08-20T21:53:00+02:00,23.0285,23.0285,23.0245,23.0275,8
SQ:XAGUSD,2021-08-20T21:54:00+02:00,23.0285,23.0325,23.0275,23.0325,16
SQ:XAGUSD,2021-08-20T21:55:00+02:00,23.0325,23.0345,23.0265,23.0265,13
SQ:XAGUSD,2021-08-20T21:56:00+02:00,23.0265,23.0265,23.0265,23.0265,1
SQ:XAGUSD,2021-08-20T21:57:00+02:00,23.0265,23.0325,23.0265,23.0315,10
SQ:XAGUSD,2021-08-20T21:58:00+02:00,23.0315,23.0325,23.0295,23.0305,15
SQ:XAGUSD,2021-08-20T21:59:00+02:00,23.0305,23.0305,23.0265,23.0285,24
SQ:XAGUSD,2021-08-20T22:00:00+02:00,23.0285,23.0285,23.0155,23.0155,12
SQ:XAGUSD,2021-08-20T22:01:00+02:00,23.0145,23.0205,23.0145,23.0205,12
SQ:XAGUSD,2021-08-20T22:02:00+02:00,23.0195,23.0195,23.0175,23.0185,3
SQ:XAGUSD,2021-08-20T22:03:00+02:00,23.0175,23.0175,23.0155,23.0155,3
SQ:XAGUSD,2021-08-20T22:04:00+02:00,23.0155,23.0155,23.0145,23.0145,2
SQ:XAGUSD,2021-08-20T22:05:00+02:00,23.0145,23.0145,23.0145,23.0145,1
SQ:XAGUSD,2021-08-20T22:06:00+02:00,23.0165,23.0165,23.0095,23.0115,8
SQ:XAGUSD,2021-08-20T22:07:00+02:00,23.0115,23.0135,23.0115,23.0135,11
SQ:XAGUSD,2021-08-20T22:08:00+02:00,23.0115,23.0145,23.0115,23.0145,9
SQ:XAGUSD,2021-08-20T22:09:00+02:00,23.0135,23.0135,23.0115,23.0125,6
SQ:XAGUSD,2021-08-20T22:10:00+02:00,23.0125,23.0135,23.0115,23.0125,9
SQ:XAGUSD,2021-08-20T22:11:00+02:00,23.0115,23.0135,23.0095,23.0115,10
SQ:XAGUSD,2021-08-20T22:12:00+02:00,23.0115,23.0115,23.0075,23.0095,5
SQ:XAGUSD,2021-08-20T22:13:00+02:00,23.0095,23.0135,23.0095,23.0115,5
SQ:XAGUSD,2021-08-20T22:14:00+02:00,23.0115,23.0115,23.0095,23.0095,3
SQ:XAGUSD,2021-08-20T22:15:00+02:00,23.0095,23.0095,23.0035,23.0035,4
SQ:XAGUSD,2021-08-20T22:16:00+02:00,23.0035,23.0045,23.0035,23.0035,5
SQ:XAGUSD,2021-08-20T22:17:00+02:00,23.0045,23.0045,23.0035,23.0045,3
SQ:XAGUSD,2021-08-20T22:18:00+02:00,23.0035,23.0045,23.0035,23.0045,2
SQ:XAGUSD,2021-08-20T22:19:00+02:00,23.0035,23.0035,22.9995,23.0015,6
SQ:XAGUSD,2021-08-20T22:20:00+02:00,23.0015,23.0015,22.9995,22.9995,2
SQ:XAGUSD,2021-08-20T22:21:00+02:00,22.9995,23.0055,22.9995,23.0055,5
SQ:XAGUSD,2021-08-20T22:22:00+02:00,23.0045,23.0055,23.0045,23.0055,2
SQ:XAGUSD,2021-08-20T22:23:00+02:00,23.0035,23.0035,22.9995,22.9995,5
SQ:XAGUSD,2021-08-20T22:24:00+02:00,22.9995,22.9995,22.9985,22.9995,5
SQ:XAGUSD,2021-08-20T22:25:00+02:00,22.9995,23.0045,22.9995,23.0045,4
SQ:XAGUSD,2021-08-20T22:26:00+02:00,23.0055,23.0055,23.0055,23.0055,1
SQ:XAGUSD,2021-08-20T22:27:00+02:00,23.0065,23.0135,23.0065,23.0135,5
SQ:XAGUSD,2021-08-20T22:28:00+02:00,23.0135,23.0155,23.0135,23.0155,7
SQ:XAGUSD,2021-08-20T22:29:00+02:00,23.0155,23.0155,23.0055,23.0075,8
SQ:XAGUSD,2021-08-20T22:30:00+02:00,23.0095,23.0095,22.9995,22.9995,7
SQ:XAGUSD,2021-08-20T22:31:00+02:00,22.9985,22.9985,22.9965,22.9975,3
SQ:XAGUSD,2021-08-20T22:32:00+02:00,22.9955,22.9955,22.9945,22.9945,2
SQ:XAGUSD,2021-08-20T22:33:00+02:00,22.9945,22.9975,22.9945,22.9975,3
SQ:XAGUSD,2021-08-20T22:34:00+02:00,22.9985,22.9985,22.9985,22.9985,1
SQ:XAGUSD,2021-08-20T22:35:00+02:00,22.9995,22.9995,22.9995,22.9995,1
SQ:XAGUSD,2021-08-20T22:36:00+02:00,22.9995,22.9995,22.9995,22.9995,1
SQ:XAGUSD,2021-08-20T22:37:00+02:00,22.9995,22.9995,22.9945,22.9945,6
SQ:XAGUSD,2021-08-20T22:38:00+02:00,22.9935,22.9935,22.9925,22.9935,3
SQ:XAGUSD,2021-08-20T22:39:00+02:00,22.9935,22.9935,22.9925,22.9925,2
SQ:XAGUSD,2021-08-20T22:40:00+02:00,22.9925,22.9925,22.9925,22.9925,1
SQ:XAGUSD,2021-08-20T22:41:00+02:00,22.9895,22.9895,22.9895,22.9895,1
SQ:XAGUSD,2021-08-20T22:42:00+02:00,22.9895,22.9945,22.9895,22.9945,4
SQ:XAGUSD,2021-08-20T22:43:00+02:00,22.9945,23.0025,22.9945,23.0025,7
SQ:XAGUSD,2021-08-20T22:44:00+02:00,23.0035,23.0045,23.0035,23.0045,2
SQ:XAGUSD,2021-08-20T22:45:00+02:00,23.0035,23.0035,22.9955,22.9955,3
SQ:XAGUSD,2021-08-20T22:46:00+02:00,22.9955,22.9985,22.9955,22.9955,3
SQ:XAGUSD,2021-08-20T22:47:00+02:00,22.9985,23.0055,22.9985,23.0055,5
SQ:XAGUSD,2021-08-20T22:48:00+02:00,23.0045,23.0045,23.0025,23.0025,2
SQ:XAGUSD,2021-08-20T22:49:00+02:00,23.0015,23.0015,22.9865,22.9865,16
SQ:XAGUSD,2021-08-20T22:50:00+02:00,22.9875,22.9935,22.9865,22.9895,20
SQ:XAGUSD,2021-08-20T22:51:00+02:00,22.9905,22.9935,22.9895,22.9915,13
SQ:XAGUSD,2021-08-20T22:52:00+02:00,22.9925,22.9925,22.9885,22.9895,7
SQ:XAGUSD,2021-08-20T22:53:00+02:00,22.9895,22.9895,22.9875,22.9895,8
SQ:XAGUSD,2021-08-20T22:54:00+02:00,22.9905,22.9915,22.9885,22.9895,9
