SQ:USDJPY,2018-12-19T00:00:00+01:00,112.466,112.469,112.463,112.463,47
SQ:USDJPY,2018-12-19T00:01:00+01:00,112.463,112.466,112.458,112.458,31
SQ:USDJPY,2018-12-19T00:02:00+01:00,112.457,112.458,112.450,112.450,37
SQ:USDJPY,2018-12-19T00:03:00+01:00,112.451,112.451,112.440,112.440,35
SQ:USDJPY,2018-12-19T00:04:00+01:00,112.440,112.440,112.429,112.430,56
SQ:USDJPY,2018-12-19T00:05:00+01:00,112.429,112.431,112.424,112.424,37
SQ:USDJPY,2018-12-19T00:06:00+01:00,112.424,112.428,112.423,112.423,15
SQ:USDJPY,2018-12-19T00:07:00+01:00,112.423,112.429,112.420,112.424,42
SQ:USDJPY,2018-12-19T00:08:00+01:00,112.423,112.426,112.423,112.423,42
SQ:USDJPY,2018-12-19T00:09:00+01:00,112.423,112.424,112.422,112.422,43
SQ:USDJPY,2018-12-19T00:10:00+01:00,112.422,112.423,112.420,112.421,66
SQ:USDJPY,2018-12-19T00:11:00+01:00,112.422,112.422,112.409,112.416,40
SQ:USDJPY,2018-12-19T00:12:00+01:00,112.417,112.421,112.415,112.416,52
SQ:USDJPY,2018-12-19T00:13:00+01:00,112.416,112.427,112.414,112.426,72
SQ:USDJPY,2018-12-19T00:14:00+01:00,112.425,112.428,112.421,112.422,89
SQ:USDJPY,2018-12-19T00:15:00+01:00,112.421,112.427,112.419,112.420,42
SQ:USDJPY,2018-12-19T00:16:00+01:00,112.419,112.441,112.419,112.440,69
SQ:USDJPY,2018-12-19T00:17:00+01:00,112.440,112.442,112.439,112.440,22
SQ:USDJPY,2018-12-19T00:18:00+01:00,112.438,112.438,112.425,112.426,31
SQ:USDJPY,2018-12-19T00:19:00+01:00,112.425,112.427,112.425,112.426,77
SQ:USDJPY,2018-12-19T00:20:00+01:00,112.427,112.436,112.427,112.432,66
SQ:USDJPY,2018-12-19T00:21:00+01:00,112.431,112.440,112.431,112.440,35
SQ:USDJPY,2018-12-19T00:22:00+01:00,112.439,112.439,112.435,112.438,50
SQ:USDJPY,2018-12-19T00:23:00+01:00,112.437,112.440,112.437,112.440,22
SQ:USDJPY,2018-12-19T00:24:00+01:00,112.439,112.452,112.438,112.451,44
SQ:USDJPY,2018-12-19T00:25:00+01:00,112.451,112.491,112.450,112.488,135
SQ:USDJPY,2018-12-19T00:26:00+01:00,112.488,112.491,112.483,112.490,62
SQ:USDJPY,2018-12-19T00:27:00+01:00,112.490,112.498,112.483,112.483,63
SQ:USDJPY,2018-12-19T00:28:00+01:00,112.483,112.490,112.482,112.485,74
SQ:USDJPY,2018-12-19T00:29:00+01:00,112.488,112.503,112.486,112.495,79
SQ:USDJPY,2018-12-19T00:30:00+01:00,112.496,112.496,112.485,112.489,41
SQ:USDJPY,2018-12-19T00:31:00+01:00,112.489,112.489,112.482,112.488,66
SQ:USDJPY,2018-12-19T00:32:00+01:00,112.489,112.494,112.488,112.492,67
SQ:USDJPY,2018-12-19T00:33:00+01:00,112.491,112.501,112.489,112.497,68
SQ:USDJPY,2018-12-19T00:34:00+01:00,112.497,112.501,112.489,112.490,68
SQ:USDJPY,2018-12-19T00:35:00+01:00,112.491,112.494,112.489,112.494,32
SQ:USDJPY,2018-12-19T00:36:00+01:00,112.494,112.500,112.493,112.499,92
SQ:USDJPY,2018-12-19T00:37:00+01:00,112.500,112.502,112.495,112.496,105
SQ:USDJPY,2018-12-19T00:38:00+01:00,112.495,112.496,112.494,112.494,53
SQ:USDJPY,2018-12-19T00:39:00+01:00,112.495,112.498,112.484,112.486,48
SQ:USDJPY,2018-12-19T00:40:00+01:00,112.485,112.490,112.485,112.489,34
SQ:USDJPY,2018-12-19T00:41:00+01:00,112.489,112.491,112.483,112.486,43
SQ:USDJPY,2018-12-19T00:42:00+01:00,112.490,112.499,112.490,112.497,60
SQ:USDJPY,2018-12-19T00:43:00+01:00,112.497,112.505,112.497,112.505,54
SQ:USDJPY,2018-12-19T00:44:00+01:00,112.504,112.509,112.503,112.507,40
SQ:USDJPY,2018-12-19T00:45:00+01:00,112.509,112.522,112.509,112.522,58
SQ:USDJPY,2018-12-19T00:46:00+01:00,112.520,112.525,112.513,112.524,66
SQ:USDJPY,2018-12-19T00:47:00+01:00,112.524,112.524,112.516,112.524,26
SQ:USDJPY,2018-12-19T00:48:00+01:00,112.524,112.524,112.517,112.522,13
SQ:USDJPY,2018-12-19T00:49:00+01:00,112.521,112.521,112.510,112.512,20
SQ:USDJPY,2018-12-19T00:50:00+01:00,112.512,112.535,112.511,112.529,42
SQ:USDJPY,2018-12-19T00:51:00+01:00,112.529,112.529,112.520,112.520,20
SQ:USDJPY,2018-12-19T00:52:00+01:00,112.521,112.522,112.514,112.515,19
SQ:USDJPY,2018-12-19T00:53:00+01:00,112.515,112.515,112.510,112.513,27
SQ:USDJPY,2018-12-19T00:54:00+01:00,112.514,112.535,112.514,112.515,88
SQ:USDJPY,2018-12-19T00:55:00+01:00,112.516,112.519,112.508,112.508,78
SQ:USDJPY,2018-12-19T00:56:00+01:00,112.509,112.515,112.508,112.514,39
SQ:USDJPY,2018-12-19T00:57:00+01:00,112.514,112.516,112.513,112.515,41
SQ:USDJPY,2018-12-19T00:58:00+01:00,112.516,112.519,112.513,112.518,115
SQ:USDJPY,2018-12-19T00:59:00+01:00,112.517,112.518,112.509,112.509,117
SQ:USDJPY,2018-12-19T01:00:00+01:00,112.510,112.515,112.472,112.475,168
SQ:USDJPY,2018-12-19T01:01:00+01:00,112.475,112.475,112.454,112.475,150
SQ:USDJPY,2018-12-19T01:02:00+01:00,112.475,112.479,112.466,112.466,65
SQ:USDJPY,2018-12-19T01:03:00+01:00,112.465,112.465,112.452,112.460,69
SQ:USDJPY,2018-12-19T01:04:00+01:00,112.460,112.460,112.428,112.429,88
SQ:USDJPY,2018-12-19T01:05:00+01:00,112.429,112.437,112.418,112.426,104
SQ:USDJPY,2018-12-19T01:06:00+01:00,112.427,112.427,112.396,112.403,164
SQ:USDJPY,2018-12-19T01:07:00+01:00,112.403,112.413,112.382,112.384,159
SQ:USDJPY,2018-12-19T01:08:00+01:00,112.385,112.385,112.329,112.342,303
SQ:USDJPY,2018-12-19T01:09:00+01:00,112.341,112.342,112.229,112.232,430
SQ:USDJPY,2018-12-19T01:10:00+01:00,112.231,112.255,112.181,112.210,351
SQ:USDJPY,2018-12-19T01:11:00+01:00,112.209,112.262,112.204,112.261,241
SQ:USDJPY,2018-12-19T01:12:00+01:00,112.262,112.302,112.258,112.298,181
SQ:USDJPY,2018-12-19T01:13:00+01:00,112.295,112.310,112.287,112.307,135
SQ:USDJPY,2018-12-19T01:14:00+01:00,112.307,112.307,112.286,112.290,203
SQ:USDJPY,2018-12-19T01:15:00+01:00,112.290,112.297,112.286,112.297,127
SQ:USDJPY,2018-12-19T01:16:00+01:00,112.296,112.296,112.273,112.283,125
SQ:USDJPY,2018-12-19T01:17:00+01:00,112.282,112.293,112.277,112.290,112
SQ:USDJPY,2018-12-19T01:18:00+01:00,112.290,112.297,112.278,112.283,121
SQ:USDJPY,2018-12-19T01:19:00+01:00,112.284,112.284,112.243,112.266,176
SQ:USDJPY,2018-12-19T01:20:00+01:00,112.266,112.283,112.247,112.282,170
SQ:USDJPY,2018-12-19T01:21:00+01:00,112.283,112.284,112.260,112.271,152
SQ:USDJPY,2018-12-19T01:22:00+01:00,112.272,112.272,112.247,112.252,186
SQ:USDJPY,2018-12-19T01:23:00+01:00,112.250,112.269,112.250,112.261,133
SQ:USDJPY,2018-12-19T01:24:00+01:00,112.262,112.269,112.260,112.265,71
SQ:USDJPY,2018-12-19T01:25:00+01:00,112.266,112.274,112.265,112.271,91
SQ:USDJPY,2018-12-19T01:26:00+01:00,112.272,112.280,112.267,112.273,102
SQ:USDJPY,2018-12-19T01:27:00+01:00,112.274,112.283,112.266,112.267,130
SQ:USDJPY,2018-12-19T01:28:00+01:00,112.267,112.268,112.233,112.241,169
SQ:USDJPY,2018-12-19T01:29:00+01:00,112.242,112.265,112.240,112.255,153
SQ:USDJPY,2018-12-19T01:30:00+01:00,112.255,112.257,112.244,112.254,116
SQ:USDJPY,2018-12-19T01:31:00+01:00,112.253,112.274,112.252,112.270,116
SQ:USDJPY,2018-12-19T01:32:00+01:00,112.270,112.273,112.260,112.271,121
SQ:USDJPY,2018-12-19T01:33:00+01:00,112.272,112.284,112.271,112.275,74
SQ:USDJPY,2018-12-19T01:34:00+01:00,112.275,112.303,112.273,112.299,207
SQ:USDJPY,2018-12-19T01:35:00+01:00,112.298,112.324,112.293,112.317,194
SQ:USDJPY,2018-12-19T01:36:00+01:00,112.316,112.330,112.311,112.327,116
SQ:USDJPY,2018-12-19T01:37:00+01:00,112.327,112.336,112.325,112.329,59
SQ:USDJPY,2018-12-19T01:38:00+01:00,112.330,112.384,112.329,112.371,187
SQ:USDJPY,2018-12-19T01:39:00+01:00,112.371,112.419,112.366,112.417,277
SQ:USDJPY,2018-12-19T01:40:00+01:00,112.415,112.461,112.409,112.426,273
SQ:USDJPY,2018-12-19T01:41:00+01:00,112.425,112.425,112.395,112.398,178
SQ:USDJPY,2018-12-19T01:42:00+01:00,112.401,112.417,112.391,112.396,169
SQ:USDJPY,2018-12-19T01:43:00+01:00,112.397,112.417,112.396,112.410,187
SQ:USDJPY,2018-12-19T01:44:00+01:00,112.412,112.449,112.412,112.434,215
SQ:USDJPY,2018-12-19T01:45:00+01:00,112.433,112.458,112.417,112.425,217
SQ:USDJPY,2018-12-19T01:46:00+01:00,112.426,112.451,112.426,112.445,156
SQ:USDJPY,2018-12-19T01:47:00+01:00,112.446,112.453,112.436,112.442,208
SQ:USDJPY,2018-12-19T01:48:00+01:00,112.442,112.452,112.432,112.439,175
SQ:USDJPY,2018-12-19T01:49:00+01:00,112.440,112.470,112.439,112.463,223
SQ:USDJPY,2018-12-19T01:50:00+01:00,112.462,112.466,112.443,112.459,221
SQ:USDJPY,2018-12-19T01:51:00+01:00,112.459,112.475,112.456,112.460,156
SQ:USDJPY,2018-12-19T01:52:00+01:00,112.462,112.476,112.442,112.476,165
SQ:USDJPY,2018-12-19T01:53:00+01:00,112.476,112.484,112.471,112.479,206
SQ:USDJPY,2018-12-19T01:54:00+01:00,112.480,112.489,112.469,112.472,278
SQ:USDJPY,2018-12-19T01:55:00+01:00,112.476,112.477,112.436,112.440,244
SQ:USDJPY,2018-12-19T01:56:00+01:00,112.439,112.447,112.434,112.435,224
SQ:USDJPY,2018-12-19T01:57:00+01:00,112.435,112.450,112.432,112.436,249
SQ:USDJPY,2018-12-19T01:58:00+01:00,112.437,112.438,112.408,112.415,337
SQ:USDJPY,2018-12-19T01:59:00+01:00,112.414,112.417,112.402,112.415,242
SQ:USDJPY,2018-12-19T02:00:00+01:00,112.417,112.424,112.399,112.410,288
SQ:USDJPY,2018-12-19T02:01:00+01:00,112.411,112.427,112.407,112.415,168
SQ:USDJPY,2018-12-19T02:02:00+01:00,112.413,112.423,112.411,112.421,116
SQ:USDJPY,2018-12-19T02:03:00+01:00,112.421,112.438,112.421,112.430,174
SQ:USDJPY,2018-12-19T02:04:00+01:00,112.430,112.436,112.415,112.420,137
SQ:USDJPY,2018-12-19T02:05:00+01:00,112.419,112.447,112.419,112.437,154
SQ:USDJPY,2018-12-19T02:06:00+01:00,112.436,112.437,112.423,112.432,80
SQ:USDJPY,2018-12-19T02:07:00+01:00,112.433,112.433,112.425,112.428,51
SQ:USDJPY,2018-12-19T02:08:00+01:00,112.429,112.449,112.428,112.441,109
SQ:USDJPY,2018-12-19T02:09:00+01:00,112.442,112.449,112.441,112.445,79
SQ:USDJPY,2018-12-19T02:10:00+01:00,112.445,112.445,112.437,112.439,91
SQ:USDJPY,2018-12-19T02:11:00+01:00,112.438,112.443,112.413,112.413,134
SQ:USDJPY,2018-12-19T02:12:00+01:00,112.414,112.420,112.400,112.401,131
SQ:USDJPY,2018-12-19T02:13:00+01:00,112.400,112.405,112.382,112.385,136
SQ:USDJPY,2018-12-19T02:14:00+01:00,112.385,112.387,112.373,112.375,150
SQ:USDJPY,2018-12-19T02:15:00+01:00,112.375,112.386,112.369,112.378,191
SQ:USDJPY,2018-12-19T02:16:00+01:00,112.377,112.399,112.377,112.397,109
SQ:USDJPY,2018-12-19T02:17:00+01:00,112.395,112.395,112.371,112.382,149
SQ:USDJPY,2018-12-19T02:18:00+01:00,112.381,112.392,112.379,112.390,86
SQ:USDJPY,2018-12-19T02:19:00+01:00,112.391,112.400,112.381,112.388,132
SQ:USDJPY,2018-12-19T02:20:00+01:00,112.388,112.388,112.379,112.381,66
SQ:USDJPY,2018-12-19T02:21:00+01:00,112.382,112.390,112.381,112.390,85
SQ:USDJPY,2018-12-19T02:22:00+01:00,112.389,112.390,112.384,112.387,68
SQ:USDJPY,2018-12-19T02:23:00+01:00,112.387,112.390,112.383,112.384,85
SQ:USDJPY,2018-12-19T02:24:00+01:00,112.383,112.392,112.383,112.390,67
SQ:USDJPY,2018-12-19T02:25:00+01:00,112.390,112.404,112.390,112.402,69
SQ:USDJPY,2018-12-19T02:26:00+01:00,112.402,112.434,112.402,112.432,120
SQ:USDJPY,2018-12-19T02:27:00+01:00,112.433,112.445,112.425,112.443,111
SQ:USDJPY,2018-12-19T02:28:00+01:00,112.443,112.444,112.436,112.436,76
SQ:USDJPY,2018-12-19T02:29:00+01:00,112.434,112.434,112.420,112.422,94
SQ:USDJPY,2018-12-19T02:30:00+01:00,112.422,112.422,112.412,112.417,80
SQ:USDJPY,2018-12-19T02:31:00+01:00,112.416,112.425,112.406,112.406,94
SQ:USDJPY,2018-12-19T02:32:00+01:00,112.404,112.422,112.404,112.415,143
SQ:USDJPY,2018-12-19T02:33:00+01:00,112.415,112.415,112.385,112.385,111
SQ:USDJPY,2018-12-19T02:34:00+01:00,112.388,112.403,112.388,112.402,90
SQ:USDJPY,2018-12-19T02:35:00+01:00,112.401,112.417,112.392,112.416,145
SQ:USDJPY,2018-12-19T02:36:00+01:00,112.417,112.470,112.416,112.468,167
SQ:USDJPY,2018-12-19T02:37:00+01:00,112.468,112.493,112.459,112.476,203
SQ:USDJPY,2018-12-19T02:38:00+01:00,112.476,112.537,112.475,112.531,182
SQ:USDJPY,2018-12-19T02:39:00+01:00,112.532,112.596,112.531,112.590,210
SQ:USDJPY,2018-12-19T02:40:00+01:00,112.591,112.592,112.553,112.555,123
SQ:USDJPY,2018-12-19T02:41:00+01:00,112.556,112.559,112.538,112.538,170
SQ:USDJPY,2018-12-19T02:42:00+01:00,112.536,112.553,112.508,112.511,212
SQ:USDJPY,2018-12-19T02:43:00+01:00,112.512,112.529,112.502,112.522,204
SQ:USDJPY,2018-12-19T02:44:00+01:00,112.521,112.528,112.506,112.508,91
SQ:USDJPY,2018-12-19T02:45:00+01:00,112.508,112.522,112.507,112.507,102
SQ:USDJPY,2018-12-19T02:46:00+01:00,112.508,112.520,112.502,112.510,109
SQ:USDJPY,2018-12-19T02:47:00+01:00,112.512,112.519,112.510,112.513,84
SQ:USDJPY,2018-12-19T02:48:00+01:00,112.514,112.514,112.485,112.491,121
SQ:USDJPY,2018-12-19T02:49:00+01:00,112.493,112.504,112.484,112.496,149
SQ:USDJPY,2018-12-19T02:50:00+01:00,112.495,112.495,112.474,112.488,114
SQ:USDJPY,2018-12-19T02:51:00+01:00,112.489,112.489,112.464,112.466,135
SQ:USDJPY,2018-12-19T02:52:00+01:00,112.466,112.470,112.464,112.464,87
SQ:USDJPY,2018-12-19T02:53:00+01:00,112.464,112.484,112.462,112.484,74
SQ:USDJPY,2018-12-19T02:54:00+01:00,112.484,112.484,112.465,112.473,99
SQ:USDJPY,2018-12-19T02:55:00+01:00,112.473,112.477,112.463,112.463,96
SQ:USDJPY,2018-12-19T02:56:00+01:00,112.464,112.470,112.451,112.458,95
SQ:USDJPY,2018-12-19T02:57:00+01:00,112.459,112.469,112.457,112.465,61
SQ:USDJPY,2018-12-19T02:58:00+01:00,112.465,112.473,112.459,112.473,89
SQ:USDJPY,2018-12-19T02:59:00+01:00,112.473,112.478,112.466,112.466,68
SQ:USDJPY,2018-12-19T03:00:00+01:00,112.467,112.467,112.462,112.463,68
SQ:USDJPY,2018-12-19T03:01:00+01:00,112.463,112.464,112.461,112.462,46
SQ:USDJPY,2018-12-19T03:02:00+01:00,112.462,112.462,112.455,112.460,53
SQ:USDJPY,2018-12-19T03:03:00+01:00,112.461,112.465,112.457,112.461,62
SQ:USDJPY,2018-12-19T03:04:00+01:00,112.461,112.474,112.461,112.471,55
SQ:USDJPY,2018-12-19T03:05:00+01:00,112.471,112.475,112.461,112.461,50
SQ:USDJPY,2018-12-19T03:06:00+01:00,112.463,112.465,112.437,112.442,118
SQ:USDJPY,2018-12-19T03:07:00+01:00,112.442,112.452,112.434,112.447,107
SQ:USDJPY,2018-12-19T03:08:00+01:00,112.448,112.455,112.448,112.451,66
SQ:USDJPY,2018-12-19T03:09:00+01:00,112.452,112.461,112.448,112.455,81
SQ:USDJPY,2018-12-19T03:10:00+01:00,112.454,112.458,112.449,112.450,72
SQ:USDJPY,2018-12-19T03:11:00+01:00,112.450,112.453,112.443,112.446,120
SQ:USDJPY,2018-12-19T03:12:00+01:00,112.446,112.448,112.438,112.441,63
SQ:USDJPY,2018-12-19T03:13:00+01:00,112.442,112.442,112.415,112.416,82
SQ:USDJPY,2018-12-19T03:14:00+01:00,112.417,112.421,112.396,112.408,132
SQ:USDJPY,2018-12-19T03:15:00+01:00,112.408,112.412,112.403,112.407,87
SQ:USDJPY,2018-12-19T03:16:00+01:00,112.407,112.409,112.396,112.396,51
SQ:USDJPY,2018-12-19T03:17:00+01:00,112.396,112.406,112.394,112.402,59
SQ:USDJPY,2018-12-19T03:18:00+01:00,112.401,112.405,112.398,112.404,44
SQ:USDJPY,2018-12-19T03:19:00+01:00,112.404,112.418,112.404,112.415,55
SQ:USDJPY,2018-12-19T03:20:00+01:00,112.416,112.418,112.409,112.413,87
SQ:USDJPY,2018-12-19T03:21:00+01:00,112.413,112.421,112.412,112.412,68
SQ:USDJPY,2018-12-19T03:22:00+01:00,112.413,112.413,112.396,112.398,102
SQ:USDJPY,2018-12-19T03:23:00+01:00,112.398,112.401,112.394,112.396,74
SQ:USDJPY,2018-12-19T03:24:00+01:00,112.396,112.398,112.384,112.387,115
SQ:USDJPY,2018-12-19T03:25:00+01:00,112.387,112.411,112.387,112.399,110
SQ:USDJPY,2018-12-19T03:26:00+01:00,112.399,112.404,112.393,112.395,92
SQ:USDJPY,2018-12-19T03:27:00+01:00,112.395,112.420,112.395,112.403,167
SQ:USDJPY,2018-12-19T03:28:00+01:00,112.403,112.405,112.389,112.392,113
SQ:USDJPY,2018-12-19T03:29:00+01:00,112.392,112.397,112.387,112.390,114
SQ:USDJPY,2018-12-19T03:30:00+01:00,112.391,112.396,112.367,112.370,126
SQ:USDJPY,2018-12-19T03:31:00+01:00,112.370,112.378,112.367,112.377,116
SQ:USDJPY,2018-12-19T03:32:00+01:00,112.378,112.378,112.370,112.373,57
SQ:USDJPY,2018-12-19T03:33:00+01:00,112.372,112.372,112.335,112.348,142
SQ:USDJPY,2018-12-19T03:34:00+01:00,112.349,112.358,112.349,112.354,52
SQ:USDJPY,2018-12-19T03:35:00+01:00,112.354,112.359,112.343,112.345,112
SQ:USDJPY,2018-12-19T03:36:00+01:00,112.344,112.345,112.335,112.342,104
SQ:USDJPY,2018-12-19T03:37:00+01:00,112.342,112.356,112.336,112.348,79
SQ:USDJPY,2018-12-19T03:38:00+01:00,112.350,112.358,112.347,112.353,81
SQ:USDJPY,2018-12-19T03:39:00+01:00,112.354,112.360,112.353,112.359,80
SQ:USDJPY,2018-12-19T03:40:00+01:00,112.358,112.364,112.355,112.356,103
SQ:USDJPY,2018-12-19T03:41:00+01:00,112.356,112.367,112.356,112.364,72
SQ:USDJPY,2018-12-19T03:42:00+01:00,112.363,112.367,112.360,112.362,43
SQ:USDJPY,2018-12-19T03:43:00+01:00,112.361,112.367,112.360,112.367,40
SQ:USDJPY,2018-12-19T03:44:00+01:00,112.368,112.375,112.367,112.372,51
SQ:USDJPY,2018-12-19T03:45:00+01:00,112.372,112.376,112.363,112.363,49
SQ:USDJPY,2018-12-19T03:46:00+01:00,112.364,112.365,112.353,112.358,45
SQ:USDJPY,2018-12-19T03:47:00+01:00,112.358,112.358,112.349,112.353,55
SQ:USDJPY,2018-12-19T03:48:00+01:00,112.353,112.359,112.351,112.356,47
SQ:USDJPY,2018-12-19T03:49:00+01:00,112.355,112.364,112.355,112.363,65
SQ:USDJPY,2018-12-19T03:50:00+01:00,112.363,112.366,112.360,112.365,52
SQ:USDJPY,2018-12-19T03:51:00+01:00,112.364,112.365,112.355,112.355,40
SQ:USDJPY,2018-12-19T03:52:00+01:00,112.355,112.355,112.348,112.348,51
SQ:USDJPY,2018-12-19T03:53:00+01:00,112.349,112.349,112.337,112.341,94
SQ:USDJPY,2018-12-19T03:54:00+01:00,112.341,112.343,112.338,112.339,34
SQ:USDJPY,2018-12-19T03:55:00+01:00,112.340,112.349,112.338,112.349,55
SQ:USDJPY,2018-12-19T03:56:00+01:00,112.348,112.350,112.347,112.347,46
SQ:USDJPY,2018-12-19T03:57:00+01:00,112.348,112.355,112.342,112.349,117
SQ:USDJPY,2018-12-19T03:58:00+01:00,112.349,112.366,112.347,112.363,94
SQ:USDJPY,2018-12-19T03:59:00+01:00,112.365,112.376,112.363,112.376,99
SQ:USDJPY,2018-12-19T04:00:00+01:00,112.375,112.381,112.369,112.374,115
SQ:USDJPY,2018-12-19T04:01:00+01:00,112.375,112.376,112.362,112.363,66
SQ:USDJPY,2018-12-19T04:02:00+01:00,112.362,112.376,112.362,112.374,39
SQ:USDJPY,2018-12-19T04:03:00+01:00,112.374,112.379,112.371,112.374,52
SQ:USDJPY,2018-12-19T04:04:00+01:00,112.373,112.378,112.372,112.376,33
SQ:USDJPY,2018-12-19T04:05:00+01:00,112.378,112.378,112.373,112.375,25
SQ:USDJPY,2018-12-19T04:06:00+01:00,112.377,112.378,112.373,112.375,32
SQ:USDJPY,2018-12-19T04:07:00+01:00,112.376,112.378,112.368,112.368,45
SQ:USDJPY,2018-12-19T04:08:00+01:00,112.367,112.374,112.367,112.367,44
SQ:USDJPY,2018-12-19T04:09:00+01:00,112.367,112.367,112.366,112.366,10
SQ:USDJPY,2018-12-19T04:10:00+01:00,112.366,112.367,112.360,112.366,53
SQ:USDJPY,2018-12-19T04:11:00+01:00,112.366,112.370,112.366,112.367,48
SQ:USDJPY,2018-12-19T04:12:00+01:00,112.368,112.370,112.353,112.354,43
SQ:USDJPY,2018-12-19T04:13:00+01:00,112.355,112.361,112.355,112.361,32
SQ:USDJPY,2018-12-19T04:14:00+01:00,112.362,112.369,112.362,112.368,31
SQ:USDJPY,2018-12-19T04:15:00+01:00,112.370,112.380,112.369,112.373,91
SQ:USDJPY,2018-12-19T04:16:00+01:00,112.373,112.379,112.368,112.377,49
SQ:USDJPY,2018-12-19T04:17:00+01:00,112.378,112.384,112.376,112.382,69
SQ:USDJPY,2018-12-19T04:18:00+01:00,112.382,112.386,112.379,112.384,47
SQ:USDJPY,2018-12-19T04:19:00+01:00,112.385,112.388,112.385,112.387,19
SQ:USDJPY,2018-12-19T04:20:00+01:00,112.387,112.387,112.384,112.387,44
SQ:USDJPY,2018-12-19T04:21:00+01:00,112.387,112.387,112.351,112.351,85
SQ:USDJPY,2018-12-19T04:22:00+01:00,112.350,112.352,112.327,112.328,71
SQ:USDJPY,2018-12-19T04:23:00+01:00,112.329,112.332,112.328,112.328,49
SQ:USDJPY,2018-12-19T04:24:00+01:00,112.329,112.337,112.328,112.329,84
SQ:USDJPY,2018-12-19T04:25:00+01:00,112.329,112.330,112.316,112.317,57
SQ:USDJPY,2018-12-19T04:26:00+01:00,112.317,112.317,112.310,112.317,49
SQ:USDJPY,2018-12-19T04:27:00+01:00,112.316,112.317,112.307,112.313,59
SQ:USDJPY,2018-12-19T04:28:00+01:00,112.313,112.328,112.308,112.327,82
SQ:USDJPY,2018-12-19T04:29:00+01:00,112.326,112.339,112.323,112.323,106
SQ:USDJPY,2018-12-19T04:30:00+01:00,112.325,112.330,112.321,112.328,114
SQ:USDJPY,2018-12-19T04:31:00+01:00,112.329,112.337,112.317,112.323,123
SQ:USDJPY,2018-12-19T04:32:00+01:00,112.324,112.324,112.316,112.318,72
SQ:USDJPY,2018-12-19T04:33:00+01:00,112.318,112.323,112.312,112.313,99
SQ:USDJPY,2018-12-19T04:34:00+01:00,112.312,112.317,112.303,112.315,106
SQ:USDJPY,2018-12-19T04:35:00+01:00,112.316,112.318,112.303,112.303,83
SQ:USDJPY,2018-12-19T04:36:00+01:00,112.304,112.310,112.291,112.291,169
SQ:USDJPY,2018-12-19T04:37:00+01:00,112.291,112.301,112.290,112.298,127
SQ:USDJPY,2018-12-19T04:38:00+01:00,112.299,112.303,112.292,112.302,97
SQ:USDJPY,2018-12-19T04:39:00+01:00,112.302,112.304,112.290,112.291,111
SQ:USDJPY,2018-12-19T04:40:00+01:00,112.290,112.305,112.286,112.294,117
SQ:USDJPY,2018-12-19T04:41:00+01:00,112.296,112.296,112.289,112.292,71
SQ:USDJPY,2018-12-19T04:42:00+01:00,112.293,112.302,112.284,112.287,112
SQ:USDJPY,2018-12-19T04:43:00+01:00,112.288,112.294,112.287,112.293,58
SQ:USDJPY,2018-12-19T04:44:00+01:00,112.293,112.300,112.293,112.300,51
SQ:USDJPY,2018-12-19T04:45:00+01:00,112.298,112.312,112.290,112.312,117
SQ:USDJPY,2018-12-19T04:46:00+01:00,112.312,112.312,112.305,112.312,74
SQ:USDJPY,2018-12-19T04:47:00+01:00,112.312,112.318,112.312,112.317,60
SQ:USDJPY,2018-12-19T04:48:00+01:00,112.316,112.326,112.316,112.320,50
SQ:USDJPY,2018-12-19T04:49:00+01:00,112.321,112.337,112.320,112.336,117
SQ:USDJPY,2018-12-19T04:50:00+01:00,112.336,112.337,112.318,112.324,45
SQ:USDJPY,2018-12-19T04:51:00+01:00,112.325,112.337,112.325,112.335,61
SQ:USDJPY,2018-12-19T04:52:00+01:00,112.335,112.338,112.331,112.334,34
SQ:USDJPY,2018-12-19T04:53:00+01:00,112.336,112.336,112.330,112.331,23
SQ:USDJPY,2018-12-19T04:54:00+01:00,112.330,112.330,112.326,112.327,18
SQ:USDJPY,2018-12-19T04:55:00+01:00,112.327,112.333,112.323,112.323,70
SQ:USDJPY,2018-12-19T04:56:00+01:00,112.324,112.325,112.317,112.323,81
SQ:USDJPY,2018-12-19T04:57:00+01:00,112.322,112.323,112.321,112.322,52
SQ:USDJPY,2018-12-19T04:58:00+01:00,112.322,112.323,112.321,112.323,17
SQ:USDJPY,2018-12-19T04:59:00+01:00,112.323,112.325,112.319,112.319,33
SQ:USDJPY,2018-12-19T05:00:00+01:00,112.319,112.323,112.318,112.322,130
SQ:USDJPY,2018-12-19T05:01:00+01:00,112.321,112.322,112.312,112.315,50
SQ:USDJPY,2018-12-19T05:02:00+01:00,112.315,112.315,112.304,112.308,60
SQ:USDJPY,2018-12-19T05:03:00+01:00,112.308,112.308,112.303,112.303,61
SQ:USDJPY,2018-12-19T05:04:00+01:00,112.304,112.304,112.290,112.296,75
SQ:USDJPY,2018-12-19T05:05:00+01:00,112.296,112.300,112.286,112.291,62
SQ:USDJPY,2018-12-19T05:06:00+01:00,112.293,112.293,112.282,112.284,64
SQ:USDJPY,2018-12-19T05:07:00+01:00,112.284,112.296,112.284,112.287,79
SQ:USDJPY,2018-12-19T05:08:00+01:00,112.287,112.289,112.283,112.289,46
SQ:USDJPY,2018-12-19T05:09:00+01:00,112.289,112.290,112.280,112.281,57
SQ:USDJPY,2018-12-19T05:10:00+01:00,112.279,112.279,112.259,112.265,146
SQ:USDJPY,2018-12-19T05:11:00+01:00,112.265,112.284,112.261,112.278,83
SQ:USDJPY,2018-12-19T05:12:00+01:00,112.279,112.279,112.265,112.268,140
SQ:USDJPY,2018-12-19T05:13:00+01:00,112.268,112.273,112.265,112.265,52
SQ:USDJPY,2018-12-19T05:14:00+01:00,112.265,112.278,112.265,112.275,28
SQ:USDJPY,2018-12-19T05:15:00+01:00,112.277,112.281,112.277,112.281,44
SQ:USDJPY,2018-12-19T05:16:00+01:00,112.279,112.288,112.279,112.288,42
SQ:USDJPY,2018-12-19T05:17:00+01:00,112.287,112.288,112.284,112.284,39
SQ:USDJPY,2018-12-19T05:18:00+01:00,112.285,112.287,112.284,112.287,25
SQ:USDJPY,2018-12-19T05:19:00+01:00,112.288,112.302,112.287,112.298,62
SQ:USDJPY,2018-12-19T05:20:00+01:00,112.297,112.297,112.281,112.293,73
SQ:USDJPY,2018-12-19T05:21:00+01:00,112.293,112.303,112.293,112.298,79
SQ:USDJPY,2018-12-19T05:22:00+01:00,112.298,112.299,112.291,112.292,38
SQ:USDJPY,2018-12-19T05:23:00+01:00,112.293,112.304,112.292,112.302,56
SQ:USDJPY,2018-12-19T05:24:00+01:00,112.303,112.303,112.297,112.297,36
SQ:USDJPY,2018-12-19T05:25:00+01:00,112.296,112.312,112.296,112.311,47
SQ:USDJPY,2018-12-19T05:26:00+01:00,112.312,112.321,112.309,112.321,77
SQ:USDJPY,2018-12-19T05:27:00+01:00,112.320,112.324,112.320,112.323,32
SQ:USDJPY,2018-12-19T05:28:00+01:00,112.323,112.330,112.316,112.317,43
SQ:USDJPY,2018-12-19T05:29:00+01:00,112.318,112.320,112.309,112.311,41
SQ:USDJPY,2018-12-19T05:30:00+01:00,112.311,112.315,112.298,112.311,73
SQ:USDJPY,2018-12-19T05:31:00+01:00,112.311,112.314,112.305,112.313,81
SQ:USDJPY,2018-12-19T05:32:00+01:00,112.313,112.314,112.308,112.309,58
SQ:USDJPY,2018-12-19T05:33:00+01:00,112.308,112.314,112.303,112.309,82
SQ:USDJPY,2018-12-19T05:34:00+01:00,112.312,112.313,112.300,112.301,70
SQ:USDJPY,2018-12-19T05:35:00+01:00,112.302,112.302,112.293,112.294,29
SQ:USDJPY,2018-12-19T05:36:00+01:00,112.295,112.296,112.287,112.287,45
SQ:USDJPY,2018-12-19T05:37:00+01:00,112.287,112.299,112.287,112.289,56
SQ:USDJPY,2018-12-19T05:38:00+01:00,112.289,112.290,112.280,112.280,68
SQ:USDJPY,2018-12-19T05:39:00+01:00,112.281,112.281,112.272,112.272,33
SQ:USDJPY,2018-12-19T05:40:00+01:00,112.273,112.275,112.271,112.273,39
SQ:USDJPY,2018-12-19T05:41:00+01:00,112.273,112.275,112.272,112.272,28
SQ:USDJPY,2018-12-19T05:42:00+01:00,112.272,112.284,112.272,112.284,45
SQ:USDJPY,2018-12-19T05:43:00+01:00,112.284,112.285,112.282,112.285,26
SQ:USDJPY,2018-12-19T05:44:00+01:00,112.284,112.290,112.284,112.289,40
SQ:USDJPY,2018-12-19T05:45:00+01:00,112.290,112.300,112.286,112.290,81
SQ:USDJPY,2018-12-19T05:46:00+01:00,112.289,112.289,112.283,112.284,23
SQ:USDJPY,2018-12-19T05:47:00+01:00,112.284,112.285,112.279,112.279,59
SQ:USDJPY,2018-12-19T05:48:00+01:00,112.279,112.279,112.260,112.261,95
SQ:USDJPY,2018-12-19T05:49:00+01:00,112.260,112.265,112.245,112.248,125
SQ:USDJPY,2018-12-19T05:50:00+01:00,112.252,112.280,112.251,112.279,111
SQ:USDJPY,2018-12-19T05:51:00+01:00,112.279,112.286,112.279,112.286,32
SQ:USDJPY,2018-12-19T05:52:00+01:00,112.286,112.287,112.258,112.258,107
SQ:USDJPY,2018-12-19T05:53:00+01:00,112.258,112.274,112.256,112.266,62
SQ:USDJPY,2018-12-19T05:54:00+01:00,112.267,112.272,112.261,112.265,67
SQ:USDJPY,2018-12-19T05:55:00+01:00,112.265,112.265,112.242,112.252,99
SQ:USDJPY,2018-12-19T05:56:00+01:00,112.253,112.273,112.252,112.270,67
SQ:USDJPY,2018-12-19T05:57:00+01:00,112.270,112.294,112.270,112.280,96
SQ:USDJPY,2018-12-19T05:58:00+01:00,112.280,112.290,112.272,112.283,103
SQ:USDJPY,2018-12-19T05:59:00+01:00,112.284,112.285,112.275,112.278,77
SQ:USDJPY,2018-12-19T06:00:00+01:00,112.279,112.280,112.255,112.278,105
SQ:USDJPY,2018-12-19T06:01:00+01:00,112.278,112.290,112.278,112.282,83
SQ:USDJPY,2018-12-19T06:02:00+01:00,112.284,112.286,112.283,112.283,31
SQ:USDJPY,2018-12-19T06:03:00+01:00,112.283,112.292,112.280,112.285,57
SQ:USDJPY,2018-12-19T06:04:00+01:00,112.279,112.282,112.273,112.281,54
SQ:USDJPY,2018-12-19T06:05:00+01:00,112.282,112.312,112.281,112.307,170
SQ:USDJPY,2018-12-19T06:06:00+01:00,112.308,112.308,112.294,112.298,88
SQ:USDJPY,2018-12-19T06:07:00+01:00,112.296,112.303,112.295,112.302,64
SQ:USDJPY,2018-12-19T06:08:00+01:00,112.302,112.313,112.302,112.313,33
SQ:USDJPY,2018-12-19T06:09:00+01:00,112.314,112.315,112.308,112.312,54
SQ:USDJPY,2018-12-19T06:10:00+01:00,112.312,112.314,112.309,112.312,46
SQ:USDJPY,2018-12-19T06:11:00+01:00,112.313,112.314,112.303,112.304,35
SQ:USDJPY,2018-12-19T06:12:00+01:00,112.304,112.305,112.299,112.299,21
SQ:USDJPY,2018-12-19T06:13:00+01:00,112.299,112.299,112.288,112.289,43
SQ:USDJPY,2018-12-19T06:14:00+01:00,112.289,112.297,112.289,112.294,44
SQ:USDJPY,2018-12-19T06:15:00+01:00,112.294,112.299,112.293,112.293,31
SQ:USDJPY,2018-12-19T06:16:00+01:00,112.293,112.305,112.293,112.302,74
SQ:USDJPY,2018-12-19T06:17:00+01:00,112.302,112.303,112.299,112.300,62
SQ:USDJPY,2018-12-19T06:18:00+01:00,112.299,112.312,112.299,112.305,126
SQ:USDJPY,2018-12-19T06:19:00+01:00,112.305,112.309,112.300,112.301,100
SQ:USDJPY,2018-12-19T06:20:00+01:00,112.300,112.307,112.300,112.302,70
SQ:USDJPY,2018-12-19T06:21:00+01:00,112.303,112.305,112.302,112.305,40
SQ:USDJPY,2018-12-19T06:22:00+01:00,112.307,112.312,112.306,112.307,35
SQ:USDJPY,2018-12-19T06:23:00+01:00,112.307,112.313,112.307,112.312,28
SQ:USDJPY,2018-12-19T06:24:00+01:00,112.312,112.316,112.311,112.312,48
SQ:USDJPY,2018-12-19T06:25:00+01:00,112.313,112.313,112.311,112.311,17
SQ:USDJPY,2018-12-19T06:26:00+01:00,112.312,112.313,112.310,112.311,29
SQ:USDJPY,2018-12-19T06:27:00+01:00,112.311,112.317,112.311,112.312,19
SQ:USDJPY,2018-12-19T06:28:00+01:00,112.313,112.324,112.313,112.323,31
SQ:USDJPY,2018-12-19T06:29:00+01:00,112.323,112.325,112.320,112.323,31
SQ:USDJPY,2018-12-19T06:30:00+01:00,112.322,112.323,112.317,112.317,24
SQ:USDJPY,2018-12-19T06:31:00+01:00,112.319,112.328,112.317,112.317,32
SQ:USDJPY,2018-12-19T06:32:00+01:00,112.317,112.339,112.315,112.339,81
SQ:USDJPY,2018-12-19T06:33:00+01:00,112.339,112.343,112.328,112.340,94
SQ:USDJPY,2018-12-19T06:34:00+01:00,112.341,112.341,112.336,112.338,27
SQ:USDJPY,2018-12-19T06:35:00+01:00,112.337,112.338,112.326,112.327,56
SQ:USDJPY,2018-12-19T06:36:00+01:00,112.324,112.328,112.322,112.326,45
SQ:USDJPY,2018-12-19T06:37:00+01:00,112.326,112.340,112.321,112.337,83
SQ:USDJPY,2018-12-19T06:38:00+01:00,112.336,112.362,112.336,112.361,99
SQ:USDJPY,2018-12-19T06:39:00+01:00,112.362,112.362,112.341,112.341,51
SQ:USDJPY,2018-12-19T06:40:00+01:00,112.337,112.352,112.337,112.350,84
SQ:USDJPY,2018-12-19T06:41:00+01:00,112.349,112.357,112.349,112.355,35
SQ:USDJPY,2018-12-19T06:42:00+01:00,112.355,112.357,112.347,112.356,68
SQ:USDJPY,2018-12-19T06:43:00+01:00,112.355,112.357,112.343,112.351,73
SQ:USDJPY,2018-12-19T06:44:00+01:00,112.352,112.355,112.351,112.352,27
SQ:USDJPY,2018-12-19T06:45:00+01:00,112.353,112.355,112.351,112.352,41
SQ:USDJPY,2018-12-19T06:46:00+01:00,112.353,112.355,112.351,112.353,31
SQ:USDJPY,2018-12-19T06:47:00+01:00,112.352,112.353,112.347,112.348,86
SQ:USDJPY,2018-12-19T06:48:00+01:00,112.348,112.350,112.346,112.349,84
SQ:USDJPY,2018-12-19T06:49:00+01:00,112.348,112.352,112.344,112.347,50
SQ:USDJPY,2018-12-19T06:50:00+01:00,112.347,112.365,112.346,112.355,102
SQ:USDJPY,2018-12-19T06:51:00+01:00,112.354,112.355,112.351,112.353,94
SQ:USDJPY,2018-12-19T06:52:00+01:00,112.353,112.358,112.348,112.357,94
SQ:USDJPY,2018-12-19T06:53:00+01:00,112.357,112.365,112.356,112.360,51
SQ:USDJPY,2018-12-19T06:54:00+01:00,112.360,112.363,112.358,112.359,81
SQ:USDJPY,2018-12-19T06:55:00+01:00,112.360,112.360,112.350,112.356,59
SQ:USDJPY,2018-12-19T06:56:00+01:00,112.357,112.357,112.342,112.342,76
SQ:USDJPY,2018-12-19T06:57:00+01:00,112.342,112.348,112.342,112.348,50
SQ:USDJPY,2018-12-19T06:58:00+01:00,112.347,112.347,112.342,112.345,80
SQ:USDJPY,2018-12-19T06:59:00+01:00,112.346,112.346,112.339,112.345,41
SQ:USDJPY,2018-12-19T07:00:00+01:00,112.345,112.352,112.344,112.347,87
SQ:USDJPY,2018-12-19T07:01:00+01:00,112.348,112.351,112.343,112.347,81
SQ:USDJPY,2018-12-19T07:02:00+01:00,112.348,112.354,112.344,112.349,43
SQ:USDJPY,2018-12-19T07:03:00+01:00,112.347,112.365,112.343,112.365,71
SQ:USDJPY,2018-12-19T07:04:00+01:00,112.366,112.377,112.364,112.375,58
SQ:USDJPY,2018-12-19T07:05:00+01:00,112.376,112.381,112.376,112.380,55
SQ:USDJPY,2018-12-19T07:06:00+01:00,112.378,112.386,112.376,112.386,56
SQ:USDJPY,2018-12-19T07:07:00+01:00,112.385,112.385,112.373,112.374,55
SQ:USDJPY,2018-12-19T07:08:00+01:00,112.373,112.385,112.373,112.381,89
SQ:USDJPY,2018-12-19T07:09:00+01:00,112.381,112.385,112.375,112.382,109
SQ:USDJPY,2018-12-19T07:10:00+01:00,112.382,112.386,112.377,112.377,67
SQ:USDJPY,2018-12-19T07:11:00+01:00,112.378,112.382,112.374,112.374,103
SQ:USDJPY,2018-12-19T07:12:00+01:00,112.375,112.379,112.375,112.377,52
SQ:USDJPY,2018-12-19T07:13:00+01:00,112.373,112.377,112.373,112.376,51
SQ:USDJPY,2018-12-19T07:14:00+01:00,112.377,112.377,112.372,112.375,66
SQ:USDJPY,2018-12-19T07:15:00+01:00,112.374,112.374,112.367,112.368,73
SQ:USDJPY,2018-12-19T07:16:00+01:00,112.367,112.372,112.367,112.369,58
SQ:USDJPY,2018-12-19T07:17:00+01:00,112.370,112.370,112.359,112.361,57
SQ:USDJPY,2018-12-19T07:18:00+01:00,112.361,112.380,112.361,112.380,57
SQ:USDJPY,2018-12-19T07:19:00+01:00,112.379,112.380,112.371,112.373,31
SQ:USDJPY,2018-12-19T07:20:00+01:00,112.372,112.384,112.369,112.381,90
SQ:USDJPY,2018-12-19T07:21:00+01:00,112.380,112.385,112.378,112.382,99
SQ:USDJPY,2018-12-19T07:22:00+01:00,112.382,112.389,112.379,112.385,32
SQ:USDJPY,2018-12-19T07:23:00+01:00,112.387,112.387,112.381,112.383,41
SQ:USDJPY,2018-12-19T07:24:00+01:00,112.382,112.386,112.378,112.385,45
SQ:USDJPY,2018-12-19T07:25:00+01:00,112.385,112.385,112.373,112.383,47
SQ:USDJPY,2018-12-19T07:26:00+01:00,112.384,112.387,112.383,112.387,90
SQ:USDJPY,2018-12-19T07:27:00+01:00,112.386,112.386,112.381,112.381,51
SQ:USDJPY,2018-12-19T07:28:00+01:00,112.381,112.381,112.377,112.380,35
SQ:USDJPY,2018-12-19T07:29:00+01:00,112.379,112.381,112.378,112.379,31
SQ:USDJPY,2018-12-19T07:30:00+01:00,112.380,112.381,112.366,112.366,70
SQ:USDJPY,2018-12-19T07:31:00+01:00,112.367,112.372,112.366,112.368,92
SQ:USDJPY,2018-12-19T07:32:00+01:00,112.367,112.372,112.366,112.367,33
SQ:USDJPY,2018-12-19T07:33:00+01:00,112.366,112.372,112.366,112.371,32
SQ:USDJPY,2018-12-19T07:34:00+01:00,112.372,112.372,112.366,112.366,36
SQ:USDJPY,2018-12-19T07:35:00+01:00,112.366,112.369,112.365,112.367,23
SQ:USDJPY,2018-12-19T07:36:00+01:00,112.367,112.368,112.365,112.367,9
SQ:USDJPY,2018-12-19T07:37:00+01:00,112.366,112.367,112.361,112.362,21
SQ:USDJPY,2018-12-19T07:38:00+01:00,112.363,112.363,112.363,112.363,2
SQ:USDJPY,2018-12-19T07:39:00+01:00,112.363,112.366,112.360,112.363,26
SQ:USDJPY,2018-12-19T07:40:00+01:00,112.363,112.365,112.361,112.363,31
SQ:USDJPY,2018-12-19T07:41:00+01:00,112.365,112.365,112.353,112.353,103
SQ:USDJPY,2018-12-19T07:42:00+01:00,112.352,112.353,112.348,112.350,61
SQ:USDJPY,2018-12-19T07:43:00+01:00,112.348,112.350,112.339,112.340,42
SQ:USDJPY,2018-12-19T07:44:00+01:00,112.340,112.340,112.330,112.334,50
SQ:USDJPY,2018-12-19T07:45:00+01:00,112.335,112.353,112.334,112.353,39
SQ:USDJPY,2018-12-19T07:46:00+01:00,112.353,112.355,112.352,112.354,23
SQ:USDJPY,2018-12-19T07:47:00+01:00,112.354,112.357,112.350,112.351,52
SQ:USDJPY,2018-12-19T07:48:00+01:00,112.350,112.352,112.350,112.350,38
SQ:USDJPY,2018-12-19T07:49:00+01:00,112.349,112.349,112.342,112.342,27
SQ:USDJPY,2018-12-19T07:50:00+01:00,112.342,112.343,112.341,112.342,12
SQ:USDJPY,2018-12-19T07:51:00+01:00,112.342,112.342,112.337,112.338,29
SQ:USDJPY,2018-12-19T07:52:00+01:00,112.339,112.339,112.337,112.338,19
SQ:USDJPY,2018-12-19T07:53:00+01:00,112.337,112.341,112.337,112.339,21
SQ:USDJPY,2018-12-19T07:54:00+01:00,112.339,112.341,112.338,112.339,37
SQ:USDJPY,2018-12-19T07:55:00+01:00,112.340,112.342,112.339,112.339,58
SQ:USDJPY,2018-12-19T07:56:00+01:00,112.339,112.342,112.337,112.339,40
SQ:USDJPY,2018-12-19T07:57:00+01:00,112.339,112.343,112.337,112.343,51
SQ:USDJPY,2018-12-19T07:58:00+01:00,112.343,112.360,112.340,112.360,65
SQ:USDJPY,2018-12-19T07:59:00+01:00,112.360,112.364,112.358,112.364,73
SQ:USDJPY,2018-12-19T08:00:00+01:00,112.365,112.389,112.362,112.387,126
SQ:USDJPY,2018-12-19T08:01:00+01:00,112.388,112.399,112.387,112.399,142
SQ:USDJPY,2018-12-19T08:02:00+01:00,112.398,112.400,112.391,112.392,82
SQ:USDJPY,2018-12-19T08:03:00+01:00,112.393,112.397,112.375,112.379,45
SQ:USDJPY,2018-12-19T08:04:00+01:00,112.380,112.380,112.373,112.376,49
SQ:USDJPY,2018-12-19T08:05:00+01:00,112.378,112.392,112.376,112.391,90
SQ:USDJPY,2018-12-19T08:06:00+01:00,112.392,112.396,112.382,112.382,44
SQ:USDJPY,2018-12-19T08:07:00+01:00,112.382,112.383,112.371,112.379,82
SQ:USDJPY,2018-12-19T08:08:00+01:00,112.379,112.387,112.376,112.387,64
SQ:USDJPY,2018-12-19T08:09:00+01:00,112.387,112.390,112.383,112.383,95
SQ:USDJPY,2018-12-19T08:10:00+01:00,112.384,112.385,112.375,112.376,59
SQ:USDJPY,2018-12-19T08:11:00+01:00,112.376,112.381,112.371,112.371,86
SQ:USDJPY,2018-12-19T08:12:00+01:00,112.372,112.376,112.371,112.373,43
SQ:USDJPY,2018-12-19T08:13:00+01:00,112.373,112.376,112.373,112.374,33
SQ:USDJPY,2018-12-19T08:14:00+01:00,112.375,112.383,112.375,112.382,118
SQ:USDJPY,2018-12-19T08:15:00+01:00,112.382,112.382,112.368,112.375,104
SQ:USDJPY,2018-12-19T08:16:00+01:00,112.374,112.414,112.373,112.403,131
SQ:USDJPY,2018-12-19T08:17:00+01:00,112.404,112.411,112.402,112.404,74
SQ:USDJPY,2018-12-19T08:18:00+01:00,112.404,112.405,112.392,112.396,125
SQ:USDJPY,2018-12-19T08:19:00+01:00,112.397,112.406,112.384,112.395,167
SQ:USDJPY,2018-12-19T08:20:00+01:00,112.395,112.398,112.395,112.396,59
SQ:USDJPY,2018-12-19T08:21:00+01:00,112.397,112.398,112.391,112.391,53
SQ:USDJPY,2018-12-19T08:22:00+01:00,112.390,112.391,112.373,112.376,70
SQ:USDJPY,2018-12-19T08:23:00+01:00,112.377,112.395,112.376,112.395,85
SQ:USDJPY,2018-12-19T08:24:00+01:00,112.394,112.396,112.390,112.390,45
SQ:USDJPY,2018-12-19T08:25:00+01:00,112.392,112.392,112.379,112.380,31
SQ:USDJPY,2018-12-19T08:26:00+01:00,112.381,112.397,112.381,112.390,136
SQ:USDJPY,2018-12-19T08:27:00+01:00,112.390,112.395,112.387,112.387,81
SQ:USDJPY,2018-12-19T08:28:00+01:00,112.388,112.393,112.382,112.389,53
SQ:USDJPY,2018-12-19T08:29:00+01:00,112.390,112.403,112.389,112.396,76
SQ:USDJPY,2018-12-19T08:30:00+01:00,112.396,112.399,112.391,112.394,55
SQ:USDJPY,2018-12-19T08:31:00+01:00,112.396,112.408,112.395,112.407,99
SQ:USDJPY,2018-12-19T08:32:00+01:00,112.408,112.413,112.404,112.407,132
SQ:USDJPY,2018-12-19T08:33:00+01:00,112.406,112.410,112.399,112.409,136
SQ:USDJPY,2018-12-19T08:34:00+01:00,112.408,112.412,112.406,112.409,88
SQ:USDJPY,2018-12-19T08:35:00+01:00,112.408,112.410,112.401,112.404,67
SQ:USDJPY,2018-12-19T08:36:00+01:00,112.405,112.412,112.404,112.409,102
SQ:USDJPY,2018-12-19T08:37:00+01:00,112.409,112.432,112.409,112.421,134
SQ:USDJPY,2018-12-19T08:38:00+01:00,112.421,112.429,112.418,112.425,151
SQ:USDJPY,2018-12-19T08:39:00+01:00,112.423,112.426,112.417,112.418,79
SQ:USDJPY,2018-12-19T08:40:00+01:00,112.417,112.418,112.386,112.387,126
SQ:USDJPY,2018-12-19T08:41:00+01:00,112.389,112.412,112.385,112.410,153
SQ:USDJPY,2018-12-19T08:42:00+01:00,112.411,112.411,112.386,112.387,132
SQ:USDJPY,2018-12-19T08:43:00+01:00,112.388,112.394,112.385,112.391,116
SQ:USDJPY,2018-12-19T08:44:00+01:00,112.391,112.406,112.391,112.404,75
SQ:USDJPY,2018-12-19T08:45:00+01:00,112.404,112.407,112.392,112.393,95
SQ:USDJPY,2018-12-19T08:46:00+01:00,112.394,112.402,112.393,112.393,63
SQ:USDJPY,2018-12-19T08:47:00+01:00,112.392,112.396,112.392,112.393,27
SQ:USDJPY,2018-12-19T08:48:00+01:00,112.392,112.394,112.372,112.375,73
SQ:USDJPY,2018-12-19T08:49:00+01:00,112.376,112.399,112.376,112.398,111
SQ:USDJPY,2018-12-19T08:50:00+01:00,112.397,112.403,112.385,112.395,161
SQ:USDJPY,2018-12-19T08:51:00+01:00,112.396,112.405,112.388,112.397,123
SQ:USDJPY,2018-12-19T08:52:00+01:00,112.398,112.406,112.394,112.397,118
SQ:USDJPY,2018-12-19T08:53:00+01:00,112.397,112.400,112.387,112.387,73
SQ:USDJPY,2018-12-19T08:54:00+01:00,112.387,112.399,112.382,112.398,105
SQ:USDJPY,2018-12-19T08:55:00+01:00,112.398,112.401,112.389,112.391,139
SQ:USDJPY,2018-12-19T08:56:00+01:00,112.392,112.396,112.386,112.393,76
SQ:USDJPY,2018-12-19T08:57:00+01:00,112.392,112.397,112.385,112.388,83
SQ:USDJPY,2018-12-19T08:58:00+01:00,112.388,112.398,112.382,112.394,106
SQ:USDJPY,2018-12-19T08:59:00+01:00,112.393,112.399,112.392,112.398,89
SQ:USDJPY,2018-12-19T09:00:00+01:00,112.398,112.400,112.379,112.393,168
SQ:USDJPY,2018-12-19T09:01:00+01:00,112.395,112.407,112.393,112.405,255
SQ:USDJPY,2018-12-19T09:02:00+01:00,112.408,112.410,112.398,112.401,168
SQ:USDJPY,2018-12-19T09:03:00+01:00,112.400,112.400,112.387,112.392,165
SQ:USDJPY,2018-12-19T09:04:00+01:00,112.392,112.399,112.387,112.394,135
SQ:USDJPY,2018-12-19T09:05:00+01:00,112.393,112.393,112.373,112.392,134
SQ:USDJPY,2018-12-19T09:06:00+01:00,112.393,112.394,112.387,112.392,129
SQ:USDJPY,2018-12-19T09:07:00+01:00,112.392,112.395,112.376,112.381,148
SQ:USDJPY,2018-12-19T09:08:00+01:00,112.380,112.400,112.380,112.391,176
SQ:USDJPY,2018-12-19T09:09:00+01:00,112.392,112.395,112.381,112.384,141
SQ:USDJPY,2018-12-19T09:10:00+01:00,112.383,112.385,112.369,112.375,172
SQ:USDJPY,2018-12-19T09:11:00+01:00,112.374,112.375,112.370,112.374,97
SQ:USDJPY,2018-12-19T09:12:00+01:00,112.374,112.378,112.365,112.377,126
SQ:USDJPY,2018-12-19T09:13:00+01:00,112.375,112.378,112.363,112.367,155
SQ:USDJPY,2018-12-19T09:14:00+01:00,112.367,112.383,112.365,112.371,115
SQ:USDJPY,2018-12-19T09:15:00+01:00,112.371,112.379,112.368,112.373,124
SQ:USDJPY,2018-12-19T09:16:00+01:00,112.373,112.379,112.366,112.367,129
SQ:USDJPY,2018-12-19T09:17:00+01:00,112.366,112.368,112.354,112.366,152
SQ:USDJPY,2018-12-19T09:18:00+01:00,112.367,112.367,112.356,112.360,138
SQ:USDJPY,2018-12-19T09:19:00+01:00,112.360,112.371,112.360,112.368,150
SQ:USDJPY,2018-12-19T09:20:00+01:00,112.369,112.373,112.359,112.359,111
SQ:USDJPY,2018-12-19T09:21:00+01:00,112.359,112.372,112.354,112.367,123
SQ:USDJPY,2018-12-19T09:22:00+01:00,112.368,112.386,112.368,112.380,104
SQ:USDJPY,2018-12-19T09:23:00+01:00,112.380,112.380,112.372,112.378,67
SQ:USDJPY,2018-12-19T09:24:00+01:00,112.377,112.383,112.372,112.379,107
SQ:USDJPY,2018-12-19T09:25:00+01:00,112.379,112.379,112.374,112.377,84
SQ:USDJPY,2018-12-19T09:26:00+01:00,112.378,112.379,112.372,112.377,79
SQ:USDJPY,2018-12-19T09:27:00+01:00,112.377,112.379,112.366,112.373,100
SQ:USDJPY,2018-12-19T09:28:00+01:00,112.374,112.381,112.361,112.361,128
SQ:USDJPY,2018-12-19T09:29:00+01:00,112.364,112.367,112.353,112.353,87
SQ:USDJPY,2018-12-19T09:30:00+01:00,112.353,112.354,112.338,112.348,108
SQ:USDJPY,2018-12-19T09:31:00+01:00,112.348,112.348,112.342,112.344,77
SQ:USDJPY,2018-12-19T09:32:00+01:00,112.344,112.353,112.343,112.348,128
SQ:USDJPY,2018-12-19T09:33:00+01:00,112.348,112.353,112.344,112.346,134
SQ:USDJPY,2018-12-19T09:34:00+01:00,112.344,112.353,112.344,112.350,143
SQ:USDJPY,2018-12-19T09:35:00+01:00,112.350,112.353,112.329,112.330,102
SQ:USDJPY,2018-12-19T09:36:00+01:00,112.331,112.346,112.331,112.342,108
SQ:USDJPY,2018-12-19T09:37:00+01:00,112.342,112.344,112.337,112.340,83
SQ:USDJPY,2018-12-19T09:38:00+01:00,112.340,112.345,112.339,112.342,86
SQ:USDJPY,2018-12-19T09:39:00+01:00,112.343,112.350,112.338,112.347,65
SQ:USDJPY,2018-12-19T09:40:00+01:00,112.349,112.350,112.343,112.349,73
SQ:USDJPY,2018-12-19T09:41:00+01:00,112.350,112.355,112.333,112.335,116
SQ:USDJPY,2018-12-19T09:42:00+01:00,112.336,112.336,112.323,112.329,102
SQ:USDJPY,2018-12-19T09:43:00+01:00,112.329,112.355,112.329,112.353,86
SQ:USDJPY,2018-12-19T09:44:00+01:00,112.352,112.355,112.350,112.352,96
SQ:USDJPY,2018-12-19T09:45:00+01:00,112.352,112.359,112.348,112.358,105
SQ:USDJPY,2018-12-19T09:46:00+01:00,112.356,112.360,112.354,112.354,53
SQ:USDJPY,2018-12-19T09:47:00+01:00,112.355,112.355,112.348,112.350,31
SQ:USDJPY,2018-12-19T09:48:00+01:00,112.350,112.351,112.348,112.350,84
SQ:USDJPY,2018-12-19T09:49:00+01:00,112.351,112.351,112.350,112.351,50
SQ:USDJPY,2018-12-19T09:50:00+01:00,112.350,112.361,112.350,112.357,91
SQ:USDJPY,2018-12-19T09:51:00+01:00,112.356,112.366,112.356,112.361,114
SQ:USDJPY,2018-12-19T09:52:00+01:00,112.360,112.362,112.354,112.362,47
SQ:USDJPY,2018-12-19T09:53:00+01:00,112.363,112.365,112.363,112.365,13
SQ:USDJPY,2018-12-19T09:54:00+01:00,112.364,112.369,112.364,112.369,73
SQ:USDJPY,2018-12-19T09:55:00+01:00,112.369,112.369,112.354,112.367,87
SQ:USDJPY,2018-12-19T09:56:00+01:00,112.368,112.368,112.362,112.363,126
SQ:USDJPY,2018-12-19T09:57:00+01:00,112.362,112.362,112.354,112.354,91
SQ:USDJPY,2018-12-19T09:58:00+01:00,112.354,112.355,112.345,112.351,103
SQ:USDJPY,2018-12-19T09:59:00+01:00,112.350,112.361,112.349,112.355,82
SQ:USDJPY,2018-12-19T10:00:00+01:00,112.355,112.368,112.354,112.361,92
SQ:USDJPY,2018-12-19T10:01:00+01:00,112.361,112.372,112.360,112.367,104
SQ:USDJPY,2018-12-19T10:02:00+01:00,112.367,112.373,112.366,112.366,91
SQ:USDJPY,2018-12-19T10:03:00+01:00,112.366,112.366,112.348,112.356,122
SQ:USDJPY,2018-12-19T10:04:00+01:00,112.355,112.361,112.354,112.355,90
SQ:USDJPY,2018-12-19T10:05:00+01:00,112.354,112.359,112.343,112.353,75
SQ:USDJPY,2018-12-19T10:06:00+01:00,112.354,112.354,112.347,112.348,91
SQ:USDJPY,2018-12-19T10:07:00+01:00,112.349,112.349,112.340,112.340,86
SQ:USDJPY,2018-12-19T10:08:00+01:00,112.341,112.341,112.334,112.339,42
SQ:USDJPY,2018-12-19T10:09:00+01:00,112.340,112.342,112.327,112.333,79
SQ:USDJPY,2018-12-19T10:10:00+01:00,112.335,112.340,112.333,112.339,79
SQ:USDJPY,2018-12-19T10:11:00+01:00,112.338,112.340,112.336,112.336,52
SQ:USDJPY,2018-12-19T10:12:00+01:00,112.336,112.339,112.321,112.339,80
SQ:USDJPY,2018-12-19T10:13:00+01:00,112.339,112.340,112.334,112.335,77
SQ:USDJPY,2018-12-19T10:14:00+01:00,112.336,112.340,112.334,112.339,49
SQ:USDJPY,2018-12-19T10:15:00+01:00,112.339,112.344,112.339,112.343,84
SQ:USDJPY,2018-12-19T10:16:00+01:00,112.342,112.356,112.342,112.353,86
SQ:USDJPY,2018-12-19T10:17:00+01:00,112.352,112.360,112.349,112.354,85
SQ:USDJPY,2018-12-19T10:18:00+01:00,112.354,112.359,112.353,112.355,59
SQ:USDJPY,2018-12-19T10:19:00+01:00,112.356,112.362,112.355,112.359,51
SQ:USDJPY,2018-12-19T10:20:00+01:00,112.359,112.360,112.353,112.353,53
SQ:USDJPY,2018-12-19T10:21:00+01:00,112.353,112.359,112.352,112.358,35
SQ:USDJPY,2018-12-19T10:22:00+01:00,112.358,112.359,112.357,112.358,44
SQ:USDJPY,2018-12-19T10:23:00+01:00,112.359,112.367,112.357,112.366,62
SQ:USDJPY,2018-12-19T10:24:00+01:00,112.368,112.371,112.337,112.344,82
SQ:USDJPY,2018-12-19T10:25:00+01:00,112.344,112.357,112.339,112.346,88
SQ:USDJPY,2018-12-19T10:26:00+01:00,112.346,112.358,112.346,112.357,77
SQ:USDJPY,2018-12-19T10:27:00+01:00,112.358,112.358,112.352,112.352,58
SQ:USDJPY,2018-12-19T10:28:00+01:00,112.353,112.353,112.352,112.353,28
SQ:USDJPY,2018-12-19T10:29:00+01:00,112.353,112.353,112.333,112.334,64
SQ:USDJPY,2018-12-19T10:30:00+01:00,112.332,112.341,112.328,112.340,68
SQ:USDJPY,2018-12-19T10:31:00+01:00,112.339,112.339,112.334,112.338,49
SQ:USDJPY,2018-12-19T10:32:00+01:00,112.339,112.340,112.334,112.335,52
SQ:USDJPY,2018-12-19T10:33:00+01:00,112.335,112.337,112.318,112.323,81
SQ:USDJPY,2018-12-19T10:34:00+01:00,112.322,112.323,112.288,112.301,133
SQ:USDJPY,2018-12-19T10:35:00+01:00,112.301,112.303,112.265,112.279,108
SQ:USDJPY,2018-12-19T10:36:00+01:00,112.282,112.289,112.282,112.288,32
SQ:USDJPY,2018-12-19T10:37:00+01:00,112.289,112.296,112.288,112.293,71
SQ:USDJPY,2018-12-19T10:38:00+01:00,112.293,112.305,112.292,112.298,91
SQ:USDJPY,2018-12-19T10:39:00+01:00,112.299,112.304,112.299,112.304,47
SQ:USDJPY,2018-12-19T10:40:00+01:00,112.303,112.306,112.302,112.305,62
SQ:USDJPY,2018-12-19T10:41:00+01:00,112.305,112.312,112.305,112.312,36
SQ:USDJPY,2018-12-19T10:42:00+01:00,112.312,112.314,112.301,112.302,77
SQ:USDJPY,2018-12-19T10:43:00+01:00,112.303,112.316,112.302,112.307,99
SQ:USDJPY,2018-12-19T10:44:00+01:00,112.308,112.308,112.303,112.306,70
SQ:USDJPY,2018-12-19T10:45:00+01:00,112.304,112.308,112.298,112.300,82
SQ:USDJPY,2018-12-19T10:46:00+01:00,112.300,112.319,112.300,112.318,49
SQ:USDJPY,2018-12-19T10:47:00+01:00,112.320,112.323,112.320,112.323,15
SQ:USDJPY,2018-12-19T10:48:00+01:00,112.322,112.333,112.312,112.315,64
SQ:USDJPY,2018-12-19T10:49:00+01:00,112.314,112.320,112.309,112.317,111
SQ:USDJPY,2018-12-19T10:50:00+01:00,112.318,112.324,112.309,112.317,144
SQ:USDJPY,2018-12-19T10:51:00+01:00,112.316,112.323,112.314,112.318,63
SQ:USDJPY,2018-12-19T10:52:00+01:00,112.318,112.322,112.313,112.322,87
SQ:USDJPY,2018-12-19T10:53:00+01:00,112.323,112.334,112.316,112.328,104
SQ:USDJPY,2018-12-19T10:54:00+01:00,112.329,112.335,112.327,112.329,111
SQ:USDJPY,2018-12-19T10:55:00+01:00,112.329,112.340,112.322,112.340,99
SQ:USDJPY,2018-12-19T10:56:00+01:00,112.339,112.353,112.334,112.347,93
SQ:USDJPY,2018-12-19T10:57:00+01:00,112.346,112.348,112.343,112.343,61
SQ:USDJPY,2018-12-19T10:58:00+01:00,112.343,112.345,112.342,112.343,17
SQ:USDJPY,2018-12-19T10:59:00+01:00,112.343,112.349,112.343,112.348,56
SQ:USDJPY,2018-12-19T11:00:00+01:00,112.347,112.355,112.344,112.353,93
SQ:USDJPY,2018-12-19T11:01:00+01:00,112.353,112.369,112.352,112.367,97
SQ:USDJPY,2018-12-19T11:02:00+01:00,112.366,112.379,112.366,112.373,35
SQ:USDJPY,2018-12-19T11:03:00+01:00,112.372,112.388,112.372,112.385,82
SQ:USDJPY,2018-12-19T11:04:00+01:00,112.387,112.388,112.378,112.379,91
SQ:USDJPY,2018-12-19T11:05:00+01:00,112.379,112.380,112.377,112.379,40
SQ:USDJPY,2018-12-19T11:06:00+01:00,112.380,112.387,112.377,112.380,116
SQ:USDJPY,2018-12-19T11:07:00+01:00,112.379,112.384,112.378,112.378,60
SQ:USDJPY,2018-12-19T11:08:00+01:00,112.378,112.386,112.377,112.384,50
SQ:USDJPY,2018-12-19T11:09:00+01:00,112.383,112.383,112.378,112.378,14
SQ:USDJPY,2018-12-19T11:10:00+01:00,112.377,112.385,112.377,112.384,31
SQ:USDJPY,2018-12-19T11:11:00+01:00,112.384,112.385,112.382,112.384,28
SQ:USDJPY,2018-12-19T11:12:00+01:00,112.383,112.384,112.378,112.378,34
SQ:USDJPY,2018-12-19T11:13:00+01:00,112.378,112.378,112.371,112.373,41
SQ:USDJPY,2018-12-19T11:14:00+01:00,112.372,112.373,112.371,112.373,47
SQ:USDJPY,2018-12-19T11:15:00+01:00,112.374,112.380,112.374,112.377,47
SQ:USDJPY,2018-12-19T11:16:00+01:00,112.377,112.381,112.373,112.377,71
SQ:USDJPY,2018-12-19T11:17:00+01:00,112.377,112.378,112.365,112.365,62
SQ:USDJPY,2018-12-19T11:18:00+01:00,112.364,112.365,112.357,112.359,59
SQ:USDJPY,2018-12-19T11:19:00+01:00,112.358,112.366,112.357,112.365,95
SQ:USDJPY,2018-12-19T11:20:00+01:00,112.364,112.364,112.357,112.358,64
SQ:USDJPY,2018-12-19T11:21:00+01:00,112.358,112.358,112.349,112.352,53
SQ:USDJPY,2018-12-19T11:22:00+01:00,112.353,112.354,112.351,112.352,64
SQ:USDJPY,2018-12-19T11:23:00+01:00,112.353,112.353,112.344,112.351,76
SQ:USDJPY,2018-12-19T11:24:00+01:00,112.354,112.357,112.350,112.357,76
SQ:USDJPY,2018-12-19T11:25:00+01:00,112.357,112.357,112.344,112.344,54
SQ:USDJPY,2018-12-19T11:26:00+01:00,112.344,112.345,112.338,112.342,55
SQ:USDJPY,2018-12-19T11:27:00+01:00,112.341,112.343,112.334,112.338,43
SQ:USDJPY,2018-12-19T11:28:00+01:00,112.339,112.340,112.331,112.332,72
SQ:USDJPY,2018-12-19T11:29:00+01:00,112.332,112.334,112.321,112.326,116
SQ:USDJPY,2018-12-19T11:30:00+01:00,112.326,112.339,112.326,112.338,71
SQ:USDJPY,2018-12-19T11:31:00+01:00,112.338,112.348,112.336,112.342,119
SQ:USDJPY,2018-12-19T11:32:00+01:00,112.341,112.345,112.340,112.342,46
SQ:USDJPY,2018-12-19T11:33:00+01:00,112.341,112.341,112.339,112.341,17
SQ:USDJPY,2018-12-19T11:34:00+01:00,112.341,112.343,112.320,112.321,89
SQ:USDJPY,2018-12-19T11:35:00+01:00,112.320,112.322,112.313,112.320,114
SQ:USDJPY,2018-12-19T11:36:00+01:00,112.319,112.319,112.309,112.314,78
SQ:USDJPY,2018-12-19T11:37:00+01:00,112.316,112.322,112.314,112.321,95
SQ:USDJPY,2018-12-19T11:38:00+01:00,112.321,112.321,112.314,112.315,61
SQ:USDJPY,2018-12-19T11:39:00+01:00,112.314,112.321,112.311,112.317,103
SQ:USDJPY,2018-12-19T11:40:00+01:00,112.317,112.320,112.314,112.314,41
SQ:USDJPY,2018-12-19T11:41:00+01:00,112.314,112.319,112.314,112.316,36
SQ:USDJPY,2018-12-19T11:42:00+01:00,112.318,112.318,112.315,112.317,29
SQ:USDJPY,2018-12-19T11:43:00+01:00,112.317,112.317,112.316,112.316,35
SQ:USDJPY,2018-12-19T11:44:00+01:00,112.318,112.322,112.316,112.316,35
SQ:USDJPY,2018-12-19T11:45:00+01:00,112.316,112.343,112.316,112.339,120
SQ:USDJPY,2018-12-19T11:46:00+01:00,112.339,112.349,112.336,112.347,143
SQ:USDJPY,2018-12-19T11:47:00+01:00,112.347,112.354,112.345,112.353,55
SQ:USDJPY,2018-12-19T11:48:00+01:00,112.352,112.354,112.337,112.341,94
SQ:USDJPY,2018-12-19T11:49:00+01:00,112.343,112.345,112.334,112.337,129
SQ:USDJPY,2018-12-19T11:50:00+01:00,112.339,112.347,112.338,112.342,56
SQ:USDJPY,2018-12-19T11:51:00+01:00,112.342,112.342,112.334,112.334,51
SQ:USDJPY,2018-12-19T11:52:00+01:00,112.335,112.346,112.335,112.346,81
SQ:USDJPY,2018-12-19T11:53:00+01:00,112.346,112.353,112.346,112.352,56
SQ:USDJPY,2018-12-19T11:54:00+01:00,112.351,112.359,112.351,112.353,85
SQ:USDJPY,2018-12-19T11:55:00+01:00,112.352,112.353,112.346,112.349,101
SQ:USDJPY,2018-12-19T11:56:00+01:00,112.349,112.367,112.347,112.364,71
SQ:USDJPY,2018-12-19T11:57:00+01:00,112.364,112.366,112.358,112.358,50
SQ:USDJPY,2018-12-19T11:58:00+01:00,112.358,112.365,112.358,112.363,83
SQ:USDJPY,2018-12-19T11:59:00+01:00,112.362,112.362,112.358,112.361,76
SQ:USDJPY,2018-12-19T12:00:00+01:00,112.361,112.361,112.345,112.345,67
SQ:USDJPY,2018-12-19T12:01:00+01:00,112.345,112.345,112.327,112.332,67
SQ:USDJPY,2018-12-19T12:02:00+01:00,112.332,112.333,112.318,112.318,122
SQ:USDJPY,2018-12-19T12:03:00+01:00,112.319,112.326,112.316,112.320,137
SQ:USDJPY,2018-12-19T12:04:00+01:00,112.321,112.323,112.318,112.321,69
SQ:USDJPY,2018-12-19T12:05:00+01:00,112.321,112.321,112.309,112.314,154
SQ:USDJPY,2018-12-19T12:06:00+01:00,112.314,112.318,112.313,112.314,92
SQ:USDJPY,2018-12-19T12:07:00+01:00,112.314,112.316,112.313,112.316,44
SQ:USDJPY,2018-12-19T12:08:00+01:00,112.315,112.330,112.313,112.329,63
SQ:USDJPY,2018-12-19T12:09:00+01:00,112.329,112.333,112.321,112.333,127
SQ:USDJPY,2018-12-19T12:10:00+01:00,112.333,112.340,112.326,112.327,93
SQ:USDJPY,2018-12-19T12:11:00+01:00,112.328,112.334,112.323,112.329,76
SQ:USDJPY,2018-12-19T12:12:00+01:00,112.329,112.335,112.325,112.334,93
SQ:USDJPY,2018-12-19T12:13:00+01:00,112.333,112.335,112.326,112.327,81
SQ:USDJPY,2018-12-19T12:14:00+01:00,112.327,112.327,112.316,112.317,43
SQ:USDJPY,2018-12-19T12:15:00+01:00,112.316,112.319,112.311,112.317,63
SQ:USDJPY,2018-12-19T12:16:00+01:00,112.317,112.323,112.314,112.323,67
SQ:USDJPY,2018-12-19T12:17:00+01:00,112.323,112.335,112.320,112.324,119
SQ:USDJPY,2018-12-19T12:18:00+01:00,112.323,112.335,112.318,112.335,103
SQ:USDJPY,2018-12-19T12:19:00+01:00,112.335,112.337,112.329,112.334,54
SQ:USDJPY,2018-12-19T12:20:00+01:00,112.335,112.348,112.331,112.340,110
SQ:USDJPY,2018-12-19T12:21:00+01:00,112.340,112.352,112.340,112.342,90
SQ:USDJPY,2018-12-19T12:22:00+01:00,112.342,112.354,112.340,112.352,48
SQ:USDJPY,2018-12-19T12:23:00+01:00,112.352,112.352,112.339,112.339,84
SQ:USDJPY,2018-12-19T12:24:00+01:00,112.339,112.345,112.333,112.345,42
SQ:USDJPY,2018-12-19T12:25:00+01:00,112.344,112.350,112.340,112.346,70
SQ:USDJPY,2018-12-19T12:26:00+01:00,112.346,112.346,112.340,112.341,61
SQ:USDJPY,2018-12-19T12:27:00+01:00,112.342,112.344,112.338,112.339,78
SQ:USDJPY,2018-12-19T12:28:00+01:00,112.338,112.352,112.337,112.345,61
SQ:USDJPY,2018-12-19T12:29:00+01:00,112.346,112.354,112.345,112.354,33
SQ:USDJPY,2018-12-19T12:30:00+01:00,112.355,112.359,112.349,112.354,125
SQ:USDJPY,2018-12-19T12:31:00+01:00,112.353,112.359,112.346,112.356,82
SQ:USDJPY,2018-12-19T12:32:00+01:00,112.357,112.359,112.350,112.358,88
SQ:USDJPY,2018-12-19T12:33:00+01:00,112.358,112.359,112.347,112.350,77
SQ:USDJPY,2018-12-19T12:34:00+01:00,112.350,112.359,112.347,112.352,85
SQ:USDJPY,2018-12-19T12:35:00+01:00,112.353,112.357,112.338,112.338,82
SQ:USDJPY,2018-12-19T12:36:00+01:00,112.338,112.347,112.335,112.345,100
SQ:USDJPY,2018-12-19T12:37:00+01:00,112.345,112.354,112.339,112.352,104
SQ:USDJPY,2018-12-19T12:38:00+01:00,112.352,112.352,112.346,112.347,38
SQ:USDJPY,2018-12-19T12:39:00+01:00,112.348,112.352,112.340,112.347,69
SQ:USDJPY,2018-12-19T12:40:00+01:00,112.346,112.356,112.346,112.352,32
SQ:USDJPY,2018-12-19T12:41:00+01:00,112.352,112.352,112.332,112.334,120
SQ:USDJPY,2018-12-19T12:42:00+01:00,112.333,112.337,112.326,112.333,130
SQ:USDJPY,2018-12-19T12:43:00+01:00,112.333,112.344,112.333,112.343,70
SQ:USDJPY,2018-12-19T12:44:00+01:00,112.341,112.346,112.334,112.334,101
SQ:USDJPY,2018-12-19T12:45:00+01:00,112.333,112.333,112.319,112.332,124
SQ:USDJPY,2018-12-19T12:46:00+01:00,112.332,112.335,112.320,112.321,128
SQ:USDJPY,2018-12-19T12:47:00+01:00,112.322,112.334,112.321,112.332,138
SQ:USDJPY,2018-12-19T12:48:00+01:00,112.331,112.331,112.326,112.326,49
SQ:USDJPY,2018-12-19T12:49:00+01:00,112.326,112.330,112.319,112.320,68
SQ:USDJPY,2018-12-19T12:50:00+01:00,112.320,112.321,112.317,112.321,157
SQ:USDJPY,2018-12-19T12:51:00+01:00,112.321,112.332,112.320,112.330,186
SQ:USDJPY,2018-12-19T12:52:00+01:00,112.330,112.336,112.324,112.335,115
SQ:USDJPY,2018-12-19T12:53:00+01:00,112.336,112.336,112.332,112.334,47
SQ:USDJPY,2018-12-19T12:54:00+01:00,112.334,112.336,112.326,112.334,86
SQ:USDJPY,2018-12-19T12:55:00+01:00,112.335,112.338,112.330,112.330,53
SQ:USDJPY,2018-12-19T12:56:00+01:00,112.330,112.330,112.315,112.323,100
SQ:USDJPY,2018-12-19T12:57:00+01:00,112.322,112.324,112.320,112.322,79
SQ:USDJPY,2018-12-19T12:58:00+01:00,112.321,112.322,112.315,112.316,51
SQ:USDJPY,2018-12-19T12:59:00+01:00,112.318,112.324,112.316,112.323,56
SQ:USDJPY,2018-12-19T13:00:00+01:00,112.322,112.334,112.321,112.333,74
SQ:USDJPY,2018-12-19T13:01:00+01:00,112.333,112.337,112.328,112.330,90
SQ:USDJPY,2018-12-19T13:02:00+01:00,112.329,112.331,112.326,112.329,95
SQ:USDJPY,2018-12-19T13:03:00+01:00,112.329,112.349,112.329,112.347,91
SQ:USDJPY,2018-12-19T13:04:00+01:00,112.346,112.349,112.339,112.345,87
SQ:USDJPY,2018-12-19T13:05:00+01:00,112.345,112.345,112.338,112.340,80
SQ:USDJPY,2018-12-19T13:06:00+01:00,112.341,112.342,112.333,112.334,91
SQ:USDJPY,2018-12-19T13:07:00+01:00,112.333,112.335,112.327,112.333,82
SQ:USDJPY,2018-12-19T13:08:00+01:00,112.334,112.339,112.333,112.335,41
SQ:USDJPY,2018-12-19T13:09:00+01:00,112.336,112.339,112.333,112.338,57
SQ:USDJPY,2018-12-19T13:10:00+01:00,112.339,112.343,112.332,112.333,73
SQ:USDJPY,2018-12-19T13:11:00+01:00,112.334,112.334,112.326,112.332,61
SQ:USDJPY,2018-12-19T13:12:00+01:00,112.332,112.332,112.325,112.331,42
SQ:USDJPY,2018-12-19T13:13:00+01:00,112.329,112.339,112.325,112.333,77
SQ:USDJPY,2018-12-19T13:14:00+01:00,112.334,112.336,112.326,112.328,60
SQ:USDJPY,2018-12-19T13:15:00+01:00,112.327,112.331,112.321,112.327,120
SQ:USDJPY,2018-12-19T13:16:00+01:00,112.327,112.328,112.321,112.328,48
SQ:USDJPY,2018-12-19T13:17:00+01:00,112.329,112.332,112.328,112.330,69
SQ:USDJPY,2018-12-19T13:18:00+01:00,112.331,112.333,112.328,112.329,59
SQ:USDJPY,2018-12-19T13:19:00+01:00,112.329,112.336,112.329,112.335,30
SQ:USDJPY,2018-12-19T13:20:00+01:00,112.336,112.337,112.336,112.337,26
SQ:USDJPY,2018-12-19T13:21:00+01:00,112.337,112.337,112.328,112.330,25
SQ:USDJPY,2018-12-19T13:22:00+01:00,112.329,112.330,112.328,112.329,39
SQ:USDJPY,2018-12-19T13:23:00+01:00,112.330,112.342,112.330,112.341,76
SQ:USDJPY,2018-12-19T13:24:00+01:00,112.342,112.343,112.331,112.335,48
SQ:USDJPY,2018-12-19T13:25:00+01:00,112.334,112.339,112.333,112.339,42
SQ:USDJPY,2018-12-19T13:26:00+01:00,112.338,112.338,112.332,112.332,32
SQ:USDJPY,2018-12-19T13:27:00+01:00,112.332,112.332,112.329,112.329,27
SQ:USDJPY,2018-12-19T13:28:00+01:00,112.330,112.338,112.326,112.337,39
SQ:USDJPY,2018-12-19T13:29:00+01:00,112.337,112.337,112.332,112.332,35
SQ:USDJPY,2018-12-19T13:30:00+01:00,112.331,112.337,112.323,112.333,86
SQ:USDJPY,2018-12-19T13:31:00+01:00,112.331,112.340,112.329,112.336,75
SQ:USDJPY,2018-12-19T13:32:00+01:00,112.336,112.337,112.331,112.331,30
SQ:USDJPY,2018-12-19T13:33:00+01:00,112.331,112.334,112.331,112.332,42
SQ:USDJPY,2018-12-19T13:34:00+01:00,112.333,112.333,112.327,112.327,24
SQ:USDJPY,2018-12-19T13:35:00+01:00,112.327,112.328,112.322,112.324,33
SQ:USDJPY,2018-12-19T13:36:00+01:00,112.323,112.324,112.313,112.317,56
SQ:USDJPY,2018-12-19T13:37:00+01:00,112.319,112.320,112.316,112.316,56
SQ:USDJPY,2018-12-19T13:38:00+01:00,112.317,112.321,112.314,112.320,70
SQ:USDJPY,2018-12-19T13:39:00+01:00,112.321,112.323,112.315,112.316,118
SQ:USDJPY,2018-12-19T13:40:00+01:00,112.315,112.317,112.313,112.313,59
SQ:USDJPY,2018-12-19T13:41:00+01:00,112.314,112.320,112.307,112.319,74
SQ:USDJPY,2018-12-19T13:42:00+01:00,112.319,112.320,112.315,112.320,67
SQ:USDJPY,2018-12-19T13:43:00+01:00,112.319,112.337,112.318,112.334,91
SQ:USDJPY,2018-12-19T13:44:00+01:00,112.332,112.335,112.318,112.319,134
SQ:USDJPY,2018-12-19T13:45:00+01:00,112.320,112.322,112.311,112.317,108
SQ:USDJPY,2018-12-19T13:46:00+01:00,112.316,112.324,112.316,112.319,82
SQ:USDJPY,2018-12-19T13:47:00+01:00,112.320,112.325,112.318,112.324,60
SQ:USDJPY,2018-12-19T13:48:00+01:00,112.324,112.338,112.323,112.337,51
SQ:USDJPY,2018-12-19T13:49:00+01:00,112.337,112.342,112.335,112.341,74
SQ:USDJPY,2018-12-19T13:50:00+01:00,112.342,112.349,112.341,112.349,105
SQ:USDJPY,2018-12-19T13:51:00+01:00,112.348,112.350,112.343,112.347,68
SQ:USDJPY,2018-12-19T13:52:00+01:00,112.348,112.349,112.342,112.342,60
SQ:USDJPY,2018-12-19T13:53:00+01:00,112.342,112.350,112.340,112.349,73
SQ:USDJPY,2018-12-19T13:54:00+01:00,112.348,112.356,112.339,112.339,110
SQ:USDJPY,2018-12-19T13:55:00+01:00,112.338,112.343,112.338,112.342,121
SQ:USDJPY,2018-12-19T13:56:00+01:00,112.341,112.354,112.336,112.352,111
SQ:USDJPY,2018-12-19T13:57:00+01:00,112.353,112.358,112.352,112.354,58
SQ:USDJPY,2018-12-19T13:58:00+01:00,112.353,112.353,112.334,112.334,107
SQ:USDJPY,2018-12-19T13:59:00+01:00,112.334,112.347,112.333,112.345,87
SQ:USDJPY,2018-12-19T14:00:00+01:00,112.346,112.347,112.327,112.331,134
SQ:USDJPY,2018-12-19T14:01:00+01:00,112.330,112.333,112.321,112.321,61
SQ:USDJPY,2018-12-19T14:02:00+01:00,112.322,112.336,112.322,112.336,104
SQ:USDJPY,2018-12-19T14:03:00+01:00,112.335,112.338,112.329,112.335,108
SQ:USDJPY,2018-12-19T14:04:00+01:00,112.336,112.342,112.326,112.331,111
SQ:USDJPY,2018-12-19T14:05:00+01:00,112.332,112.333,112.313,112.313,138
SQ:USDJPY,2018-12-19T14:06:00+01:00,112.314,112.325,112.313,112.322,88
SQ:USDJPY,2018-12-19T14:07:00+01:00,112.323,112.334,112.322,112.332,128
SQ:USDJPY,2018-12-19T14:08:00+01:00,112.334,112.336,112.329,112.335,99
SQ:USDJPY,2018-12-19T14:09:00+01:00,112.334,112.334,112.327,112.329,92
SQ:USDJPY,2018-12-19T14:10:00+01:00,112.330,112.335,112.329,112.331,121
SQ:USDJPY,2018-12-19T14:11:00+01:00,112.331,112.333,112.322,112.323,149
SQ:USDJPY,2018-12-19T14:12:00+01:00,112.324,112.336,112.322,112.336,92
SQ:USDJPY,2018-12-19T14:13:00+01:00,112.337,112.337,112.324,112.329,94
SQ:USDJPY,2018-12-19T14:14:00+01:00,112.328,112.329,112.323,112.323,75
SQ:USDJPY,2018-12-19T14:15:00+01:00,112.323,112.334,112.318,112.334,82
SQ:USDJPY,2018-12-19T14:16:00+01:00,112.333,112.338,112.333,112.338,45
SQ:USDJPY,2018-12-19T14:17:00+01:00,112.337,112.345,112.337,112.340,62
SQ:USDJPY,2018-12-19T14:18:00+01:00,112.340,112.340,112.335,112.335,57
SQ:USDJPY,2018-12-19T14:19:00+01:00,112.336,112.343,112.331,112.337,113
SQ:USDJPY,2018-12-19T14:20:00+01:00,112.341,112.341,112.332,112.335,66
SQ:USDJPY,2018-12-19T14:21:00+01:00,112.337,112.346,112.335,112.342,87
SQ:USDJPY,2018-12-19T14:22:00+01:00,112.341,112.352,112.339,112.347,125
SQ:USDJPY,2018-12-19T14:23:00+01:00,112.347,112.348,112.331,112.342,124
SQ:USDJPY,2018-12-19T14:24:00+01:00,112.342,112.344,112.331,112.337,68
SQ:USDJPY,2018-12-19T14:25:00+01:00,112.337,112.348,112.336,112.344,65
SQ:USDJPY,2018-12-19T14:26:00+01:00,112.346,112.348,112.336,112.344,48
SQ:USDJPY,2018-12-19T14:27:00+01:00,112.344,112.345,112.336,112.338,59
SQ:USDJPY,2018-12-19T14:28:00+01:00,112.338,112.350,112.337,112.350,31
SQ:USDJPY,2018-12-19T14:29:00+01:00,112.349,112.350,112.337,112.338,45
SQ:USDJPY,2018-12-19T14:30:00+01:00,112.337,112.344,112.331,112.343,160
SQ:USDJPY,2018-12-19T14:31:00+01:00,112.342,112.351,112.342,112.343,65
SQ:USDJPY,2018-12-19T14:32:00+01:00,112.342,112.354,112.337,112.345,95
SQ:USDJPY,2018-12-19T14:33:00+01:00,112.346,112.349,112.340,112.342,110
SQ:USDJPY,2018-12-19T14:34:00+01:00,112.342,112.346,112.332,112.336,77
SQ:USDJPY,2018-12-19T14:35:00+01:00,112.336,112.340,112.331,112.337,57
SQ:USDJPY,2018-12-19T14:36:00+01:00,112.338,112.344,112.336,112.343,89
SQ:USDJPY,2018-12-19T14:37:00+01:00,112.344,112.345,112.336,112.343,114
SQ:USDJPY,2018-12-19T14:38:00+01:00,112.342,112.348,112.326,112.329,88
SQ:USDJPY,2018-12-19T14:39:00+01:00,112.329,112.341,112.322,112.331,177
SQ:USDJPY,2018-12-19T14:40:00+01:00,112.329,112.335,112.326,112.328,90
SQ:USDJPY,2018-12-19T14:41:00+01:00,112.327,112.335,112.319,112.322,77
SQ:USDJPY,2018-12-19T14:42:00+01:00,112.321,112.333,112.321,112.324,59
SQ:USDJPY,2018-12-19T14:43:00+01:00,112.325,112.333,112.323,112.323,96
SQ:USDJPY,2018-12-19T14:44:00+01:00,112.324,112.325,112.318,112.318,67
SQ:USDJPY,2018-12-19T14:45:00+01:00,112.318,112.328,112.318,112.319,96
SQ:USDJPY,2018-12-19T14:46:00+01:00,112.319,112.319,112.314,112.314,17
SQ:USDJPY,2018-12-19T14:47:00+01:00,112.315,112.315,112.304,112.310,112
SQ:USDJPY,2018-12-19T14:48:00+01:00,112.310,112.320,112.306,112.319,107
SQ:USDJPY,2018-12-19T14:49:00+01:00,112.319,112.319,112.308,112.312,115
SQ:USDJPY,2018-12-19T14:50:00+01:00,112.312,112.320,112.311,112.319,79
SQ:USDJPY,2018-12-19T14:51:00+01:00,112.318,112.319,112.305,112.312,134
SQ:USDJPY,2018-12-19T14:52:00+01:00,112.313,112.314,112.307,112.314,96
SQ:USDJPY,2018-12-19T14:53:00+01:00,112.313,112.324,112.313,112.323,101
SQ:USDJPY,2018-12-19T14:54:00+01:00,112.323,112.323,112.318,112.319,61
SQ:USDJPY,2018-12-19T14:55:00+01:00,112.319,112.328,112.315,112.318,53
SQ:USDJPY,2018-12-19T14:56:00+01:00,112.318,112.327,112.312,112.322,71
SQ:USDJPY,2018-12-19T14:57:00+01:00,112.321,112.332,112.318,112.322,122
SQ:USDJPY,2018-12-19T14:58:00+01:00,112.323,112.333,112.323,112.328,113
SQ:USDJPY,2018-12-19T14:59:00+01:00,112.328,112.330,112.321,112.326,131
SQ:USDJPY,2018-12-19T15:00:00+01:00,112.326,112.329,112.321,112.323,162
SQ:USDJPY,2018-12-19T15:01:00+01:00,112.324,112.326,112.316,112.317,114
SQ:USDJPY,2018-12-19T15:02:00+01:00,112.317,112.328,112.317,112.327,63
SQ:USDJPY,2018-12-19T15:03:00+01:00,112.326,112.329,112.322,112.322,90
SQ:USDJPY,2018-12-19T15:04:00+01:00,112.323,112.326,112.321,112.324,48
SQ:USDJPY,2018-12-19T15:05:00+01:00,112.324,112.326,112.321,112.325,70
SQ:USDJPY,2018-12-19T15:06:00+01:00,112.324,112.327,112.319,112.323,60
SQ:USDJPY,2018-12-19T15:07:00+01:00,112.324,112.324,112.321,112.322,35
SQ:USDJPY,2018-12-19T15:08:00+01:00,112.323,112.323,112.311,112.312,48
SQ:USDJPY,2018-12-19T15:09:00+01:00,112.313,112.320,112.312,112.312,63
SQ:USDJPY,2018-12-19T15:10:00+01:00,112.313,112.319,112.307,112.309,102
SQ:USDJPY,2018-12-19T15:11:00+01:00,112.309,112.318,112.306,112.317,91
SQ:USDJPY,2018-12-19T15:12:00+01:00,112.317,112.317,112.295,112.306,120
SQ:USDJPY,2018-12-19T15:13:00+01:00,112.305,112.312,112.303,112.310,70
SQ:USDJPY,2018-12-19T15:14:00+01:00,112.311,112.311,112.289,112.291,71
SQ:USDJPY,2018-12-19T15:15:00+01:00,112.288,112.294,112.286,112.290,103
SQ:USDJPY,2018-12-19T15:16:00+01:00,112.291,112.291,112.288,112.288,33
SQ:USDJPY,2018-12-19T15:17:00+01:00,112.288,112.290,112.287,112.288,57
SQ:USDJPY,2018-12-19T15:18:00+01:00,112.288,112.288,112.269,112.274,55
SQ:USDJPY,2018-12-19T15:19:00+01:00,112.274,112.291,112.267,112.287,70
SQ:USDJPY,2018-12-19T15:20:00+01:00,112.288,112.288,112.269,112.269,73
SQ:USDJPY,2018-12-19T15:21:00+01:00,112.268,112.271,112.256,112.261,102
SQ:USDJPY,2018-12-19T15:22:00+01:00,112.261,112.273,112.260,112.271,120
SQ:USDJPY,2018-12-19T15:23:00+01:00,112.271,112.271,112.258,112.263,114
SQ:USDJPY,2018-12-19T15:24:00+01:00,112.263,112.270,112.263,112.268,55
SQ:USDJPY,2018-12-19T15:25:00+01:00,112.269,112.269,112.250,112.255,85
SQ:USDJPY,2018-12-19T15:26:00+01:00,112.256,112.258,112.248,112.249,156
SQ:USDJPY,2018-12-19T15:27:00+01:00,112.249,112.252,112.233,112.236,134
SQ:USDJPY,2018-12-19T15:28:00+01:00,112.235,112.251,112.230,112.248,85
SQ:USDJPY,2018-12-19T15:29:00+01:00,112.247,112.249,112.242,112.242,99
SQ:USDJPY,2018-12-19T15:30:00+01:00,112.242,112.249,112.235,112.241,265
SQ:USDJPY,2018-12-19T15:31:00+01:00,112.241,112.251,112.231,112.236,188
SQ:USDJPY,2018-12-19T15:32:00+01:00,112.236,112.246,112.231,112.244,115
SQ:USDJPY,2018-12-19T15:33:00+01:00,112.245,112.255,112.238,112.242,193
SQ:USDJPY,2018-12-19T15:34:00+01:00,112.242,112.245,112.238,112.242,101
SQ:USDJPY,2018-12-19T15:35:00+01:00,112.241,112.241,112.224,112.224,158
SQ:USDJPY,2018-12-19T15:36:00+01:00,112.224,112.229,112.217,112.224,132
SQ:USDJPY,2018-12-19T15:37:00+01:00,112.223,112.231,112.217,112.217,135
SQ:USDJPY,2018-12-19T15:38:00+01:00,112.217,112.217,112.195,112.199,196
SQ:USDJPY,2018-12-19T15:39:00+01:00,112.199,112.201,112.193,112.195,131
SQ:USDJPY,2018-12-19T15:40:00+01:00,112.194,112.202,112.167,112.169,106
SQ:USDJPY,2018-12-19T15:41:00+01:00,112.170,112.171,112.150,112.157,77
SQ:USDJPY,2018-12-19T15:42:00+01:00,112.158,112.165,112.146,112.146,58
SQ:USDJPY,2018-12-19T15:43:00+01:00,112.145,112.155,112.144,112.153,77
SQ:USDJPY,2018-12-19T15:44:00+01:00,112.154,112.160,112.152,112.159,86
SQ:USDJPY,2018-12-19T15:45:00+01:00,112.160,112.161,112.150,112.150,150
SQ:USDJPY,2018-12-19T15:46:00+01:00,112.148,112.164,112.125,112.163,183
SQ:USDJPY,2018-12-19T15:47:00+01:00,112.163,112.193,112.158,112.191,140
SQ:USDJPY,2018-12-19T15:48:00+01:00,112.191,112.191,112.178,112.189,152
SQ:USDJPY,2018-12-19T15:49:00+01:00,112.189,112.201,112.180,112.201,130
SQ:USDJPY,2018-12-19T15:50:00+01:00,112.202,112.214,112.198,112.208,125
SQ:USDJPY,2018-12-19T15:51:00+01:00,112.208,112.211,112.191,112.197,177
SQ:USDJPY,2018-12-19T15:52:00+01:00,112.198,112.198,112.184,112.184,73
SQ:USDJPY,2018-12-19T15:53:00+01:00,112.186,112.195,112.182,112.182,82
SQ:USDJPY,2018-12-19T15:54:00+01:00,112.185,112.192,112.173,112.178,114
SQ:USDJPY,2018-12-19T15:55:00+01:00,112.177,112.185,112.166,112.168,200
SQ:USDJPY,2018-12-19T15:56:00+01:00,112.168,112.178,112.161,112.170,220
SQ:USDJPY,2018-12-19T15:57:00+01:00,112.170,112.198,112.170,112.197,127
SQ:USDJPY,2018-12-19T15:58:00+01:00,112.198,112.212,112.192,112.192,101
SQ:USDJPY,2018-12-19T15:59:00+01:00,112.193,112.201,112.182,112.188,86
SQ:USDJPY,2018-12-19T16:00:00+01:00,112.189,112.219,112.188,112.206,124
SQ:USDJPY,2018-12-19T16:01:00+01:00,112.206,112.220,112.204,112.217,100
SQ:USDJPY,2018-12-19T16:02:00+01:00,112.216,112.273,112.216,112.251,255
SQ:USDJPY,2018-12-19T16:03:00+01:00,112.253,112.256,112.246,112.251,174
SQ:USDJPY,2018-12-19T16:04:00+01:00,112.251,112.262,112.239,112.261,189
SQ:USDJPY,2018-12-19T16:05:00+01:00,112.261,112.261,112.239,112.240,237
SQ:USDJPY,2018-12-19T16:06:00+01:00,112.240,112.248,112.237,112.246,220
SQ:USDJPY,2018-12-19T16:07:00+01:00,112.246,112.249,112.231,112.236,169
SQ:USDJPY,2018-12-19T16:08:00+01:00,112.233,112.236,112.209,112.209,176
SQ:USDJPY,2018-12-19T16:09:00+01:00,112.211,112.222,112.205,112.217,134
SQ:USDJPY,2018-12-19T16:10:00+01:00,112.217,112.245,112.214,112.242,177
SQ:USDJPY,2018-12-19T16:11:00+01:00,112.242,112.244,112.215,112.216,144
SQ:USDJPY,2018-12-19T16:12:00+01:00,112.216,112.218,112.197,112.201,109
SQ:USDJPY,2018-12-19T16:13:00+01:00,112.201,112.208,112.196,112.207,102
SQ:USDJPY,2018-12-19T16:14:00+01:00,112.208,112.221,112.208,112.213,119
SQ:USDJPY,2018-12-19T16:15:00+01:00,112.213,112.213,112.186,112.190,108
SQ:USDJPY,2018-12-19T16:16:00+01:00,112.191,112.214,112.191,112.208,199
SQ:USDJPY,2018-12-19T16:17:00+01:00,112.208,112.213,112.195,112.195,143
SQ:USDJPY,2018-12-19T16:18:00+01:00,112.196,112.202,112.184,112.185,173
SQ:USDJPY,2018-12-19T16:19:00+01:00,112.184,112.197,112.184,112.190,165
SQ:USDJPY,2018-12-19T16:20:00+01:00,112.191,112.197,112.178,112.178,194
SQ:USDJPY,2018-12-19T16:21:00+01:00,112.178,112.183,112.170,112.170,160
SQ:USDJPY,2018-12-19T16:22:00+01:00,112.171,112.176,112.160,112.173,213
SQ:USDJPY,2018-12-19T16:23:00+01:00,112.173,112.177,112.159,112.171,154
SQ:USDJPY,2018-12-19T16:24:00+01:00,112.171,112.179,112.169,112.177,89
SQ:USDJPY,2018-12-19T16:25:00+01:00,112.178,112.182,112.171,112.177,139
SQ:USDJPY,2018-12-19T16:26:00+01:00,112.176,112.176,112.161,112.166,121
SQ:USDJPY,2018-12-19T16:27:00+01:00,112.167,112.173,112.160,112.161,172
SQ:USDJPY,2018-12-19T16:28:00+01:00,112.161,112.168,112.154,112.165,207
SQ:USDJPY,2018-12-19T16:29:00+01:00,112.165,112.182,112.160,112.180,160
SQ:USDJPY,2018-12-19T16:30:00+01:00,112.178,112.224,112.178,112.221,163
SQ:USDJPY,2018-12-19T16:31:00+01:00,112.222,112.237,112.221,112.234,147
SQ:USDJPY,2018-12-19T16:32:00+01:00,112.234,112.238,112.227,112.238,156
SQ:USDJPY,2018-12-19T16:33:00+01:00,112.237,112.240,112.228,112.238,199
SQ:USDJPY,2018-12-19T16:34:00+01:00,112.237,112.240,112.225,112.225,200
SQ:USDJPY,2018-12-19T16:35:00+01:00,112.227,112.233,112.222,112.229,114
SQ:USDJPY,2018-12-19T16:36:00+01:00,112.228,112.232,112.223,112.227,88
SQ:USDJPY,2018-12-19T16:37:00+01:00,112.228,112.234,112.225,112.227,119
SQ:USDJPY,2018-12-19T16:38:00+01:00,112.227,112.242,112.222,112.240,159
SQ:USDJPY,2018-12-19T16:39:00+01:00,112.241,112.268,112.239,112.265,108
SQ:USDJPY,2018-12-19T16:40:00+01:00,112.265,112.266,112.256,112.266,123
SQ:USDJPY,2018-12-19T16:41:00+01:00,112.266,112.267,112.260,112.266,95
SQ:USDJPY,2018-12-19T16:42:00+01:00,112.267,112.267,112.260,112.264,87
SQ:USDJPY,2018-12-19T16:43:00+01:00,112.264,112.269,112.255,112.263,87
SQ:USDJPY,2018-12-19T16:44:00+01:00,112.264,112.269,112.261,112.264,62
SQ:USDJPY,2018-12-19T16:45:00+01:00,112.263,112.272,112.263,112.272,42
SQ:USDJPY,2018-12-19T16:46:00+01:00,112.271,112.272,112.266,112.271,69
SQ:USDJPY,2018-12-19T16:47:00+01:00,112.272,112.289,112.271,112.289,85
SQ:USDJPY,2018-12-19T16:48:00+01:00,112.288,112.301,112.282,112.283,141
SQ:USDJPY,2018-12-19T16:49:00+01:00,112.285,112.289,112.276,112.284,153
SQ:USDJPY,2018-12-19T16:50:00+01:00,112.284,112.315,112.284,112.310,144
SQ:USDJPY,2018-12-19T16:51:00+01:00,112.311,112.316,112.295,112.296,139
SQ:USDJPY,2018-12-19T16:52:00+01:00,112.295,112.323,112.291,112.308,160
SQ:USDJPY,2018-12-19T16:53:00+01:00,112.307,112.326,112.296,112.314,140
SQ:USDJPY,2018-12-19T16:54:00+01:00,112.314,112.321,112.302,112.302,84
SQ:USDJPY,2018-12-19T16:55:00+01:00,112.302,112.310,112.302,112.307,107
SQ:USDJPY,2018-12-19T16:56:00+01:00,112.303,112.304,112.286,112.291,106
SQ:USDJPY,2018-12-19T16:57:00+01:00,112.290,112.296,112.276,112.283,116
SQ:USDJPY,2018-12-19T16:58:00+01:00,112.282,112.284,112.271,112.276,135
SQ:USDJPY,2018-12-19T16:59:00+01:00,112.277,112.281,112.265,112.276,105
SQ:USDJPY,2018-12-19T17:00:00+01:00,112.277,112.284,112.258,112.262,162
SQ:USDJPY,2018-12-19T17:01:00+01:00,112.263,112.263,112.242,112.252,162
SQ:USDJPY,2018-12-19T17:02:00+01:00,112.252,112.259,112.243,112.255,153
SQ:USDJPY,2018-12-19T17:03:00+01:00,112.254,112.260,112.238,112.253,178
SQ:USDJPY,2018-12-19T17:04:00+01:00,112.253,112.257,112.239,112.243,144
SQ:USDJPY,2018-12-19T17:05:00+01:00,112.244,112.245,112.237,112.240,114
SQ:USDJPY,2018-12-19T17:06:00+01:00,112.239,112.246,112.231,112.231,111
SQ:USDJPY,2018-12-19T17:07:00+01:00,112.232,112.237,112.207,112.214,135
SQ:USDJPY,2018-12-19T17:08:00+01:00,112.214,112.222,112.213,112.213,137
SQ:USDJPY,2018-12-19T17:09:00+01:00,112.213,112.214,112.188,112.188,130
SQ:USDJPY,2018-12-19T17:10:00+01:00,112.188,112.189,112.183,112.188,65
SQ:USDJPY,2018-12-19T17:11:00+01:00,112.187,112.191,112.182,112.190,92
SQ:USDJPY,2018-12-19T17:12:00+01:00,112.189,112.195,112.183,112.183,128
SQ:USDJPY,2018-12-19T17:13:00+01:00,112.184,112.197,112.183,112.188,135
SQ:USDJPY,2018-12-19T17:14:00+01:00,112.189,112.203,112.183,112.197,183
SQ:USDJPY,2018-12-19T17:15:00+01:00,112.197,112.205,112.186,112.186,149
SQ:USDJPY,2018-12-19T17:16:00+01:00,112.187,112.192,112.181,112.185,168
SQ:USDJPY,2018-12-19T17:17:00+01:00,112.186,112.190,112.182,112.189,123
SQ:USDJPY,2018-12-19T17:18:00+01:00,112.190,112.190,112.173,112.178,71
SQ:USDJPY,2018-12-19T17:19:00+01:00,112.178,112.182,112.166,112.178,108
SQ:USDJPY,2018-12-19T17:20:00+01:00,112.178,112.185,112.176,112.183,98
SQ:USDJPY,2018-12-19T17:21:00+01:00,112.183,112.197,112.183,112.196,67
SQ:USDJPY,2018-12-19T17:22:00+01:00,112.196,112.196,112.182,112.182,87
SQ:USDJPY,2018-12-19T17:23:00+01:00,112.182,112.199,112.176,112.197,108
SQ:USDJPY,2018-12-19T17:24:00+01:00,112.196,112.202,112.184,112.184,106
SQ:USDJPY,2018-12-19T17:25:00+01:00,112.185,112.198,112.181,112.181,126
SQ:USDJPY,2018-12-19T17:26:00+01:00,112.179,112.190,112.178,112.190,121
SQ:USDJPY,2018-12-19T17:27:00+01:00,112.190,112.190,112.182,112.184,87
SQ:USDJPY,2018-12-19T17:28:00+01:00,112.185,112.200,112.184,112.194,120
SQ:USDJPY,2018-12-19T17:29:00+01:00,112.195,112.198,112.188,112.194,106
SQ:USDJPY,2018-12-19T17:30:00+01:00,112.194,112.195,112.178,112.187,105
SQ:USDJPY,2018-12-19T17:31:00+01:00,112.188,112.204,112.186,112.199,116
SQ:USDJPY,2018-12-19T17:32:00+01:00,112.197,112.210,112.197,112.201,122
SQ:USDJPY,2018-12-19T17:33:00+01:00,112.200,112.202,112.188,112.197,171
SQ:USDJPY,2018-12-19T17:34:00+01:00,112.196,112.204,112.190,112.202,176
SQ:USDJPY,2018-12-19T17:35:00+01:00,112.201,112.214,112.199,112.213,123
SQ:USDJPY,2018-12-19T17:36:00+01:00,112.214,112.226,112.214,112.218,77
SQ:USDJPY,2018-12-19T17:37:00+01:00,112.217,112.219,112.202,112.206,113
SQ:USDJPY,2018-12-19T17:38:00+01:00,112.207,112.208,112.183,112.183,126
SQ:USDJPY,2018-12-19T17:39:00+01:00,112.182,112.182,112.175,112.175,88
SQ:USDJPY,2018-12-19T17:40:00+01:00,112.175,112.179,112.157,112.157,81
SQ:USDJPY,2018-12-19T17:41:00+01:00,112.158,112.163,112.156,112.157,82
SQ:USDJPY,2018-12-19T17:42:00+01:00,112.158,112.168,112.155,112.164,81
SQ:USDJPY,2018-12-19T17:43:00+01:00,112.163,112.171,112.156,112.158,140
SQ:USDJPY,2018-12-19T17:44:00+01:00,112.158,112.167,112.158,112.162,93
SQ:USDJPY,2018-12-19T17:45:00+01:00,112.162,112.175,112.161,112.173,56
SQ:USDJPY,2018-12-19T17:46:00+01:00,112.174,112.180,112.171,112.177,64
SQ:USDJPY,2018-12-19T17:47:00+01:00,112.176,112.181,112.170,112.171,54
SQ:USDJPY,2018-12-19T17:48:00+01:00,112.171,112.180,112.165,112.180,85
SQ:USDJPY,2018-12-19T17:49:00+01:00,112.179,112.201,112.179,112.192,117
SQ:USDJPY,2018-12-19T17:50:00+01:00,112.191,112.194,112.186,112.188,106
SQ:USDJPY,2018-12-19T17:51:00+01:00,112.187,112.194,112.187,112.193,45
SQ:USDJPY,2018-12-19T17:52:00+01:00,112.194,112.213,112.193,112.212,67
SQ:USDJPY,2018-12-19T17:53:00+01:00,112.212,112.213,112.167,112.168,102
SQ:USDJPY,2018-12-19T17:54:00+01:00,112.167,112.174,112.153,112.161,90
SQ:USDJPY,2018-12-19T17:55:00+01:00,112.162,112.168,112.137,112.146,202
SQ:USDJPY,2018-12-19T17:56:00+01:00,112.147,112.151,112.137,112.138,136
SQ:USDJPY,2018-12-19T17:57:00+01:00,112.138,112.157,112.137,112.146,179
SQ:USDJPY,2018-12-19T17:58:00+01:00,112.148,112.150,112.137,112.146,151
SQ:USDJPY,2018-12-19T17:59:00+01:00,112.144,112.151,112.137,112.144,141
SQ:USDJPY,2018-12-19T18:00:00+01:00,112.146,112.147,112.127,112.135,97
SQ:USDJPY,2018-12-19T18:01:00+01:00,112.136,112.175,112.136,112.171,107
SQ:USDJPY,2018-12-19T18:02:00+01:00,112.170,112.180,112.170,112.176,85
SQ:USDJPY,2018-12-19T18:03:00+01:00,112.177,112.182,112.174,112.174,85
SQ:USDJPY,2018-12-19T18:04:00+01:00,112.174,112.181,112.155,112.158,72
SQ:USDJPY,2018-12-19T18:05:00+01:00,112.158,112.162,112.144,112.151,132
SQ:USDJPY,2018-12-19T18:06:00+01:00,112.148,112.152,112.136,112.138,128
SQ:USDJPY,2018-12-19T18:07:00+01:00,112.139,112.157,112.139,112.154,98
SQ:USDJPY,2018-12-19T18:08:00+01:00,112.154,112.158,112.148,112.149,83
SQ:USDJPY,2018-12-19T18:09:00+01:00,112.151,112.160,112.148,112.157,99
SQ:USDJPY,2018-12-19T18:10:00+01:00,112.157,112.157,112.124,112.129,127
SQ:USDJPY,2018-12-19T18:11:00+01:00,112.130,112.136,112.125,112.136,80
SQ:USDJPY,2018-12-19T18:12:00+01:00,112.135,112.153,112.135,112.150,54
SQ:USDJPY,2018-12-19T18:13:00+01:00,112.150,112.150,112.134,112.134,64
SQ:USDJPY,2018-12-19T18:14:00+01:00,112.137,112.138,112.127,112.134,104
SQ:USDJPY,2018-12-19T18:15:00+01:00,112.134,112.136,112.113,112.115,104
SQ:USDJPY,2018-12-19T18:16:00+01:00,112.116,112.117,112.101,112.113,91
SQ:USDJPY,2018-12-19T18:17:00+01:00,112.112,112.112,112.099,112.099,72
SQ:USDJPY,2018-12-19T18:18:00+01:00,112.098,112.099,112.080,112.094,79
SQ:USDJPY,2018-12-19T18:19:00+01:00,112.093,112.138,112.089,112.133,122
SQ:USDJPY,2018-12-19T18:20:00+01:00,112.132,112.134,112.117,112.127,98
SQ:USDJPY,2018-12-19T18:21:00+01:00,112.127,112.156,112.127,112.146,152
SQ:USDJPY,2018-12-19T18:22:00+01:00,112.147,112.163,112.146,112.162,75
SQ:USDJPY,2018-12-19T18:23:00+01:00,112.165,112.174,112.160,112.170,85
SQ:USDJPY,2018-12-19T18:24:00+01:00,112.174,112.194,112.169,112.193,88
SQ:USDJPY,2018-12-19T18:25:00+01:00,112.193,112.194,112.182,112.183,92
SQ:USDJPY,2018-12-19T18:26:00+01:00,112.183,112.204,112.183,112.192,131
SQ:USDJPY,2018-12-19T18:27:00+01:00,112.192,112.192,112.182,112.182,53
SQ:USDJPY,2018-12-19T18:28:00+01:00,112.183,112.183,112.156,112.156,81
SQ:USDJPY,2018-12-19T18:29:00+01:00,112.157,112.175,112.157,112.174,110
SQ:USDJPY,2018-12-19T18:30:00+01:00,112.174,112.177,112.169,112.170,103
SQ:USDJPY,2018-12-19T18:31:00+01:00,112.170,112.176,112.165,112.165,115
SQ:USDJPY,2018-12-19T18:32:00+01:00,112.164,112.169,112.159,112.162,84
SQ:USDJPY,2018-12-19T18:33:00+01:00,112.162,112.169,112.154,112.169,43
SQ:USDJPY,2018-12-19T18:34:00+01:00,112.169,112.199,112.169,112.192,81
SQ:USDJPY,2018-12-19T18:35:00+01:00,112.191,112.193,112.186,112.187,67
SQ:USDJPY,2018-12-19T18:36:00+01:00,112.188,112.192,112.187,112.191,18
SQ:USDJPY,2018-12-19T18:37:00+01:00,112.192,112.192,112.182,112.187,36
SQ:USDJPY,2018-12-19T18:38:00+01:00,112.192,112.205,112.190,112.205,51
SQ:USDJPY,2018-12-19T18:39:00+01:00,112.206,112.206,112.195,112.199,62
SQ:USDJPY,2018-12-19T18:40:00+01:00,112.199,112.202,112.194,112.201,43
SQ:USDJPY,2018-12-19T18:41:00+01:00,112.200,112.204,112.192,112.203,67
SQ:USDJPY,2018-12-19T18:42:00+01:00,112.202,112.206,112.198,112.201,54
SQ:USDJPY,2018-12-19T18:43:00+01:00,112.201,112.202,112.199,112.200,43
SQ:USDJPY,2018-12-19T18:44:00+01:00,112.201,112.202,112.191,112.198,78
SQ:USDJPY,2018-12-19T18:45:00+01:00,112.198,112.198,112.191,112.192,70
SQ:USDJPY,2018-12-19T18:46:00+01:00,112.191,112.191,112.180,112.187,42
SQ:USDJPY,2018-12-19T18:47:00+01:00,112.189,112.193,112.172,112.172,47
SQ:USDJPY,2018-12-19T18:48:00+01:00,112.171,112.176,112.158,112.158,48
SQ:USDJPY,2018-12-19T18:49:00+01:00,112.162,112.175,112.159,112.173,50
SQ:USDJPY,2018-12-19T18:50:00+01:00,112.173,112.178,112.170,112.175,46
SQ:USDJPY,2018-12-19T18:51:00+01:00,112.174,112.184,112.168,112.183,66
SQ:USDJPY,2018-12-19T18:52:00+01:00,112.183,112.188,112.171,112.175,65
SQ:USDJPY,2018-12-19T18:53:00+01:00,112.173,112.175,112.151,112.154,88
SQ:USDJPY,2018-12-19T18:54:00+01:00,112.155,112.163,112.150,112.163,65
SQ:USDJPY,2018-12-19T18:55:00+01:00,112.164,112.177,112.164,112.170,94
SQ:USDJPY,2018-12-19T18:56:00+01:00,112.169,112.171,112.157,112.162,52
SQ:USDJPY,2018-12-19T18:57:00+01:00,112.163,112.174,112.161,112.171,72
SQ:USDJPY,2018-12-19T18:58:00+01:00,112.170,112.188,112.170,112.176,111
SQ:USDJPY,2018-12-19T18:59:00+01:00,112.176,112.196,112.176,112.192,121
SQ:USDJPY,2018-12-19T19:00:00+01:00,112.189,112.196,112.181,112.183,125
SQ:USDJPY,2018-12-19T19:01:00+01:00,112.181,112.182,112.160,112.166,165
SQ:USDJPY,2018-12-19T19:02:00+01:00,112.165,112.171,112.162,112.168,94
SQ:USDJPY,2018-12-19T19:03:00+01:00,112.170,112.173,112.161,112.173,83
SQ:USDJPY,2018-12-19T19:04:00+01:00,112.173,112.173,112.167,112.169,77
SQ:USDJPY,2018-12-19T19:05:00+01:00,112.170,112.176,112.168,112.169,61
SQ:USDJPY,2018-12-19T19:06:00+01:00,112.170,112.184,112.170,112.176,45
SQ:USDJPY,2018-12-19T19:07:00+01:00,112.177,112.183,112.176,112.182,58
SQ:USDJPY,2018-12-19T19:08:00+01:00,112.181,112.183,112.163,112.175,112
SQ:USDJPY,2018-12-19T19:09:00+01:00,112.175,112.180,112.171,112.175,111
SQ:USDJPY,2018-12-19T19:10:00+01:00,112.174,112.188,112.174,112.180,77
SQ:USDJPY,2018-12-19T19:11:00+01:00,112.180,112.184,112.167,112.168,71
SQ:USDJPY,2018-12-19T19:12:00+01:00,112.169,112.175,112.169,112.174,43
SQ:USDJPY,2018-12-19T19:13:00+01:00,112.174,112.174,112.167,112.167,12
SQ:USDJPY,2018-12-19T19:14:00+01:00,112.172,112.174,112.163,112.163,46
SQ:USDJPY,2018-12-19T19:15:00+01:00,112.163,112.163,112.151,112.151,72
SQ:USDJPY,2018-12-19T19:16:00+01:00,112.151,112.163,112.144,112.156,81
SQ:USDJPY,2018-12-19T19:17:00+01:00,112.155,112.161,112.151,112.158,128
SQ:USDJPY,2018-12-19T19:18:00+01:00,112.157,112.162,112.151,112.157,69
SQ:USDJPY,2018-12-19T19:19:00+01:00,112.157,112.163,112.155,112.163,57
SQ:USDJPY,2018-12-19T19:20:00+01:00,112.162,112.164,112.158,112.162,39
SQ:USDJPY,2018-12-19T19:21:00+01:00,112.163,112.170,112.162,112.162,61
SQ:USDJPY,2018-12-19T19:22:00+01:00,112.163,112.169,112.155,112.158,86
SQ:USDJPY,2018-12-19T19:23:00+01:00,112.156,112.170,112.155,112.168,126
SQ:USDJPY,2018-12-19T19:24:00+01:00,112.169,112.174,112.162,112.173,83
SQ:USDJPY,2018-12-19T19:25:00+01:00,112.173,112.187,112.167,112.184,126
SQ:USDJPY,2018-12-19T19:26:00+01:00,112.184,112.191,112.179,112.181,75
SQ:USDJPY,2018-12-19T19:27:00+01:00,112.181,112.193,112.173,112.193,46
SQ:USDJPY,2018-12-19T19:28:00+01:00,112.192,112.193,112.184,112.185,87
SQ:USDJPY,2018-12-19T19:29:00+01:00,112.185,112.194,112.179,112.191,136
SQ:USDJPY,2018-12-19T19:30:00+01:00,112.196,112.201,112.191,112.200,97
SQ:USDJPY,2018-12-19T19:31:00+01:00,112.200,112.208,112.199,112.205,68
SQ:USDJPY,2018-12-19T19:32:00+01:00,112.205,112.219,112.205,112.207,85
SQ:USDJPY,2018-12-19T19:33:00+01:00,112.207,112.211,112.201,112.202,65
SQ:USDJPY,2018-12-19T19:34:00+01:00,112.200,112.201,112.186,112.191,79
SQ:USDJPY,2018-12-19T19:35:00+01:00,112.192,112.195,112.186,112.186,72
SQ:USDJPY,2018-12-19T19:36:00+01:00,112.187,112.199,112.186,112.196,75
SQ:USDJPY,2018-12-19T19:37:00+01:00,112.198,112.209,112.198,112.201,57
SQ:USDJPY,2018-12-19T19:38:00+01:00,112.201,112.233,112.195,112.230,107
SQ:USDJPY,2018-12-19T19:39:00+01:00,112.229,112.255,112.225,112.251,120
SQ:USDJPY,2018-12-19T19:40:00+01:00,112.255,112.295,112.250,112.292,218
SQ:USDJPY,2018-12-19T19:41:00+01:00,112.292,112.298,112.263,112.281,149
SQ:USDJPY,2018-12-19T19:42:00+01:00,112.281,112.322,112.273,112.320,105
SQ:USDJPY,2018-12-19T19:43:00+01:00,112.320,112.320,112.285,112.287,129
SQ:USDJPY,2018-12-19T19:44:00+01:00,112.287,112.299,112.267,112.268,178
SQ:USDJPY,2018-12-19T19:45:00+01:00,112.270,112.281,112.270,112.274,130
SQ:USDJPY,2018-12-19T19:46:00+01:00,112.277,112.280,112.264,112.267,123
SQ:USDJPY,2018-12-19T19:47:00+01:00,112.267,112.278,112.266,112.266,92
SQ:USDJPY,2018-12-19T19:48:00+01:00,112.265,112.266,112.252,112.253,58
SQ:USDJPY,2018-12-19T19:49:00+01:00,112.254,112.260,112.253,112.254,74
SQ:USDJPY,2018-12-19T19:50:00+01:00,112.254,112.255,112.241,112.242,95
SQ:USDJPY,2018-12-19T19:51:00+01:00,112.242,112.248,112.233,112.241,88
SQ:USDJPY,2018-12-19T19:52:00+01:00,112.242,112.253,112.235,112.238,145
SQ:USDJPY,2018-12-19T19:53:00+01:00,112.241,112.249,112.236,112.238,79
SQ:USDJPY,2018-12-19T19:54:00+01:00,112.238,112.241,112.230,112.233,131
SQ:USDJPY,2018-12-19T19:55:00+01:00,112.231,112.241,112.222,112.237,120
SQ:USDJPY,2018-12-19T19:56:00+01:00,112.237,112.242,112.224,112.241,94
SQ:USDJPY,2018-12-19T19:57:00+01:00,112.241,112.241,112.216,112.224,73
SQ:USDJPY,2018-12-19T19:58:00+01:00,112.226,112.230,112.206,112.212,97
SQ:USDJPY,2018-12-19T19:59:00+01:00,112.211,112.232,112.193,112.207,165
SQ:USDJPY,2018-12-19T20:00:00+01:00,112.212,112.388,112.212,112.332,530
SQ:USDJPY,2018-12-19T20:01:00+01:00,112.334,112.401,112.287,112.398,496
SQ:USDJPY,2018-12-19T20:02:00+01:00,112.394,112.406,112.321,112.394,450
SQ:USDJPY,2018-12-19T20:03:00+01:00,112.395,112.426,112.323,112.364,510
SQ:USDJPY,2018-12-19T20:04:00+01:00,112.363,112.374,112.266,112.298,512
SQ:USDJPY,2018-12-19T20:05:00+01:00,112.299,112.323,112.150,112.202,588
SQ:USDJPY,2018-12-19T20:06:00+01:00,112.202,112.314,112.201,112.288,517
SQ:USDJPY,2018-12-19T20:07:00+01:00,112.285,112.322,112.250,112.261,450
SQ:USDJPY,2018-12-19T20:08:00+01:00,112.261,112.313,112.232,112.257,398
SQ:USDJPY,2018-12-19T20:09:00+01:00,112.257,112.279,112.175,112.212,435
SQ:USDJPY,2018-12-19T20:10:00+01:00,112.218,112.288,112.218,112.245,423
SQ:USDJPY,2018-12-19T20:11:00+01:00,112.243,112.265,112.195,112.245,319
SQ:USDJPY,2018-12-19T20:12:00+01:00,112.246,112.266,112.203,112.205,360
SQ:USDJPY,2018-12-19T20:13:00+01:00,112.204,112.246,112.171,112.211,399
SQ:USDJPY,2018-12-19T20:14:00+01:00,112.212,112.262,112.202,112.247,383
SQ:USDJPY,2018-12-19T20:15:00+01:00,112.247,112.258,112.213,112.238,444
SQ:USDJPY,2018-12-19T20:16:00+01:00,112.238,112.283,112.216,112.283,314
SQ:USDJPY,2018-12-19T20:17:00+01:00,112.283,112.340,112.263,112.334,411
SQ:USDJPY,2018-12-19T20:18:00+01:00,112.337,112.412,112.334,112.389,417
SQ:USDJPY,2018-12-19T20:19:00+01:00,112.393,112.436,112.371,112.409,344
SQ:USDJPY,2018-12-19T20:20:00+01:00,112.410,112.443,112.404,112.419,316
SQ:USDJPY,2018-12-19T20:21:00+01:00,112.419,112.433,112.394,112.395,266
SQ:USDJPY,2018-12-19T20:22:00+01:00,112.394,112.403,112.383,112.388,249
SQ:USDJPY,2018-12-19T20:23:00+01:00,112.385,112.420,112.384,112.412,255
SQ:USDJPY,2018-12-19T20:24:00+01:00,112.411,112.445,112.396,112.440,185
SQ:USDJPY,2018-12-19T20:25:00+01:00,112.438,112.475,112.437,112.475,200
SQ:USDJPY,2018-12-19T20:26:00+01:00,112.472,112.474,112.447,112.466,138
SQ:USDJPY,2018-12-19T20:27:00+01:00,112.465,112.468,112.441,112.459,146
SQ:USDJPY,2018-12-19T20:28:00+01:00,112.460,112.465,112.447,112.464,122
SQ:USDJPY,2018-12-19T20:29:00+01:00,112.464,112.479,112.446,112.478,169
SQ:USDJPY,2018-12-19T20:30:00+01:00,112.478,112.480,112.443,112.448,176
SQ:USDJPY,2018-12-19T20:31:00+01:00,112.448,112.448,112.422,112.432,184
SQ:USDJPY,2018-12-19T20:32:00+01:00,112.429,112.518,112.428,112.518,304
SQ:USDJPY,2018-12-19T20:33:00+01:00,112.518,112.627,112.518,112.594,402
SQ:USDJPY,2018-12-19T20:34:00+01:00,112.593,112.596,112.539,112.553,335
SQ:USDJPY,2018-12-19T20:35:00+01:00,112.554,112.567,112.520,112.520,226
SQ:USDJPY,2018-12-19T20:36:00+01:00,112.516,112.537,112.432,112.444,325
SQ:USDJPY,2018-12-19T20:37:00+01:00,112.448,112.474,112.448,112.472,224
SQ:USDJPY,2018-12-19T20:38:00+01:00,112.473,112.494,112.463,112.474,280
SQ:USDJPY,2018-12-19T20:39:00+01:00,112.473,112.493,112.458,112.487,261
SQ:USDJPY,2018-12-19T20:40:00+01:00,112.486,112.528,112.431,112.447,373
SQ:USDJPY,2018-12-19T20:41:00+01:00,112.447,112.447,112.407,112.430,337
SQ:USDJPY,2018-12-19T20:42:00+01:00,112.428,112.459,112.404,112.419,317
SQ:USDJPY,2018-12-19T20:43:00+01:00,112.422,112.426,112.335,112.358,327
SQ:USDJPY,2018-12-19T20:44:00+01:00,112.358,112.393,112.346,112.354,298
SQ:USDJPY,2018-12-19T20:45:00+01:00,112.353,112.404,112.333,112.378,300
SQ:USDJPY,2018-12-19T20:46:00+01:00,112.378,112.404,112.353,112.357,248
SQ:USDJPY,2018-12-19T20:47:00+01:00,112.353,112.389,112.352,112.378,214
SQ:USDJPY,2018-12-19T20:48:00+01:00,112.378,112.425,112.364,112.417,215
SQ:USDJPY,2018-12-19T20:49:00+01:00,112.418,112.483,112.406,112.459,283
SQ:USDJPY,2018-12-19T20:50:00+01:00,112.460,112.462,112.416,112.428,288
SQ:USDJPY,2018-12-19T20:51:00+01:00,112.428,112.448,112.415,112.429,242
SQ:USDJPY,2018-12-19T20:52:00+01:00,112.429,112.431,112.375,112.375,304
SQ:USDJPY,2018-12-19T20:53:00+01:00,112.376,112.379,112.341,112.346,304
SQ:USDJPY,2018-12-19T20:54:00+01:00,112.344,112.380,112.337,112.367,245
SQ:USDJPY,2018-12-19T20:55:00+01:00,112.370,112.419,112.347,112.408,343
SQ:USDJPY,2018-12-19T20:56:00+01:00,112.409,112.450,112.394,112.429,293
SQ:USDJPY,2018-12-19T20:57:00+01:00,112.434,112.434,112.304,112.322,392
SQ:USDJPY,2018-12-19T20:58:00+01:00,112.322,112.334,112.292,112.332,377
SQ:USDJPY,2018-12-19T20:59:00+01:00,112.333,112.372,112.323,112.348,367
SQ:USDJPY,2018-12-19T21:00:00+01:00,112.352,112.385,112.326,112.355,390
SQ:USDJPY,2018-12-19T21:01:00+01:00,112.355,112.372,112.329,112.335,341
SQ:USDJPY,2018-12-19T21:02:00+01:00,112.334,112.358,112.321,112.345,275
SQ:USDJPY,2018-12-19T21:03:00+01:00,112.343,112.343,112.256,112.256,346
SQ:USDJPY,2018-12-19T21:04:00+01:00,112.257,112.271,112.246,112.258,360
SQ:USDJPY,2018-12-19T21:05:00+01:00,112.255,112.265,112.216,112.233,531
SQ:USDJPY,2018-12-19T21:06:00+01:00,112.231,112.282,112.221,112.274,456
SQ:USDJPY,2018-12-19T21:07:00+01:00,112.273,112.273,112.178,112.199,478
SQ:USDJPY,2018-12-19T21:08:00+01:00,112.199,112.313,112.193,112.275,445
SQ:USDJPY,2018-12-19T21:09:00+01:00,112.274,112.317,112.271,112.311,404
SQ:USDJPY,2018-12-19T21:10:00+01:00,112.316,112.328,112.296,112.315,369
SQ:USDJPY,2018-12-19T21:11:00+01:00,112.315,112.392,112.315,112.376,386
SQ:USDJPY,2018-12-19T21:12:00+01:00,112.378,112.405,112.347,112.405,439
SQ:USDJPY,2018-12-19T21:13:00+01:00,112.405,112.426,112.371,112.426,406
SQ:USDJPY,2018-12-19T21:14:00+01:00,112.424,112.437,112.400,112.424,343
SQ:USDJPY,2018-12-19T21:15:00+01:00,112.423,112.430,112.401,112.401,411
SQ:USDJPY,2018-12-19T21:16:00+01:00,112.400,112.410,112.379,112.384,337
SQ:USDJPY,2018-12-19T21:17:00+01:00,112.384,112.384,112.334,112.336,227
SQ:USDJPY,2018-12-19T21:18:00+01:00,112.335,112.344,112.314,112.323,218
SQ:USDJPY,2018-12-19T21:19:00+01:00,112.324,112.378,112.321,112.374,241
SQ:USDJPY,2018-12-19T21:20:00+01:00,112.374,112.387,112.347,112.369,217
SQ:USDJPY,2018-12-19T21:21:00+01:00,112.370,112.404,112.365,112.367,298
SQ:USDJPY,2018-12-19T21:22:00+01:00,112.367,112.386,112.348,112.374,286
SQ:USDJPY,2018-12-19T21:23:00+01:00,112.376,112.398,112.358,112.389,262
SQ:USDJPY,2018-12-19T21:24:00+01:00,112.392,112.441,112.379,112.427,269
SQ:USDJPY,2018-12-19T21:25:00+01:00,112.429,112.442,112.411,112.431,262
SQ:USDJPY,2018-12-19T21:26:00+01:00,112.431,112.435,112.388,112.409,278
SQ:USDJPY,2018-12-19T21:27:00+01:00,112.408,112.432,112.408,112.428,171
SQ:USDJPY,2018-12-19T21:28:00+01:00,112.429,112.439,112.421,112.427,203
SQ:USDJPY,2018-12-19T21:29:00+01:00,112.427,112.431,112.398,112.425,280
SQ:USDJPY,2018-12-19T21:30:00+01:00,112.427,112.446,112.424,112.438,227
SQ:USDJPY,2018-12-19T21:31:00+01:00,112.443,112.453,112.430,112.445,211
SQ:USDJPY,2018-12-19T21:32:00+01:00,112.444,112.468,112.441,112.457,165
SQ:USDJPY,2018-12-19T21:33:00+01:00,112.455,112.468,112.444,112.468,186
SQ:USDJPY,2018-12-19T21:34:00+01:00,112.472,112.472,112.450,112.461,147
SQ:USDJPY,2018-12-19T21:35:00+01:00,112.463,112.480,112.458,112.480,107
SQ:USDJPY,2018-12-19T21:36:00+01:00,112.482,112.482,112.460,112.474,164
SQ:USDJPY,2018-12-19T21:37:00+01:00,112.474,112.478,112.463,112.473,166
SQ:USDJPY,2018-12-19T21:38:00+01:00,112.472,112.472,112.417,112.421,142
SQ:USDJPY,2018-12-19T21:39:00+01:00,112.422,112.422,112.406,112.413,162
SQ:USDJPY,2018-12-19T21:40:00+01:00,112.410,112.410,112.386,112.388,118
SQ:USDJPY,2018-12-19T21:41:00+01:00,112.387,112.412,112.387,112.412,128
SQ:USDJPY,2018-12-19T21:42:00+01:00,112.412,112.418,112.397,112.413,108
SQ:USDJPY,2018-12-19T21:43:00+01:00,112.412,112.424,112.408,112.422,158
SQ:USDJPY,2018-12-19T21:44:00+01:00,112.422,112.426,112.400,112.424,154
SQ:USDJPY,2018-12-19T21:45:00+01:00,112.420,112.439,112.420,112.436,158
SQ:USDJPY,2018-12-19T21:46:00+01:00,112.437,112.446,112.431,112.442,91
SQ:USDJPY,2018-12-19T21:47:00+01:00,112.443,112.467,112.443,112.456,116
SQ:USDJPY,2018-12-19T21:48:00+01:00,112.458,112.479,112.457,112.478,103
SQ:USDJPY,2018-12-19T21:49:00+01:00,112.478,112.497,112.477,112.489,110
SQ:USDJPY,2018-12-19T21:50:00+01:00,112.490,112.513,112.480,112.497,121
SQ:USDJPY,2018-12-19T21:51:00+01:00,112.498,112.533,112.498,112.532,127
SQ:USDJPY,2018-12-19T21:52:00+01:00,112.532,112.553,112.532,112.542,103
SQ:USDJPY,2018-12-19T21:53:00+01:00,112.539,112.590,112.539,112.590,123
SQ:USDJPY,2018-12-19T21:54:00+01:00,112.589,112.609,112.577,112.600,147
SQ:USDJPY,2018-12-19T21:55:00+01:00,112.597,112.628,112.591,112.591,211
SQ:USDJPY,2018-12-19T21:56:00+01:00,112.592,112.593,112.564,112.590,133
SQ:USDJPY,2018-12-19T21:57:00+01:00,112.589,112.594,112.572,112.585,231
SQ:USDJPY,2018-12-19T21:58:00+01:00,112.586,112.596,112.576,112.587,160
SQ:USDJPY,2018-12-19T21:59:00+01:00,112.587,112.587,112.575,112.582,135
SQ:USDJPY,2018-12-19T22:00:00+01:00,112.578,112.592,112.573,112.579,160
SQ:USDJPY,2018-12-19T22:01:00+01:00,112.579,112.595,112.575,112.586,74
SQ:USDJPY,2018-12-19T22:02:00+01:00,112.585,112.586,112.578,112.578,38
SQ:USDJPY,2018-12-19T22:03:00+01:00,112.576,112.579,112.567,112.569,55
SQ:USDJPY,2018-12-19T22:04:00+01:00,112.569,112.609,112.567,112.607,74
SQ:USDJPY,2018-12-19T22:05:00+01:00,112.604,112.609,112.590,112.590,70
SQ:USDJPY,2018-12-19T22:06:00+01:00,112.589,112.615,112.586,112.611,91
SQ:USDJPY,2018-12-19T22:07:00+01:00,112.610,112.610,112.594,112.598,65
SQ:USDJPY,2018-12-19T22:08:00+01:00,112.597,112.598,112.585,112.586,36
SQ:USDJPY,2018-12-19T22:09:00+01:00,112.584,112.584,112.555,112.555,51
SQ:USDJPY,2018-12-19T22:10:00+01:00,112.553,112.554,112.538,112.540,39
SQ:USDJPY,2018-12-19T22:11:00+01:00,112.541,112.542,112.529,112.538,60
SQ:USDJPY,2018-12-19T22:12:00+01:00,112.537,112.564,112.536,112.562,48
SQ:USDJPY,2018-12-19T22:13:00+01:00,112.561,112.575,112.561,112.575,19
SQ:USDJPY,2018-12-19T22:14:00+01:00,112.574,112.574,112.538,112.545,82
SQ:USDJPY,2018-12-19T22:15:00+01:00,112.546,112.557,112.546,112.556,16
SQ:USDJPY,2018-12-19T22:16:00+01:00,112.555,112.561,112.550,112.557,23
SQ:USDJPY,2018-12-19T22:17:00+01:00,112.558,112.563,112.552,112.562,24
SQ:USDJPY,2018-12-19T22:18:00+01:00,112.563,112.571,112.562,112.562,21
SQ:USDJPY,2018-12-19T22:19:00+01:00,112.562,112.587,112.562,112.587,43
SQ:USDJPY,2018-12-19T22:20:00+01:00,112.586,112.607,112.586,112.605,28
SQ:USDJPY,2018-12-19T22:21:00+01:00,112.605,112.608,112.604,112.605,25
SQ:USDJPY,2018-12-19T22:22:00+01:00,112.606,112.632,112.606,112.632,44
SQ:USDJPY,2018-12-19T22:23:00+01:00,112.631,112.639,112.631,112.631,23
SQ:USDJPY,2018-12-19T22:24:00+01:00,112.632,112.656,112.632,112.634,59
SQ:USDJPY,2018-12-19T22:25:00+01:00,112.634,112.635,112.606,112.609,47
SQ:USDJPY,2018-12-19T22:26:00+01:00,112.609,112.613,112.609,112.611,27
SQ:USDJPY,2018-12-19T22:27:00+01:00,112.610,112.610,112.587,112.587,41
SQ:USDJPY,2018-12-19T22:28:00+01:00,112.588,112.592,112.580,112.580,37
SQ:USDJPY,2018-12-19T22:29:00+01:00,112.582,112.594,112.582,112.588,41
SQ:USDJPY,2018-12-19T22:30:00+01:00,112.588,112.592,112.576,112.576,28
SQ:USDJPY,2018-12-19T22:31:00+01:00,112.575,112.581,112.564,112.564,34
SQ:USDJPY,2018-12-19T22:32:00+01:00,112.564,112.564,112.549,112.551,45
SQ:USDJPY,2018-12-19T22:33:00+01:00,112.550,112.554,112.527,112.528,63
SQ:USDJPY,2018-12-19T22:34:00+01:00,112.528,112.529,112.506,112.508,82
SQ:USDJPY,2018-12-19T22:35:00+01:00,112.510,112.510,112.476,112.477,92
SQ:USDJPY,2018-12-19T22:36:00+01:00,112.475,112.476,112.452,112.452,52
SQ:USDJPY,2018-12-19T22:37:00+01:00,112.453,112.453,112.432,112.432,44
SQ:USDJPY,2018-12-19T22:38:00+01:00,112.431,112.434,112.412,112.413,54
SQ:USDJPY,2018-12-19T22:39:00+01:00,112.415,112.416,112.388,112.407,81
SQ:USDJPY,2018-12-19T22:40:00+01:00,112.407,112.447,112.407,112.443,84
SQ:USDJPY,2018-12-19T22:41:00+01:00,112.443,112.446,112.391,112.396,101
SQ:USDJPY,2018-12-19T22:42:00+01:00,112.397,112.419,112.397,112.416,45
SQ:USDJPY,2018-12-19T22:43:00+01:00,112.420,112.475,112.420,112.471,68
SQ:USDJPY,2018-12-19T22:44:00+01:00,112.470,112.474,112.436,112.439,73
SQ:USDJPY,2018-12-19T22:45:00+01:00,112.441,112.477,112.441,112.476,107
SQ:USDJPY,2018-12-19T22:46:00+01:00,112.477,112.485,112.469,112.472,43
SQ:USDJPY,2018-12-19T22:47:00+01:00,112.472,112.472,112.449,112.450,50
SQ:USDJPY,2018-12-19T22:48:00+01:00,112.449,112.449,112.429,112.430,56
SQ:USDJPY,2018-12-19T22:49:00+01:00,112.430,112.431,112.420,112.426,104
SQ:USDJPY,2018-12-19T22:50:00+01:00,112.426,112.432,112.424,112.427,119
SQ:USDJPY,2018-12-19T22:51:00+01:00,112.427,112.433,112.421,112.423,84
SQ:USDJPY,2018-12-19T22:52:00+01:00,112.423,112.427,112.420,112.423,61
SQ:USDJPY,2018-12-19T22:53:00+01:00,112.424,112.426,112.421,112.425,50
SQ:USDJPY,2018-12-19T22:54:00+01:00,112.424,112.430,112.421,112.429,62
SQ:USDJPY,2018-12-19T22:55:00+01:00,112.429,112.432,112.427,112.429,28
SQ:USDJPY,2018-12-19T22:56:00+01:00,112.430,112.467,112.429,112.458,52
SQ:USDJPY,2018-12-19T22:57:00+01:00,112.459,112.471,112.455,112.471,44
SQ:USDJPY,2018-12-19T23:00:00+01:00,112.472,112.472,112.472,112.472,1
SQ:USDJPY,2018-12-19T23:01:00+01:00,112.472,112.472,112.355,112.380,23
SQ:USDJPY,2018-12-19T23:02:00+01:00,112.380,112.418,112.380,112.397,25
SQ:USDJPY,2018-12-19T23:03:00+01:00,112.399,112.431,112.385,112.406,88
SQ:USDJPY,2018-12-19T23:04:00+01:00,112.428,112.438,112.369,112.394,63
SQ:USDJPY,2018-12-19T23:05:00+01:00,112.394,112.408,112.358,112.403,135
SQ:USDJPY,2018-12-19T23:06:00+01:00,112.398,112.413,112.390,112.396,134
SQ:USDJPY,2018-12-19T23:07:00+01:00,112.396,112.412,112.396,112.403,97
SQ:USDJPY,2018-12-19T23:08:00+01:00,112.403,112.431,112.403,112.431,14
SQ:USDJPY,2018-12-19T23:09:00+01:00,112.431,112.431,112.400,112.401,25
SQ:USDJPY,2018-12-19T23:10:00+01:00,112.401,112.438,112.401,112.429,33
SQ:USDJPY,2018-12-19T23:11:00+01:00,112.429,112.436,112.417,112.417,34
SQ:USDJPY,2018-12-19T23:12:00+01:00,112.418,112.430,112.418,112.418,28
SQ:USDJPY,2018-12-19T23:13:00+01:00,112.421,112.452,112.421,112.443,65
SQ:USDJPY,2018-12-19T23:14:00+01:00,112.443,112.446,112.439,112.442,101
SQ:USDJPY,2018-12-19T23:15:00+01:00,112.443,112.444,112.418,112.418,37
SQ:USDJPY,2018-12-19T23:16:00+01:00,112.424,112.427,112.424,112.427,101
SQ:USDJPY,2018-12-19T23:17:00+01:00,112.426,112.462,112.426,112.460,22
SQ:USDJPY,2018-12-19T23:18:00+01:00,112.461,112.462,112.408,112.412,84
SQ:USDJPY,2018-12-19T23:19:00+01:00,112.412,112.420,112.407,112.418,83
SQ:USDJPY,2018-12-19T23:20:00+01:00,112.419,112.421,112.407,112.410,189
SQ:USDJPY,2018-12-19T23:21:00+01:00,112.411,112.422,112.406,112.422,74
SQ:USDJPY,2018-12-19T23:22:00+01:00,112.418,112.430,112.418,112.430,9
SQ:USDJPY,2018-12-19T23:23:00+01:00,112.431,112.431,112.420,112.420,3
SQ:USDJPY,2018-12-19T23:24:00+01:00,112.431,112.431,112.416,112.423,66
SQ:USDJPY,2018-12-19T23:25:00+01:00,112.423,112.424,112.420,112.421,52
SQ:USDJPY,2018-12-19T23:26:00+01:00,112.422,112.434,112.421,112.425,102
SQ:USDJPY,2018-12-19T23:27:00+01:00,112.424,112.425,112.423,112.425,56
SQ:USDJPY,2018-12-19T23:28:00+01:00,112.424,112.427,112.422,112.422,170
SQ:USDJPY,2018-12-19T23:29:00+01:00,112.423,112.424,112.421,112.423,95
SQ:USDJPY,2018-12-19T23:30:00+01:00,112.422,112.429,112.421,112.429,130
SQ:USDJPY,2018-12-19T23:31:00+01:00,112.430,112.430,112.428,112.430,16
SQ:USDJPY,2018-12-19T23:32:00+01:00,112.430,112.438,112.425,112.431,54
SQ:USDJPY,2018-12-19T23:33:00+01:00,112.429,112.436,112.429,112.433,33
SQ:USDJPY,2018-12-19T23:34:00+01:00,112.432,112.434,112.422,112.428,35
SQ:USDJPY,2018-12-19T23:35:00+01:00,112.428,112.435,112.428,112.434,32
SQ:USDJPY,2018-12-19T23:36:00+01:00,112.435,112.435,112.429,112.430,11
SQ:USDJPY,2018-12-19T23:37:00+01:00,112.431,112.432,112.430,112.432,16
SQ:USDJPY,2018-12-19T23:38:00+01:00,112.432,112.432,112.429,112.429,9
SQ:USDJPY,2018-12-19T23:39:00+01:00,112.426,112.427,112.426,112.427,9
SQ:USDJPY,2018-12-19T23:40:00+01:00,112.427,112.427,112.418,112.418,15
SQ:USDJPY,2018-12-19T23:41:00+01:00,112.418,112.426,112.418,112.424,18
SQ:USDJPY,2018-12-19T23:42:00+01:00,112.424,112.427,112.424,112.424,19
SQ:USDJPY,2018-12-19T23:43:00+01:00,112.425,112.426,112.417,112.422,19
SQ:USDJPY,2018-12-19T23:44:00+01:00,112.422,112.426,112.418,112.423,24
SQ:USDJPY,2018-12-19T23:45:00+01:00,112.422,112.422,112.412,112.412,25
SQ:USDJPY,2018-12-19T23:46:00+01:00,112.413,112.413,112.403,112.411,26
SQ:USDJPY,2018-12-19T23:47:00+01:00,112.412,112.415,112.411,112.415,10
SQ:USDJPY,2018-12-19T23:48:00+01:00,112.415,112.421,112.415,112.421,18
SQ:USDJPY,2018-12-19T23:49:00+01:00,112.420,112.421,112.419,112.421,28
SQ:USDJPY,2018-12-19T23:50:00+01:00,112.420,112.421,112.419,112.420,15
SQ:USDJPY,2018-12-19T23:51:00+01:00,112.420,112.421,112.420,112.420,9
SQ:USDJPY,2018-12-19T23:52:00+01:00,112.420,112.421,112.413,112.413,23
SQ:USDJPY,2018-12-19T23:53:00+01:00,112.414,112.414,112.412,112.413,21
SQ:USDJPY,2018-12-19T23:54:00+01:00,112.412,112.414,112.412,112.413,29
SQ:USDJPY,2018-12-19T23:55:00+01:00,112.413,112.415,112.412,112.413,32
SQ:USDJPY,2018-12-19T23:56:00+01:00,112.412,112.415,112.403,112.403,46
SQ:USDJPY,2018-12-19T23:57:00+01:00,112.404,112.413,112.402,112.409,76
SQ:USDJPY,2018-12-19T23:58:00+01:00,112.410,112.410,112.407,112.407,20
SQ:USDJPY,2018-12-19T23:59:00+01:00,112.408,112.409,112.406,112.409,27
