SQ:USDCAD,2019-01-04T00:00:00+01:00,1.34764,1.34798,1.34764,1.34792,97
SQ:USDCAD,2019-01-04T00:01:00+01:00,1.34792,1.34807,1.34792,1.34799,27
SQ:USDCAD,2019-01-04T00:02:00+01:00,1.34799,1.34799,1.34799,1.34799,1
SQ:USDCAD,2019-01-04T00:03:00+01:00,1.34804,1.34804,1.34799,1.34799,3
SQ:USDCAD,2019-01-04T00:04:00+01:00,1.34799,1.34805,1.34799,1.34805,17
SQ:USDCAD,2019-01-04T00:05:00+01:00,1.34805,1.34805,1.34804,1.34805,11
SQ:USDCAD,2019-01-04T00:06:00+01:00,1.34805,1.34806,1.34787,1.34787,17
SQ:USDCAD,2019-01-04T00:07:00+01:00,1.34787,1.34787,1.34772,1.34773,25
SQ:USDCAD,2019-01-04T00:08:00+01:00,1.34775,1.34779,1.34771,1.34773,18
SQ:USDCAD,2019-01-04T00:09:00+01:00,1.34774,1.34774,1.34771,1.34774,12
SQ:USDCAD,2019-01-04T00:10:00+01:00,1.34776,1.34783,1.34763,1.34775,49
SQ:USDCAD,2019-01-04T00:11:00+01:00,1.34774,1.34780,1.34773,1.34774,20
SQ:USDCAD,2019-01-04T00:12:00+01:00,1.34775,1.34775,1.34770,1.34770,13
SQ:USDCAD,2019-01-04T00:13:00+01:00,1.34769,1.34772,1.34765,1.34769,25
SQ:USDCAD,2019-01-04T00:14:00+01:00,1.34767,1.34767,1.34757,1.34757,15
SQ:USDCAD,2019-01-04T00:15:00+01:00,1.34757,1.34771,1.34757,1.34768,16
SQ:USDCAD,2019-01-04T00:16:00+01:00,1.34768,1.34768,1.34754,1.34756,33
SQ:USDCAD,2019-01-04T00:17:00+01:00,1.34758,1.34758,1.34755,1.34755,12
SQ:USDCAD,2019-01-04T00:18:00+01:00,1.34754,1.34755,1.34732,1.34734,36
SQ:USDCAD,2019-01-04T00:19:00+01:00,1.34743,1.34747,1.34739,1.34743,45
SQ:USDCAD,2019-01-04T00:20:00+01:00,1.34742,1.34743,1.34741,1.34741,16
SQ:USDCAD,2019-01-04T00:21:00+01:00,1.34741,1.34741,1.34734,1.34735,32
SQ:USDCAD,2019-01-04T00:22:00+01:00,1.34735,1.34736,1.34733,1.34734,12
SQ:USDCAD,2019-01-04T00:23:00+01:00,1.34734,1.34736,1.34734,1.34735,11
SQ:USDCAD,2019-01-04T00:24:00+01:00,1.34735,1.34740,1.34734,1.34736,9
SQ:USDCAD,2019-01-04T00:25:00+01:00,1.34736,1.34743,1.34735,1.34741,9
SQ:USDCAD,2019-01-04T00:26:00+01:00,1.34743,1.34749,1.34736,1.34740,36
SQ:USDCAD,2019-01-04T00:27:00+01:00,1.34739,1.34750,1.34739,1.34743,24
SQ:USDCAD,2019-01-04T00:28:00+01:00,1.34743,1.34745,1.34742,1.34745,10
SQ:USDCAD,2019-01-04T00:29:00+01:00,1.34743,1.34743,1.34737,1.34739,10
SQ:USDCAD,2019-01-04T00:30:00+01:00,1.34740,1.34745,1.34740,1.34744,9
SQ:USDCAD,2019-01-04T00:31:00+01:00,1.34744,1.34746,1.34743,1.34744,17
SQ:USDCAD,2019-01-04T00:32:00+01:00,1.34743,1.34747,1.34743,1.34745,17
SQ:USDCAD,2019-01-04T00:33:00+01:00,1.34746,1.34747,1.34739,1.34747,31
SQ:USDCAD,2019-01-04T00:34:00+01:00,1.34746,1.34750,1.34746,1.34750,7
SQ:USDCAD,2019-01-04T00:35:00+01:00,1.34750,1.34751,1.34746,1.34746,10
SQ:USDCAD,2019-01-04T00:36:00+01:00,1.34745,1.34745,1.34739,1.34739,8
SQ:USDCAD,2019-01-04T00:37:00+01:00,1.34739,1.34740,1.34738,1.34738,8
SQ:USDCAD,2019-01-04T00:38:00+01:00,1.34732,1.34737,1.34728,1.34737,10
SQ:USDCAD,2019-01-04T00:39:00+01:00,1.34734,1.34736,1.34732,1.34736,6
SQ:USDCAD,2019-01-04T00:40:00+01:00,1.34735,1.34737,1.34733,1.34737,5
SQ:USDCAD,2019-01-04T00:41:00+01:00,1.34736,1.34737,1.34733,1.34735,11
SQ:USDCAD,2019-01-04T00:42:00+01:00,1.34736,1.34737,1.34729,1.34729,11
SQ:USDCAD,2019-01-04T00:43:00+01:00,1.34730,1.34730,1.34730,1.34730,1
SQ:USDCAD,2019-01-04T00:44:00+01:00,1.34736,1.34739,1.34736,1.34738,7
SQ:USDCAD,2019-01-04T00:45:00+01:00,1.34744,1.34746,1.34739,1.34739,15
SQ:USDCAD,2019-01-04T00:46:00+01:00,1.34739,1.34746,1.34738,1.34746,19
SQ:USDCAD,2019-01-04T00:47:00+01:00,1.34745,1.34748,1.34744,1.34748,10
SQ:USDCAD,2019-01-04T00:48:00+01:00,1.34748,1.34764,1.34748,1.34760,27
SQ:USDCAD,2019-01-04T00:49:00+01:00,1.34758,1.34759,1.34757,1.34758,9
SQ:USDCAD,2019-01-04T00:50:00+01:00,1.34759,1.34761,1.34757,1.34760,13
SQ:USDCAD,2019-01-04T00:51:00+01:00,1.34759,1.34764,1.34753,1.34754,22
SQ:USDCAD,2019-01-04T00:52:00+01:00,1.34753,1.34755,1.34742,1.34742,14
SQ:USDCAD,2019-01-04T00:53:00+01:00,1.34744,1.34772,1.34744,1.34771,33
SQ:USDCAD,2019-01-04T00:54:00+01:00,1.34770,1.34771,1.34770,1.34770,19
SQ:USDCAD,2019-01-04T00:55:00+01:00,1.34771,1.34781,1.34771,1.34780,19
SQ:USDCAD,2019-01-04T00:56:00+01:00,1.34780,1.34786,1.34778,1.34785,21
SQ:USDCAD,2019-01-04T00:57:00+01:00,1.34786,1.34786,1.34782,1.34785,9
SQ:USDCAD,2019-01-04T00:58:00+01:00,1.34782,1.34788,1.34782,1.34786,38
SQ:USDCAD,2019-01-04T00:59:00+01:00,1.34786,1.34787,1.34780,1.34784,28
SQ:USDCAD,2019-01-04T01:00:00+01:00,1.34782,1.34788,1.34775,1.34788,48
SQ:USDCAD,2019-01-04T01:01:00+01:00,1.34785,1.34798,1.34782,1.34795,70
SQ:USDCAD,2019-01-04T01:02:00+01:00,1.34796,1.34827,1.34796,1.34822,80
SQ:USDCAD,2019-01-04T01:03:00+01:00,1.34823,1.34825,1.34813,1.34814,40
SQ:USDCAD,2019-01-04T01:04:00+01:00,1.34814,1.34818,1.34813,1.34818,34
SQ:USDCAD,2019-01-04T01:05:00+01:00,1.34817,1.34832,1.34816,1.34830,49
SQ:USDCAD,2019-01-04T01:06:00+01:00,1.34830,1.34830,1.34818,1.34822,79
SQ:USDCAD,2019-01-04T01:07:00+01:00,1.34822,1.34825,1.34818,1.34825,51
SQ:USDCAD,2019-01-04T01:08:00+01:00,1.34822,1.34825,1.34804,1.34817,67
SQ:USDCAD,2019-01-04T01:09:00+01:00,1.34815,1.34827,1.34814,1.34819,68
SQ:USDCAD,2019-01-04T01:10:00+01:00,1.34819,1.34825,1.34816,1.34819,39
SQ:USDCAD,2019-01-04T01:11:00+01:00,1.34819,1.34834,1.34819,1.34832,31
SQ:USDCAD,2019-01-04T01:12:00+01:00,1.34831,1.34840,1.34831,1.34838,57
SQ:USDCAD,2019-01-04T01:13:00+01:00,1.34837,1.34844,1.34822,1.34834,44
SQ:USDCAD,2019-01-04T01:14:00+01:00,1.34831,1.34851,1.34831,1.34843,42
SQ:USDCAD,2019-01-04T01:15:00+01:00,1.34843,1.34849,1.34839,1.34845,30
SQ:USDCAD,2019-01-04T01:16:00+01:00,1.34846,1.34849,1.34844,1.34847,11
SQ:USDCAD,2019-01-04T01:17:00+01:00,1.34846,1.34847,1.34840,1.34846,34
SQ:USDCAD,2019-01-04T01:18:00+01:00,1.34846,1.34846,1.34838,1.34839,13
SQ:USDCAD,2019-01-04T01:19:00+01:00,1.34838,1.34838,1.34833,1.34833,21
SQ:USDCAD,2019-01-04T01:20:00+01:00,1.34834,1.34836,1.34815,1.34816,21
SQ:USDCAD,2019-01-04T01:21:00+01:00,1.34817,1.34818,1.34815,1.34817,22
SQ:USDCAD,2019-01-04T01:22:00+01:00,1.34817,1.34826,1.34817,1.34826,12
SQ:USDCAD,2019-01-04T01:23:00+01:00,1.34826,1.34839,1.34826,1.34836,24
SQ:USDCAD,2019-01-04T01:24:00+01:00,1.34836,1.34849,1.34835,1.34842,52
SQ:USDCAD,2019-01-04T01:25:00+01:00,1.34841,1.34845,1.34838,1.34839,25
SQ:USDCAD,2019-01-04T01:26:00+01:00,1.34840,1.34848,1.34839,1.34845,15
SQ:USDCAD,2019-01-04T01:27:00+01:00,1.34846,1.34846,1.34839,1.34840,15
SQ:USDCAD,2019-01-04T01:28:00+01:00,1.34839,1.34846,1.34839,1.34839,16
SQ:USDCAD,2019-01-04T01:29:00+01:00,1.34844,1.34847,1.34841,1.34844,9
SQ:USDCAD,2019-01-04T01:30:00+01:00,1.34845,1.34846,1.34839,1.34840,12
SQ:USDCAD,2019-01-04T01:31:00+01:00,1.34848,1.34848,1.34838,1.34838,28
SQ:USDCAD,2019-01-04T01:32:00+01:00,1.34839,1.34839,1.34838,1.34838,15
SQ:USDCAD,2019-01-04T01:33:00+01:00,1.34838,1.34840,1.34833,1.34836,42
SQ:USDCAD,2019-01-04T01:34:00+01:00,1.34835,1.34836,1.34827,1.34827,17
SQ:USDCAD,2019-01-04T01:35:00+01:00,1.34828,1.34832,1.34828,1.34829,16
SQ:USDCAD,2019-01-04T01:36:00+01:00,1.34829,1.34833,1.34825,1.34827,32
SQ:USDCAD,2019-01-04T01:37:00+01:00,1.34827,1.34830,1.34827,1.34829,8
SQ:USDCAD,2019-01-04T01:38:00+01:00,1.34830,1.34837,1.34830,1.34835,35
SQ:USDCAD,2019-01-04T01:39:00+01:00,1.34831,1.34836,1.34828,1.34835,11
SQ:USDCAD,2019-01-04T01:40:00+01:00,1.34836,1.34837,1.34835,1.34836,21
SQ:USDCAD,2019-01-04T01:41:00+01:00,1.34837,1.34847,1.34837,1.34847,27
SQ:USDCAD,2019-01-04T01:42:00+01:00,1.34847,1.34847,1.34847,1.34847,2
SQ:USDCAD,2019-01-04T01:43:00+01:00,1.34847,1.34868,1.34847,1.34866,74
SQ:USDCAD,2019-01-04T01:44:00+01:00,1.34867,1.34867,1.34860,1.34862,8
SQ:USDCAD,2019-01-04T01:45:00+01:00,1.34863,1.34866,1.34861,1.34865,23
SQ:USDCAD,2019-01-04T01:46:00+01:00,1.34865,1.34870,1.34865,1.34868,32
SQ:USDCAD,2019-01-04T01:47:00+01:00,1.34868,1.34876,1.34865,1.34874,65
SQ:USDCAD,2019-01-04T01:48:00+01:00,1.34875,1.34875,1.34865,1.34869,30
SQ:USDCAD,2019-01-04T01:49:00+01:00,1.34867,1.34868,1.34856,1.34859,39
SQ:USDCAD,2019-01-04T01:50:00+01:00,1.34859,1.34862,1.34854,1.34859,22
SQ:USDCAD,2019-01-04T01:51:00+01:00,1.34860,1.34866,1.34856,1.34865,35
SQ:USDCAD,2019-01-04T01:52:00+01:00,1.34865,1.34865,1.34857,1.34857,16
SQ:USDCAD,2019-01-04T01:53:00+01:00,1.34857,1.34857,1.34848,1.34856,36
SQ:USDCAD,2019-01-04T01:54:00+01:00,1.34856,1.34856,1.34855,1.34855,7
SQ:USDCAD,2019-01-04T01:55:00+01:00,1.34855,1.34870,1.34854,1.34870,44
SQ:USDCAD,2019-01-04T01:56:00+01:00,1.34870,1.34870,1.34864,1.34870,24
SQ:USDCAD,2019-01-04T01:57:00+01:00,1.34871,1.34877,1.34865,1.34872,28
SQ:USDCAD,2019-01-04T01:58:00+01:00,1.34872,1.34872,1.34853,1.34857,26
SQ:USDCAD,2019-01-04T01:59:00+01:00,1.34858,1.34858,1.34847,1.34849,34
SQ:USDCAD,2019-01-04T02:00:00+01:00,1.34854,1.34854,1.34838,1.34838,46
SQ:USDCAD,2019-01-04T02:01:00+01:00,1.34837,1.34842,1.34832,1.34838,36
SQ:USDCAD,2019-01-04T02:02:00+01:00,1.34838,1.34838,1.34819,1.34821,40
SQ:USDCAD,2019-01-04T02:03:00+01:00,1.34820,1.34820,1.34813,1.34814,28
SQ:USDCAD,2019-01-04T02:04:00+01:00,1.34813,1.34817,1.34812,1.34812,29
SQ:USDCAD,2019-01-04T02:05:00+01:00,1.34815,1.34828,1.34815,1.34828,32
SQ:USDCAD,2019-01-04T02:06:00+01:00,1.34830,1.34833,1.34819,1.34819,24
SQ:USDCAD,2019-01-04T02:07:00+01:00,1.34818,1.34821,1.34816,1.34818,24
SQ:USDCAD,2019-01-04T02:08:00+01:00,1.34818,1.34825,1.34817,1.34825,10
SQ:USDCAD,2019-01-04T02:09:00+01:00,1.34826,1.34828,1.34821,1.34823,18
SQ:USDCAD,2019-01-04T02:10:00+01:00,1.34824,1.34828,1.34822,1.34825,24
SQ:USDCAD,2019-01-04T02:11:00+01:00,1.34826,1.34826,1.34819,1.34821,12
SQ:USDCAD,2019-01-04T02:12:00+01:00,1.34820,1.34826,1.34820,1.34826,35
SQ:USDCAD,2019-01-04T02:13:00+01:00,1.34826,1.34827,1.34825,1.34825,11
SQ:USDCAD,2019-01-04T02:14:00+01:00,1.34825,1.34834,1.34825,1.34827,26
SQ:USDCAD,2019-01-04T02:15:00+01:00,1.34831,1.34841,1.34831,1.34841,67
SQ:USDCAD,2019-01-04T02:16:00+01:00,1.34843,1.34856,1.34843,1.34856,40
SQ:USDCAD,2019-01-04T02:17:00+01:00,1.34856,1.34864,1.34855,1.34857,50
SQ:USDCAD,2019-01-04T02:18:00+01:00,1.34857,1.34872,1.34857,1.34869,39
SQ:USDCAD,2019-01-04T02:19:00+01:00,1.34869,1.34869,1.34859,1.34860,24
SQ:USDCAD,2019-01-04T02:20:00+01:00,1.34859,1.34865,1.34850,1.34865,33
SQ:USDCAD,2019-01-04T02:21:00+01:00,1.34866,1.34868,1.34863,1.34864,36
SQ:USDCAD,2019-01-04T02:22:00+01:00,1.34865,1.34868,1.34865,1.34868,11
SQ:USDCAD,2019-01-04T02:23:00+01:00,1.34869,1.34897,1.34869,1.34894,46
SQ:USDCAD,2019-01-04T02:24:00+01:00,1.34894,1.34896,1.34890,1.34896,60
SQ:USDCAD,2019-01-04T02:25:00+01:00,1.34895,1.34896,1.34894,1.34894,16
SQ:USDCAD,2019-01-04T02:26:00+01:00,1.34893,1.34893,1.34879,1.34880,35
SQ:USDCAD,2019-01-04T02:27:00+01:00,1.34879,1.34879,1.34879,1.34879,2
SQ:USDCAD,2019-01-04T02:28:00+01:00,1.34878,1.34879,1.34869,1.34869,15
SQ:USDCAD,2019-01-04T02:29:00+01:00,1.34868,1.34879,1.34868,1.34879,18
SQ:USDCAD,2019-01-04T02:30:00+01:00,1.34878,1.34879,1.34864,1.34866,50
SQ:USDCAD,2019-01-04T02:31:00+01:00,1.34869,1.34870,1.34865,1.34869,24
SQ:USDCAD,2019-01-04T02:32:00+01:00,1.34870,1.34870,1.34851,1.34851,45
SQ:USDCAD,2019-01-04T02:33:00+01:00,1.34851,1.34857,1.34849,1.34850,44
SQ:USDCAD,2019-01-04T02:34:00+01:00,1.34850,1.34850,1.34839,1.34839,50
SQ:USDCAD,2019-01-04T02:35:00+01:00,1.34840,1.34840,1.34829,1.34829,27
SQ:USDCAD,2019-01-04T02:36:00+01:00,1.34829,1.34831,1.34802,1.34802,50
SQ:USDCAD,2019-01-04T02:37:00+01:00,1.34802,1.34802,1.34791,1.34794,52
SQ:USDCAD,2019-01-04T02:38:00+01:00,1.34794,1.34802,1.34792,1.34793,51
SQ:USDCAD,2019-01-04T02:39:00+01:00,1.34793,1.34807,1.34786,1.34805,46
SQ:USDCAD,2019-01-04T02:40:00+01:00,1.34805,1.34805,1.34798,1.34801,43
SQ:USDCAD,2019-01-04T02:41:00+01:00,1.34801,1.34802,1.34783,1.34784,21
SQ:USDCAD,2019-01-04T02:42:00+01:00,1.34776,1.34784,1.34775,1.34784,9
SQ:USDCAD,2019-01-04T02:43:00+01:00,1.34783,1.34785,1.34783,1.34784,8
SQ:USDCAD,2019-01-04T02:44:00+01:00,1.34785,1.34785,1.34770,1.34777,24
SQ:USDCAD,2019-01-04T02:45:00+01:00,1.34775,1.34775,1.34760,1.34761,61
SQ:USDCAD,2019-01-04T02:46:00+01:00,1.34761,1.34772,1.34757,1.34769,43
SQ:USDCAD,2019-01-04T02:47:00+01:00,1.34767,1.34772,1.34752,1.34770,59
SQ:USDCAD,2019-01-04T02:48:00+01:00,1.34770,1.34780,1.34770,1.34779,25
SQ:USDCAD,2019-01-04T02:49:00+01:00,1.34779,1.34781,1.34772,1.34777,44
SQ:USDCAD,2019-01-04T02:50:00+01:00,1.34778,1.34779,1.34763,1.34769,34
SQ:USDCAD,2019-01-04T02:51:00+01:00,1.34768,1.34770,1.34763,1.34770,22
SQ:USDCAD,2019-01-04T02:52:00+01:00,1.34771,1.34771,1.34767,1.34767,10
SQ:USDCAD,2019-01-04T02:53:00+01:00,1.34767,1.34774,1.34765,1.34771,22
SQ:USDCAD,2019-01-04T02:54:00+01:00,1.34773,1.34779,1.34773,1.34778,24
SQ:USDCAD,2019-01-04T02:55:00+01:00,1.34778,1.34781,1.34776,1.34778,28
SQ:USDCAD,2019-01-04T02:56:00+01:00,1.34778,1.34783,1.34777,1.34780,15
SQ:USDCAD,2019-01-04T02:57:00+01:00,1.34781,1.34786,1.34780,1.34785,11
SQ:USDCAD,2019-01-04T02:58:00+01:00,1.34785,1.34785,1.34782,1.34784,12
SQ:USDCAD,2019-01-04T02:59:00+01:00,1.34786,1.34788,1.34785,1.34787,10
SQ:USDCAD,2019-01-04T03:00:00+01:00,1.34787,1.34790,1.34781,1.34790,28
SQ:USDCAD,2019-01-04T03:01:00+01:00,1.34791,1.34791,1.34787,1.34787,22
SQ:USDCAD,2019-01-04T03:02:00+01:00,1.34787,1.34787,1.34768,1.34773,28
SQ:USDCAD,2019-01-04T03:03:00+01:00,1.34774,1.34777,1.34767,1.34767,19
SQ:USDCAD,2019-01-04T03:04:00+01:00,1.34766,1.34766,1.34760,1.34760,6
SQ:USDCAD,2019-01-04T03:05:00+01:00,1.34760,1.34769,1.34760,1.34768,8
SQ:USDCAD,2019-01-04T03:06:00+01:00,1.34769,1.34781,1.34769,1.34780,15
SQ:USDCAD,2019-01-04T03:07:00+01:00,1.34780,1.34782,1.34778,1.34778,29
SQ:USDCAD,2019-01-04T03:08:00+01:00,1.34777,1.34785,1.34777,1.34782,27
SQ:USDCAD,2019-01-04T03:09:00+01:00,1.34780,1.34782,1.34779,1.34781,4
SQ:USDCAD,2019-01-04T03:10:00+01:00,1.34782,1.34782,1.34775,1.34776,8
SQ:USDCAD,2019-01-04T03:11:00+01:00,1.34774,1.34778,1.34774,1.34778,7
SQ:USDCAD,2019-01-04T03:12:00+01:00,1.34777,1.34777,1.34758,1.34758,14
SQ:USDCAD,2019-01-04T03:13:00+01:00,1.34759,1.34767,1.34759,1.34767,7
SQ:USDCAD,2019-01-04T03:14:00+01:00,1.34767,1.34776,1.34767,1.34776,10
SQ:USDCAD,2019-01-04T03:15:00+01:00,1.34778,1.34778,1.34777,1.34777,3
SQ:USDCAD,2019-01-04T03:16:00+01:00,1.34776,1.34785,1.34773,1.34784,15
SQ:USDCAD,2019-01-04T03:17:00+01:00,1.34783,1.34786,1.34783,1.34786,4
SQ:USDCAD,2019-01-04T03:18:00+01:00,1.34786,1.34789,1.34779,1.34789,19
SQ:USDCAD,2019-01-04T03:19:00+01:00,1.34789,1.34789,1.34786,1.34787,17
SQ:USDCAD,2019-01-04T03:20:00+01:00,1.34787,1.34788,1.34786,1.34786,7
SQ:USDCAD,2019-01-04T03:21:00+01:00,1.34786,1.34786,1.34786,1.34786,6
SQ:USDCAD,2019-01-04T03:22:00+01:00,1.34786,1.34786,1.34771,1.34771,25
SQ:USDCAD,2019-01-04T03:23:00+01:00,1.34768,1.34771,1.34764,1.34770,41
SQ:USDCAD,2019-01-04T03:24:00+01:00,1.34767,1.34772,1.34767,1.34770,24
SQ:USDCAD,2019-01-04T03:25:00+01:00,1.34771,1.34781,1.34770,1.34773,36
SQ:USDCAD,2019-01-04T03:26:00+01:00,1.34774,1.34776,1.34767,1.34767,17
SQ:USDCAD,2019-01-04T03:27:00+01:00,1.34765,1.34767,1.34755,1.34760,26
SQ:USDCAD,2019-01-04T03:28:00+01:00,1.34763,1.34766,1.34760,1.34762,17
SQ:USDCAD,2019-01-04T03:29:00+01:00,1.34762,1.34767,1.34762,1.34766,20
SQ:USDCAD,2019-01-04T03:30:00+01:00,1.34766,1.34772,1.34766,1.34771,17
SQ:USDCAD,2019-01-04T03:31:00+01:00,1.34771,1.34795,1.34760,1.34794,52
SQ:USDCAD,2019-01-04T03:32:00+01:00,1.34795,1.34800,1.34792,1.34799,33
SQ:USDCAD,2019-01-04T03:33:00+01:00,1.34801,1.34802,1.34798,1.34800,15
SQ:USDCAD,2019-01-04T03:34:00+01:00,1.34800,1.34805,1.34798,1.34798,18
SQ:USDCAD,2019-01-04T03:35:00+01:00,1.34797,1.34805,1.34796,1.34805,9
SQ:USDCAD,2019-01-04T03:36:00+01:00,1.34806,1.34813,1.34800,1.34800,31
SQ:USDCAD,2019-01-04T03:37:00+01:00,1.34800,1.34806,1.34798,1.34801,49
SQ:USDCAD,2019-01-04T03:38:00+01:00,1.34800,1.34800,1.34789,1.34796,36
SQ:USDCAD,2019-01-04T03:39:00+01:00,1.34798,1.34801,1.34794,1.34795,34
SQ:USDCAD,2019-01-04T03:40:00+01:00,1.34794,1.34799,1.34790,1.34799,44
SQ:USDCAD,2019-01-04T03:41:00+01:00,1.34798,1.34800,1.34791,1.34798,37
SQ:USDCAD,2019-01-04T03:42:00+01:00,1.34797,1.34797,1.34792,1.34797,19
SQ:USDCAD,2019-01-04T03:43:00+01:00,1.34796,1.34803,1.34795,1.34797,16
SQ:USDCAD,2019-01-04T03:44:00+01:00,1.34798,1.34800,1.34796,1.34796,13
SQ:USDCAD,2019-01-04T03:45:00+01:00,1.34796,1.34802,1.34796,1.34800,19
SQ:USDCAD,2019-01-04T03:46:00+01:00,1.34799,1.34809,1.34798,1.34806,18
SQ:USDCAD,2019-01-04T03:47:00+01:00,1.34806,1.34811,1.34806,1.34811,16
SQ:USDCAD,2019-01-04T03:48:00+01:00,1.34812,1.34816,1.34811,1.34815,14
SQ:USDCAD,2019-01-04T03:49:00+01:00,1.34816,1.34822,1.34815,1.34819,51
SQ:USDCAD,2019-01-04T03:50:00+01:00,1.34820,1.34820,1.34813,1.34814,51
SQ:USDCAD,2019-01-04T03:51:00+01:00,1.34814,1.34826,1.34813,1.34823,27
SQ:USDCAD,2019-01-04T03:52:00+01:00,1.34825,1.34826,1.34821,1.34823,18
SQ:USDCAD,2019-01-04T03:53:00+01:00,1.34822,1.34823,1.34814,1.34816,24
SQ:USDCAD,2019-01-04T03:54:00+01:00,1.34817,1.34823,1.34816,1.34822,21
SQ:USDCAD,2019-01-04T03:55:00+01:00,1.34822,1.34822,1.34821,1.34822,5
SQ:USDCAD,2019-01-04T03:56:00+01:00,1.34822,1.34826,1.34820,1.34825,23
SQ:USDCAD,2019-01-04T03:57:00+01:00,1.34824,1.34833,1.34823,1.34833,45
SQ:USDCAD,2019-01-04T03:58:00+01:00,1.34833,1.34842,1.34833,1.34842,32
SQ:USDCAD,2019-01-04T03:59:00+01:00,1.34842,1.34842,1.34841,1.34842,9
SQ:USDCAD,2019-01-04T04:00:00+01:00,1.34843,1.34844,1.34838,1.34839,19
SQ:USDCAD,2019-01-04T04:01:00+01:00,1.34841,1.34870,1.34840,1.34863,50
SQ:USDCAD,2019-01-04T04:02:00+01:00,1.34864,1.34890,1.34863,1.34889,54
SQ:USDCAD,2019-01-04T04:03:00+01:00,1.34889,1.34891,1.34887,1.34888,40
SQ:USDCAD,2019-01-04T04:04:00+01:00,1.34887,1.34898,1.34884,1.34885,44
SQ:USDCAD,2019-01-04T04:05:00+01:00,1.34886,1.34889,1.34872,1.34872,42
SQ:USDCAD,2019-01-04T04:06:00+01:00,1.34871,1.34883,1.34862,1.34883,39
SQ:USDCAD,2019-01-04T04:07:00+01:00,1.34882,1.34889,1.34881,1.34887,34
SQ:USDCAD,2019-01-04T04:08:00+01:00,1.34888,1.34889,1.34871,1.34871,27
SQ:USDCAD,2019-01-04T04:09:00+01:00,1.34872,1.34877,1.34871,1.34872,12
SQ:USDCAD,2019-01-04T04:10:00+01:00,1.34873,1.34880,1.34872,1.34880,12
SQ:USDCAD,2019-01-04T04:11:00+01:00,1.34879,1.34892,1.34879,1.34891,11
SQ:USDCAD,2019-01-04T04:12:00+01:00,1.34890,1.34890,1.34887,1.34890,11
SQ:USDCAD,2019-01-04T04:13:00+01:00,1.34889,1.34892,1.34881,1.34886,29
SQ:USDCAD,2019-01-04T04:14:00+01:00,1.34884,1.34885,1.34878,1.34881,17
SQ:USDCAD,2019-01-04T04:15:00+01:00,1.34883,1.34884,1.34881,1.34883,77
SQ:USDCAD,2019-01-04T04:16:00+01:00,1.34882,1.34888,1.34882,1.34887,31
SQ:USDCAD,2019-01-04T04:17:00+01:00,1.34887,1.34890,1.34883,1.34888,21
SQ:USDCAD,2019-01-04T04:18:00+01:00,1.34888,1.34888,1.34885,1.34885,4
SQ:USDCAD,2019-01-04T04:19:00+01:00,1.34885,1.34888,1.34883,1.34888,13
SQ:USDCAD,2019-01-04T04:20:00+01:00,1.34888,1.34896,1.34888,1.34890,12
SQ:USDCAD,2019-01-04T04:21:00+01:00,1.34891,1.34891,1.34887,1.34887,18
SQ:USDCAD,2019-01-04T04:22:00+01:00,1.34887,1.34887,1.34868,1.34868,26
SQ:USDCAD,2019-01-04T04:23:00+01:00,1.34868,1.34868,1.34862,1.34865,17
SQ:USDCAD,2019-01-04T04:24:00+01:00,1.34867,1.34868,1.34867,1.34867,6
SQ:USDCAD,2019-01-04T04:25:00+01:00,1.34866,1.34869,1.34864,1.34866,20
SQ:USDCAD,2019-01-04T04:26:00+01:00,1.34866,1.34867,1.34859,1.34859,41
SQ:USDCAD,2019-01-04T04:27:00+01:00,1.34860,1.34867,1.34858,1.34859,47
SQ:USDCAD,2019-01-04T04:28:00+01:00,1.34858,1.34888,1.34856,1.34874,81
SQ:USDCAD,2019-01-04T04:29:00+01:00,1.34872,1.34873,1.34869,1.34870,10
SQ:USDCAD,2019-01-04T04:30:00+01:00,1.34869,1.34879,1.34869,1.34877,30
SQ:USDCAD,2019-01-04T04:31:00+01:00,1.34877,1.34877,1.34868,1.34868,23
SQ:USDCAD,2019-01-04T04:32:00+01:00,1.34866,1.34868,1.34864,1.34864,20
SQ:USDCAD,2019-01-04T04:33:00+01:00,1.34864,1.34868,1.34859,1.34860,30
SQ:USDCAD,2019-01-04T04:34:00+01:00,1.34859,1.34866,1.34859,1.34859,28
SQ:USDCAD,2019-01-04T04:35:00+01:00,1.34860,1.34861,1.34855,1.34857,27
SQ:USDCAD,2019-01-04T04:36:00+01:00,1.34856,1.34860,1.34849,1.34849,22
SQ:USDCAD,2019-01-04T04:37:00+01:00,1.34850,1.34858,1.34849,1.34858,21
SQ:USDCAD,2019-01-04T04:38:00+01:00,1.34858,1.34860,1.34849,1.34857,24
SQ:USDCAD,2019-01-04T04:39:00+01:00,1.34856,1.34859,1.34853,1.34853,21
SQ:USDCAD,2019-01-04T04:40:00+01:00,1.34853,1.34853,1.34847,1.34851,31
SQ:USDCAD,2019-01-04T04:41:00+01:00,1.34852,1.34863,1.34851,1.34856,50
SQ:USDCAD,2019-01-04T04:42:00+01:00,1.34855,1.34856,1.34843,1.34843,20
SQ:USDCAD,2019-01-04T04:43:00+01:00,1.34844,1.34849,1.34843,1.34848,18
SQ:USDCAD,2019-01-04T04:44:00+01:00,1.34849,1.34849,1.34842,1.34842,29
SQ:USDCAD,2019-01-04T04:45:00+01:00,1.34842,1.34842,1.34839,1.34839,57
SQ:USDCAD,2019-01-04T04:46:00+01:00,1.34840,1.34840,1.34839,1.34839,3
SQ:USDCAD,2019-01-04T04:47:00+01:00,1.34840,1.34841,1.34840,1.34841,3
SQ:USDCAD,2019-01-04T04:48:00+01:00,1.34842,1.34842,1.34841,1.34841,9
SQ:USDCAD,2019-01-04T04:49:00+01:00,1.34841,1.34847,1.34841,1.34846,31
SQ:USDCAD,2019-01-04T04:50:00+01:00,1.34847,1.34851,1.34842,1.34843,28
SQ:USDCAD,2019-01-04T04:51:00+01:00,1.34842,1.34846,1.34841,1.34842,15
SQ:USDCAD,2019-01-04T04:52:00+01:00,1.34843,1.34844,1.34841,1.34841,16
SQ:USDCAD,2019-01-04T04:53:00+01:00,1.34841,1.34841,1.34840,1.34840,6
SQ:USDCAD,2019-01-04T04:54:00+01:00,1.34841,1.34842,1.34841,1.34842,4
SQ:USDCAD,2019-01-04T04:55:00+01:00,1.34842,1.34842,1.34842,1.34842,2
SQ:USDCAD,2019-01-04T04:56:00+01:00,1.34841,1.34841,1.34836,1.34837,7
SQ:USDCAD,2019-01-04T04:57:00+01:00,1.34837,1.34839,1.34827,1.34827,26
SQ:USDCAD,2019-01-04T04:58:00+01:00,1.34827,1.34829,1.34824,1.34827,28
SQ:USDCAD,2019-01-04T04:59:00+01:00,1.34826,1.34828,1.34823,1.34823,12
SQ:USDCAD,2019-01-04T05:00:00+01:00,1.34823,1.34823,1.34816,1.34816,6
SQ:USDCAD,2019-01-04T05:01:00+01:00,1.34817,1.34829,1.34817,1.34828,16
SQ:USDCAD,2019-01-04T05:02:00+01:00,1.34827,1.34829,1.34826,1.34829,5
SQ:USDCAD,2019-01-04T05:03:00+01:00,1.34828,1.34829,1.34824,1.34829,24
SQ:USDCAD,2019-01-04T05:04:00+01:00,1.34829,1.34830,1.34822,1.34829,33
SQ:USDCAD,2019-01-04T05:05:00+01:00,1.34829,1.34831,1.34828,1.34829,12
SQ:USDCAD,2019-01-04T05:06:00+01:00,1.34829,1.34832,1.34829,1.34830,10
SQ:USDCAD,2019-01-04T05:07:00+01:00,1.34829,1.34832,1.34828,1.34828,9
SQ:USDCAD,2019-01-04T05:08:00+01:00,1.34829,1.34830,1.34828,1.34829,4
SQ:USDCAD,2019-01-04T05:09:00+01:00,1.34829,1.34829,1.34828,1.34828,3
SQ:USDCAD,2019-01-04T05:10:00+01:00,1.34828,1.34828,1.34827,1.34828,5
SQ:USDCAD,2019-01-04T05:11:00+01:00,1.34828,1.34828,1.34828,1.34828,3
SQ:USDCAD,2019-01-04T05:12:00+01:00,1.34829,1.34829,1.34823,1.34825,7
SQ:USDCAD,2019-01-04T05:13:00+01:00,1.34824,1.34829,1.34824,1.34826,15
SQ:USDCAD,2019-01-04T05:14:00+01:00,1.34826,1.34831,1.34826,1.34830,6
SQ:USDCAD,2019-01-04T05:15:00+01:00,1.34830,1.34832,1.34824,1.34832,19
SQ:USDCAD,2019-01-04T05:16:00+01:00,1.34831,1.34832,1.34831,1.34831,14
SQ:USDCAD,2019-01-04T05:17:00+01:00,1.34830,1.34830,1.34830,1.34830,2
SQ:USDCAD,2019-01-04T05:18:00+01:00,1.34830,1.34830,1.34830,1.34830,4
SQ:USDCAD,2019-01-04T05:19:00+01:00,1.34829,1.34842,1.34829,1.34841,16
SQ:USDCAD,2019-01-04T05:20:00+01:00,1.34840,1.34855,1.34838,1.34854,28
SQ:USDCAD,2019-01-04T05:21:00+01:00,1.34855,1.34855,1.34843,1.34843,13
SQ:USDCAD,2019-01-04T05:22:00+01:00,1.34846,1.34848,1.34846,1.34847,9
SQ:USDCAD,2019-01-04T05:23:00+01:00,1.34843,1.34845,1.34841,1.34841,17
SQ:USDCAD,2019-01-04T05:24:00+01:00,1.34842,1.34847,1.34842,1.34847,22
SQ:USDCAD,2019-01-04T05:25:00+01:00,1.34847,1.34848,1.34847,1.34848,4
SQ:USDCAD,2019-01-04T05:26:00+01:00,1.34850,1.34854,1.34850,1.34850,18
SQ:USDCAD,2019-01-04T05:27:00+01:00,1.34850,1.34850,1.34850,1.34850,10
SQ:USDCAD,2019-01-04T05:28:00+01:00,1.34850,1.34850,1.34844,1.34844,11
SQ:USDCAD,2019-01-04T05:29:00+01:00,1.34842,1.34844,1.34841,1.34843,21
SQ:USDCAD,2019-01-04T05:30:00+01:00,1.34844,1.34847,1.34843,1.34846,22
SQ:USDCAD,2019-01-04T05:31:00+01:00,1.34845,1.34855,1.34845,1.34852,36
SQ:USDCAD,2019-01-04T05:32:00+01:00,1.34852,1.34855,1.34849,1.34849,19
SQ:USDCAD,2019-01-04T05:33:00+01:00,1.34849,1.34851,1.34849,1.34850,19
SQ:USDCAD,2019-01-04T05:34:00+01:00,1.34850,1.34850,1.34847,1.34848,12
SQ:USDCAD,2019-01-04T05:35:00+01:00,1.34848,1.34849,1.34841,1.34842,16
SQ:USDCAD,2019-01-04T05:36:00+01:00,1.34841,1.34843,1.34840,1.34840,9
SQ:USDCAD,2019-01-04T05:37:00+01:00,1.34840,1.34848,1.34840,1.34846,12
SQ:USDCAD,2019-01-04T05:38:00+01:00,1.34847,1.34847,1.34845,1.34846,7
SQ:USDCAD,2019-01-04T05:39:00+01:00,1.34846,1.34847,1.34845,1.34846,6
SQ:USDCAD,2019-01-04T05:40:00+01:00,1.34846,1.34847,1.34846,1.34846,5
SQ:USDCAD,2019-01-04T05:41:00+01:00,1.34847,1.34848,1.34846,1.34847,14
SQ:USDCAD,2019-01-04T05:42:00+01:00,1.34848,1.34848,1.34847,1.34848,4
SQ:USDCAD,2019-01-04T05:43:00+01:00,1.34848,1.34848,1.34841,1.34841,10
SQ:USDCAD,2019-01-04T05:44:00+01:00,1.34839,1.34842,1.34832,1.34832,23
SQ:USDCAD,2019-01-04T05:45:00+01:00,1.34833,1.34834,1.34831,1.34831,14
SQ:USDCAD,2019-01-04T05:46:00+01:00,1.34829,1.34829,1.34827,1.34828,6
SQ:USDCAD,2019-01-04T05:47:00+01:00,1.34827,1.34827,1.34827,1.34827,2
SQ:USDCAD,2019-01-04T05:48:00+01:00,1.34827,1.34828,1.34826,1.34826,7
SQ:USDCAD,2019-01-04T05:49:00+01:00,1.34826,1.34828,1.34826,1.34827,3
SQ:USDCAD,2019-01-04T05:50:00+01:00,1.34826,1.34826,1.34822,1.34822,4
SQ:USDCAD,2019-01-04T05:51:00+01:00,1.34822,1.34823,1.34821,1.34821,16
SQ:USDCAD,2019-01-04T05:52:00+01:00,1.34822,1.34823,1.34821,1.34821,26
SQ:USDCAD,2019-01-04T05:53:00+01:00,1.34821,1.34821,1.34821,1.34821,10
SQ:USDCAD,2019-01-04T05:54:00+01:00,1.34821,1.34821,1.34817,1.34817,15
SQ:USDCAD,2019-01-04T05:55:00+01:00,1.34816,1.34825,1.34815,1.34825,20
SQ:USDCAD,2019-01-04T05:56:00+01:00,1.34825,1.34825,1.34815,1.34821,21
SQ:USDCAD,2019-01-04T05:57:00+01:00,1.34819,1.34824,1.34819,1.34824,5
SQ:USDCAD,2019-01-04T05:58:00+01:00,1.34825,1.34825,1.34824,1.34825,9
SQ:USDCAD,2019-01-04T05:59:00+01:00,1.34825,1.34828,1.34825,1.34828,23
SQ:USDCAD,2019-01-04T06:00:00+01:00,1.34827,1.34828,1.34826,1.34826,10
SQ:USDCAD,2019-01-04T06:01:00+01:00,1.34827,1.34828,1.34825,1.34827,15
SQ:USDCAD,2019-01-04T06:02:00+01:00,1.34831,1.34831,1.34826,1.34828,19
SQ:USDCAD,2019-01-04T06:03:00+01:00,1.34826,1.34828,1.34826,1.34827,10
SQ:USDCAD,2019-01-04T06:04:00+01:00,1.34828,1.34833,1.34825,1.34832,20
SQ:USDCAD,2019-01-04T06:05:00+01:00,1.34831,1.34831,1.34829,1.34830,13
SQ:USDCAD,2019-01-04T06:06:00+01:00,1.34829,1.34830,1.34826,1.34829,12
SQ:USDCAD,2019-01-04T06:07:00+01:00,1.34830,1.34830,1.34825,1.34828,11
SQ:USDCAD,2019-01-04T06:08:00+01:00,1.34826,1.34827,1.34825,1.34826,17
SQ:USDCAD,2019-01-04T06:09:00+01:00,1.34827,1.34828,1.34826,1.34827,7
SQ:USDCAD,2019-01-04T06:10:00+01:00,1.34828,1.34828,1.34826,1.34828,15
SQ:USDCAD,2019-01-04T06:11:00+01:00,1.34827,1.34831,1.34827,1.34828,18
SQ:USDCAD,2019-01-04T06:12:00+01:00,1.34827,1.34828,1.34827,1.34827,5
SQ:USDCAD,2019-01-04T06:13:00+01:00,1.34827,1.34827,1.34825,1.34825,43
SQ:USDCAD,2019-01-04T06:14:00+01:00,1.34824,1.34828,1.34823,1.34823,19
SQ:USDCAD,2019-01-04T06:15:00+01:00,1.34825,1.34826,1.34824,1.34824,51
SQ:USDCAD,2019-01-04T06:16:00+01:00,1.34824,1.34826,1.34824,1.34824,23
SQ:USDCAD,2019-01-04T06:17:00+01:00,1.34824,1.34824,1.34823,1.34824,34
SQ:USDCAD,2019-01-04T06:18:00+01:00,1.34824,1.34825,1.34824,1.34824,14
SQ:USDCAD,2019-01-04T06:19:00+01:00,1.34822,1.34827,1.34822,1.34822,37
SQ:USDCAD,2019-01-04T06:20:00+01:00,1.34822,1.34825,1.34822,1.34823,32
SQ:USDCAD,2019-01-04T06:21:00+01:00,1.34823,1.34828,1.34823,1.34824,38
SQ:USDCAD,2019-01-04T06:22:00+01:00,1.34823,1.34823,1.34817,1.34817,23
SQ:USDCAD,2019-01-04T06:23:00+01:00,1.34817,1.34817,1.34814,1.34814,3
SQ:USDCAD,2019-01-04T06:24:00+01:00,1.34816,1.34819,1.34815,1.34815,46
SQ:USDCAD,2019-01-04T06:25:00+01:00,1.34815,1.34820,1.34815,1.34819,44
SQ:USDCAD,2019-01-04T06:26:00+01:00,1.34822,1.34823,1.34819,1.34819,4
SQ:USDCAD,2019-01-04T06:27:00+01:00,1.34820,1.34820,1.34815,1.34816,14
SQ:USDCAD,2019-01-04T06:28:00+01:00,1.34816,1.34816,1.34813,1.34815,32
SQ:USDCAD,2019-01-04T06:29:00+01:00,1.34816,1.34819,1.34814,1.34818,30
SQ:USDCAD,2019-01-04T06:30:00+01:00,1.34819,1.34828,1.34818,1.34820,42
SQ:USDCAD,2019-01-04T06:31:00+01:00,1.34821,1.34822,1.34811,1.34811,50
SQ:USDCAD,2019-01-04T06:32:00+01:00,1.34811,1.34811,1.34789,1.34795,48
SQ:USDCAD,2019-01-04T06:33:00+01:00,1.34795,1.34795,1.34789,1.34792,41
SQ:USDCAD,2019-01-04T06:34:00+01:00,1.34792,1.34794,1.34792,1.34794,13
SQ:USDCAD,2019-01-04T06:35:00+01:00,1.34793,1.34798,1.34793,1.34794,18
SQ:USDCAD,2019-01-04T06:36:00+01:00,1.34793,1.34800,1.34793,1.34796,31
SQ:USDCAD,2019-01-04T06:37:00+01:00,1.34796,1.34797,1.34790,1.34794,45
SQ:USDCAD,2019-01-04T06:38:00+01:00,1.34795,1.34797,1.34794,1.34795,49
SQ:USDCAD,2019-01-04T06:39:00+01:00,1.34795,1.34799,1.34795,1.34799,31
SQ:USDCAD,2019-01-04T06:40:00+01:00,1.34799,1.34808,1.34799,1.34808,15
SQ:USDCAD,2019-01-04T06:41:00+01:00,1.34808,1.34808,1.34800,1.34800,19
SQ:USDCAD,2019-01-04T06:42:00+01:00,1.34801,1.34805,1.34801,1.34803,22
SQ:USDCAD,2019-01-04T06:43:00+01:00,1.34806,1.34812,1.34806,1.34812,21
SQ:USDCAD,2019-01-04T06:44:00+01:00,1.34811,1.34814,1.34809,1.34811,16
SQ:USDCAD,2019-01-04T06:45:00+01:00,1.34811,1.34816,1.34811,1.34816,12
SQ:USDCAD,2019-01-04T06:46:00+01:00,1.34815,1.34823,1.34815,1.34823,9
SQ:USDCAD,2019-01-04T06:47:00+01:00,1.34826,1.34832,1.34825,1.34831,21
SQ:USDCAD,2019-01-04T06:48:00+01:00,1.34831,1.34842,1.34829,1.34842,14
SQ:USDCAD,2019-01-04T06:49:00+01:00,1.34843,1.34843,1.34839,1.34839,22
SQ:USDCAD,2019-01-04T06:50:00+01:00,1.34840,1.34843,1.34839,1.34841,24
SQ:USDCAD,2019-01-04T06:51:00+01:00,1.34841,1.34841,1.34841,1.34841,7
SQ:USDCAD,2019-01-04T06:52:00+01:00,1.34842,1.34852,1.34842,1.34852,29
SQ:USDCAD,2019-01-04T06:53:00+01:00,1.34852,1.34852,1.34851,1.34851,14
SQ:USDCAD,2019-01-04T06:54:00+01:00,1.34851,1.34859,1.34851,1.34858,67
SQ:USDCAD,2019-01-04T06:55:00+01:00,1.34858,1.34858,1.34853,1.34853,18
SQ:USDCAD,2019-01-04T06:56:00+01:00,1.34853,1.34858,1.34852,1.34858,13
SQ:USDCAD,2019-01-04T06:57:00+01:00,1.34855,1.34855,1.34855,1.34855,3
SQ:USDCAD,2019-01-04T06:58:00+01:00,1.34855,1.34859,1.34854,1.34855,22
SQ:USDCAD,2019-01-04T06:59:00+01:00,1.34855,1.34857,1.34850,1.34854,63
SQ:USDCAD,2019-01-04T07:00:00+01:00,1.34854,1.34860,1.34854,1.34859,23
SQ:USDCAD,2019-01-04T07:01:00+01:00,1.34859,1.34867,1.34859,1.34867,27
SQ:USDCAD,2019-01-04T07:02:00+01:00,1.34867,1.34867,1.34851,1.34851,30
SQ:USDCAD,2019-01-04T07:03:00+01:00,1.34851,1.34852,1.34850,1.34850,42
SQ:USDCAD,2019-01-04T07:04:00+01:00,1.34850,1.34850,1.34842,1.34844,29
SQ:USDCAD,2019-01-04T07:05:00+01:00,1.34844,1.34859,1.34842,1.34859,36
SQ:USDCAD,2019-01-04T07:06:00+01:00,1.34859,1.34859,1.34849,1.34850,36
SQ:USDCAD,2019-01-04T07:07:00+01:00,1.34851,1.34851,1.34843,1.34843,48
SQ:USDCAD,2019-01-04T07:08:00+01:00,1.34843,1.34843,1.34829,1.34838,31
SQ:USDCAD,2019-01-04T07:09:00+01:00,1.34837,1.34839,1.34837,1.34837,37
SQ:USDCAD,2019-01-04T07:10:00+01:00,1.34838,1.34838,1.34834,1.34835,14
SQ:USDCAD,2019-01-04T07:11:00+01:00,1.34835,1.34835,1.34830,1.34831,17
SQ:USDCAD,2019-01-04T07:12:00+01:00,1.34833,1.34855,1.34833,1.34854,35
SQ:USDCAD,2019-01-04T07:13:00+01:00,1.34852,1.34854,1.34847,1.34847,17
SQ:USDCAD,2019-01-04T07:14:00+01:00,1.34847,1.34848,1.34847,1.34847,7
SQ:USDCAD,2019-01-04T07:15:00+01:00,1.34848,1.34848,1.34840,1.34842,14
SQ:USDCAD,2019-01-04T07:16:00+01:00,1.34842,1.34842,1.34838,1.34840,9
SQ:USDCAD,2019-01-04T07:17:00+01:00,1.34839,1.34844,1.34830,1.34830,31
SQ:USDCAD,2019-01-04T07:18:00+01:00,1.34830,1.34831,1.34828,1.34828,9
SQ:USDCAD,2019-01-04T07:19:00+01:00,1.34828,1.34829,1.34828,1.34829,4
SQ:USDCAD,2019-01-04T07:20:00+01:00,1.34830,1.34830,1.34810,1.34810,11
SQ:USDCAD,2019-01-04T07:21:00+01:00,1.34810,1.34810,1.34801,1.34801,10
SQ:USDCAD,2019-01-04T07:22:00+01:00,1.34801,1.34810,1.34801,1.34810,20
SQ:USDCAD,2019-01-04T07:23:00+01:00,1.34810,1.34810,1.34802,1.34802,12
SQ:USDCAD,2019-01-04T07:24:00+01:00,1.34802,1.34808,1.34802,1.34808,30
SQ:USDCAD,2019-01-04T07:25:00+01:00,1.34808,1.34809,1.34801,1.34805,27
SQ:USDCAD,2019-01-04T07:26:00+01:00,1.34805,1.34808,1.34800,1.34800,46
SQ:USDCAD,2019-01-04T07:27:00+01:00,1.34802,1.34802,1.34783,1.34789,33
SQ:USDCAD,2019-01-04T07:28:00+01:00,1.34788,1.34796,1.34784,1.34795,27
SQ:USDCAD,2019-01-04T07:29:00+01:00,1.34796,1.34796,1.34793,1.34796,22
SQ:USDCAD,2019-01-04T07:30:00+01:00,1.34796,1.34801,1.34795,1.34795,17
SQ:USDCAD,2019-01-04T07:31:00+01:00,1.34794,1.34795,1.34785,1.34785,31
SQ:USDCAD,2019-01-04T07:32:00+01:00,1.34786,1.34789,1.34784,1.34789,21
SQ:USDCAD,2019-01-04T07:33:00+01:00,1.34789,1.34794,1.34786,1.34792,29
SQ:USDCAD,2019-01-04T07:34:00+01:00,1.34792,1.34800,1.34791,1.34794,41
SQ:USDCAD,2019-01-04T07:35:00+01:00,1.34793,1.34793,1.34785,1.34787,24
SQ:USDCAD,2019-01-04T07:36:00+01:00,1.34789,1.34794,1.34784,1.34787,25
SQ:USDCAD,2019-01-04T07:37:00+01:00,1.34787,1.34788,1.34785,1.34785,27
SQ:USDCAD,2019-01-04T07:38:00+01:00,1.34785,1.34785,1.34774,1.34774,17
SQ:USDCAD,2019-01-04T07:39:00+01:00,1.34774,1.34774,1.34764,1.34766,15
SQ:USDCAD,2019-01-04T07:40:00+01:00,1.34767,1.34769,1.34766,1.34768,8
SQ:USDCAD,2019-01-04T07:41:00+01:00,1.34768,1.34768,1.34764,1.34765,16
SQ:USDCAD,2019-01-04T07:42:00+01:00,1.34765,1.34765,1.34757,1.34757,24
SQ:USDCAD,2019-01-04T07:43:00+01:00,1.34757,1.34770,1.34757,1.34767,27
SQ:USDCAD,2019-01-04T07:44:00+01:00,1.34765,1.34771,1.34764,1.34764,47
SQ:USDCAD,2019-01-04T07:45:00+01:00,1.34764,1.34765,1.34763,1.34763,11
SQ:USDCAD,2019-01-04T07:46:00+01:00,1.34764,1.34772,1.34746,1.34747,39
SQ:USDCAD,2019-01-04T07:47:00+01:00,1.34749,1.34757,1.34749,1.34756,12
SQ:USDCAD,2019-01-04T07:48:00+01:00,1.34756,1.34766,1.34756,1.34764,19
SQ:USDCAD,2019-01-04T07:49:00+01:00,1.34764,1.34764,1.34746,1.34746,26
SQ:USDCAD,2019-01-04T07:50:00+01:00,1.34746,1.34746,1.34745,1.34745,10
SQ:USDCAD,2019-01-04T07:51:00+01:00,1.34745,1.34747,1.34737,1.34747,21
SQ:USDCAD,2019-01-04T07:52:00+01:00,1.34746,1.34747,1.34746,1.34747,7
SQ:USDCAD,2019-01-04T07:53:00+01:00,1.34747,1.34747,1.34730,1.34737,22
SQ:USDCAD,2019-01-04T07:54:00+01:00,1.34730,1.34733,1.34729,1.34729,17
SQ:USDCAD,2019-01-04T07:55:00+01:00,1.34729,1.34729,1.34720,1.34723,24
SQ:USDCAD,2019-01-04T07:56:00+01:00,1.34723,1.34728,1.34721,1.34723,33
SQ:USDCAD,2019-01-04T07:57:00+01:00,1.34723,1.34726,1.34719,1.34719,14
SQ:USDCAD,2019-01-04T07:58:00+01:00,1.34721,1.34721,1.34718,1.34719,5
SQ:USDCAD,2019-01-04T07:59:00+01:00,1.34718,1.34728,1.34718,1.34728,34
SQ:USDCAD,2019-01-04T08:00:00+01:00,1.34728,1.34735,1.34711,1.34712,29
SQ:USDCAD,2019-01-04T08:01:00+01:00,1.34713,1.34713,1.34674,1.34678,27
SQ:USDCAD,2019-01-04T08:02:00+01:00,1.34678,1.34678,1.34656,1.34656,35
SQ:USDCAD,2019-01-04T08:03:00+01:00,1.34656,1.34656,1.34654,1.34656,9
SQ:USDCAD,2019-01-04T08:04:00+01:00,1.34655,1.34656,1.34645,1.34655,45
SQ:USDCAD,2019-01-04T08:05:00+01:00,1.34655,1.34671,1.34655,1.34666,32
SQ:USDCAD,2019-01-04T08:06:00+01:00,1.34667,1.34672,1.34664,1.34664,22
SQ:USDCAD,2019-01-04T08:07:00+01:00,1.34666,1.34674,1.34664,1.34668,11
SQ:USDCAD,2019-01-04T08:08:00+01:00,1.34667,1.34675,1.34667,1.34672,22
SQ:USDCAD,2019-01-04T08:09:00+01:00,1.34673,1.34674,1.34640,1.34640,40
SQ:USDCAD,2019-01-04T08:10:00+01:00,1.34640,1.34653,1.34640,1.34645,32
SQ:USDCAD,2019-01-04T08:11:00+01:00,1.34644,1.34651,1.34644,1.34646,12
SQ:USDCAD,2019-01-04T08:12:00+01:00,1.34648,1.34654,1.34627,1.34630,89
SQ:USDCAD,2019-01-04T08:13:00+01:00,1.34631,1.34631,1.34611,1.34611,73
SQ:USDCAD,2019-01-04T08:14:00+01:00,1.34610,1.34610,1.34598,1.34600,14
SQ:USDCAD,2019-01-04T08:15:00+01:00,1.34601,1.34602,1.34586,1.34601,35
SQ:USDCAD,2019-01-04T08:16:00+01:00,1.34602,1.34637,1.34589,1.34593,49
SQ:USDCAD,2019-01-04T08:17:00+01:00,1.34592,1.34601,1.34584,1.34594,29
SQ:USDCAD,2019-01-04T08:18:00+01:00,1.34593,1.34600,1.34591,1.34599,22
SQ:USDCAD,2019-01-04T08:19:00+01:00,1.34600,1.34606,1.34599,1.34602,23
SQ:USDCAD,2019-01-04T08:20:00+01:00,1.34599,1.34608,1.34599,1.34601,23
SQ:USDCAD,2019-01-04T08:21:00+01:00,1.34599,1.34606,1.34599,1.34600,10
SQ:USDCAD,2019-01-04T08:22:00+01:00,1.34599,1.34599,1.34579,1.34579,44
SQ:USDCAD,2019-01-04T08:23:00+01:00,1.34576,1.34579,1.34555,1.34556,59
SQ:USDCAD,2019-01-04T08:24:00+01:00,1.34555,1.34562,1.34555,1.34561,21
SQ:USDCAD,2019-01-04T08:25:00+01:00,1.34559,1.34567,1.34555,1.34556,17
SQ:USDCAD,2019-01-04T08:26:00+01:00,1.34555,1.34565,1.34555,1.34564,10
SQ:USDCAD,2019-01-04T08:27:00+01:00,1.34564,1.34573,1.34563,1.34573,18
SQ:USDCAD,2019-01-04T08:28:00+01:00,1.34573,1.34575,1.34564,1.34565,31
SQ:USDCAD,2019-01-04T08:29:00+01:00,1.34565,1.34565,1.34550,1.34552,28
SQ:USDCAD,2019-01-04T08:30:00+01:00,1.34548,1.34558,1.34547,1.34556,57
SQ:USDCAD,2019-01-04T08:31:00+01:00,1.34555,1.34562,1.34555,1.34559,32
SQ:USDCAD,2019-01-04T08:32:00+01:00,1.34560,1.34563,1.34553,1.34554,24
SQ:USDCAD,2019-01-04T08:33:00+01:00,1.34553,1.34554,1.34535,1.34536,20
SQ:USDCAD,2019-01-04T08:34:00+01:00,1.34535,1.34535,1.34506,1.34510,82
SQ:USDCAD,2019-01-04T08:35:00+01:00,1.34510,1.34536,1.34509,1.34536,61
SQ:USDCAD,2019-01-04T08:36:00+01:00,1.34535,1.34556,1.34534,1.34547,65
SQ:USDCAD,2019-01-04T08:37:00+01:00,1.34550,1.34574,1.34550,1.34574,44
SQ:USDCAD,2019-01-04T08:38:00+01:00,1.34574,1.34582,1.34564,1.34564,21
SQ:USDCAD,2019-01-04T08:39:00+01:00,1.34562,1.34567,1.34562,1.34564,24
SQ:USDCAD,2019-01-04T08:40:00+01:00,1.34564,1.34572,1.34563,1.34572,50
SQ:USDCAD,2019-01-04T08:41:00+01:00,1.34573,1.34574,1.34565,1.34574,38
SQ:USDCAD,2019-01-04T08:42:00+01:00,1.34574,1.34575,1.34572,1.34573,20
SQ:USDCAD,2019-01-04T08:43:00+01:00,1.34573,1.34582,1.34572,1.34579,35
SQ:USDCAD,2019-01-04T08:44:00+01:00,1.34578,1.34581,1.34566,1.34566,61
SQ:USDCAD,2019-01-04T08:45:00+01:00,1.34567,1.34572,1.34562,1.34565,60
SQ:USDCAD,2019-01-04T08:46:00+01:00,1.34567,1.34572,1.34565,1.34569,36
SQ:USDCAD,2019-01-04T08:47:00+01:00,1.34569,1.34576,1.34568,1.34576,37
SQ:USDCAD,2019-01-04T08:48:00+01:00,1.34574,1.34574,1.34566,1.34566,45
SQ:USDCAD,2019-01-04T08:49:00+01:00,1.34566,1.34566,1.34547,1.34547,39
SQ:USDCAD,2019-01-04T08:50:00+01:00,1.34544,1.34544,1.34528,1.34543,33
SQ:USDCAD,2019-01-04T08:51:00+01:00,1.34544,1.34556,1.34542,1.34553,53
SQ:USDCAD,2019-01-04T08:52:00+01:00,1.34554,1.34556,1.34541,1.34553,42
SQ:USDCAD,2019-01-04T08:53:00+01:00,1.34555,1.34555,1.34527,1.34528,43
SQ:USDCAD,2019-01-04T08:54:00+01:00,1.34527,1.34530,1.34519,1.34520,31
SQ:USDCAD,2019-01-04T08:55:00+01:00,1.34520,1.34520,1.34513,1.34513,25
SQ:USDCAD,2019-01-04T08:56:00+01:00,1.34513,1.34530,1.34513,1.34519,41
SQ:USDCAD,2019-01-04T08:57:00+01:00,1.34519,1.34521,1.34504,1.34504,65
SQ:USDCAD,2019-01-04T08:58:00+01:00,1.34503,1.34504,1.34438,1.34439,145
SQ:USDCAD,2019-01-04T08:59:00+01:00,1.34445,1.34482,1.34445,1.34477,90
SQ:USDCAD,2019-01-04T09:00:00+01:00,1.34476,1.34499,1.34468,1.34472,129
SQ:USDCAD,2019-01-04T09:01:00+01:00,1.34473,1.34519,1.34472,1.34512,109
SQ:USDCAD,2019-01-04T09:02:00+01:00,1.34508,1.34531,1.34503,1.34528,46
SQ:USDCAD,2019-01-04T09:03:00+01:00,1.34525,1.34530,1.34513,1.34513,67
SQ:USDCAD,2019-01-04T09:04:00+01:00,1.34513,1.34530,1.34511,1.34527,39
SQ:USDCAD,2019-01-04T09:05:00+01:00,1.34524,1.34531,1.34519,1.34526,76
SQ:USDCAD,2019-01-04T09:06:00+01:00,1.34527,1.34528,1.34524,1.34527,72
SQ:USDCAD,2019-01-04T09:07:00+01:00,1.34526,1.34529,1.34522,1.34525,66
SQ:USDCAD,2019-01-04T09:08:00+01:00,1.34526,1.34526,1.34501,1.34503,114
SQ:USDCAD,2019-01-04T09:09:00+01:00,1.34504,1.34509,1.34492,1.34493,72
SQ:USDCAD,2019-01-04T09:10:00+01:00,1.34493,1.34521,1.34492,1.34512,77
SQ:USDCAD,2019-01-04T09:11:00+01:00,1.34511,1.34523,1.34501,1.34501,105
SQ:USDCAD,2019-01-04T09:12:00+01:00,1.34501,1.34509,1.34492,1.34492,47
SQ:USDCAD,2019-01-04T09:13:00+01:00,1.34492,1.34494,1.34484,1.34484,52
SQ:USDCAD,2019-01-04T09:14:00+01:00,1.34484,1.34484,1.34461,1.34470,67
SQ:USDCAD,2019-01-04T09:15:00+01:00,1.34470,1.34491,1.34470,1.34490,43
SQ:USDCAD,2019-01-04T09:16:00+01:00,1.34492,1.34517,1.34492,1.34504,58
SQ:USDCAD,2019-01-04T09:17:00+01:00,1.34505,1.34507,1.34502,1.34504,23
SQ:USDCAD,2019-01-04T09:18:00+01:00,1.34502,1.34512,1.34494,1.34500,63
SQ:USDCAD,2019-01-04T09:19:00+01:00,1.34499,1.34507,1.34487,1.34507,48
SQ:USDCAD,2019-01-04T09:20:00+01:00,1.34507,1.34507,1.34456,1.34456,50
SQ:USDCAD,2019-01-04T09:21:00+01:00,1.34456,1.34460,1.34455,1.34457,18
SQ:USDCAD,2019-01-04T09:22:00+01:00,1.34465,1.34482,1.34444,1.34446,68
SQ:USDCAD,2019-01-04T09:23:00+01:00,1.34446,1.34455,1.34446,1.34455,18
SQ:USDCAD,2019-01-04T09:24:00+01:00,1.34452,1.34455,1.34445,1.34445,27
SQ:USDCAD,2019-01-04T09:25:00+01:00,1.34448,1.34455,1.34446,1.34446,20
SQ:USDCAD,2019-01-04T09:26:00+01:00,1.34448,1.34450,1.34427,1.34448,30
SQ:USDCAD,2019-01-04T09:27:00+01:00,1.34447,1.34455,1.34436,1.34438,36
SQ:USDCAD,2019-01-04T09:28:00+01:00,1.34438,1.34448,1.34429,1.34429,67
SQ:USDCAD,2019-01-04T09:29:00+01:00,1.34428,1.34467,1.34428,1.34461,92
SQ:USDCAD,2019-01-04T09:30:00+01:00,1.34462,1.34462,1.34425,1.34430,60
SQ:USDCAD,2019-01-04T09:31:00+01:00,1.34429,1.34456,1.34429,1.34448,26
SQ:USDCAD,2019-01-04T09:32:00+01:00,1.34447,1.34448,1.34443,1.34447,35
SQ:USDCAD,2019-01-04T09:33:00+01:00,1.34447,1.34460,1.34446,1.34459,28
SQ:USDCAD,2019-01-04T09:34:00+01:00,1.34458,1.34473,1.34456,1.34470,66
SQ:USDCAD,2019-01-04T09:35:00+01:00,1.34471,1.34485,1.34468,1.34472,100
SQ:USDCAD,2019-01-04T09:36:00+01:00,1.34471,1.34477,1.34471,1.34476,23
SQ:USDCAD,2019-01-04T09:37:00+01:00,1.34482,1.34503,1.34482,1.34503,45
SQ:USDCAD,2019-01-04T09:38:00+01:00,1.34504,1.34513,1.34502,1.34512,36
SQ:USDCAD,2019-01-04T09:39:00+01:00,1.34511,1.34512,1.34510,1.34510,27
SQ:USDCAD,2019-01-04T09:40:00+01:00,1.34510,1.34510,1.34478,1.34491,121
SQ:USDCAD,2019-01-04T09:41:00+01:00,1.34491,1.34493,1.34486,1.34493,79
SQ:USDCAD,2019-01-04T09:42:00+01:00,1.34492,1.34503,1.34490,1.34492,63
SQ:USDCAD,2019-01-04T09:43:00+01:00,1.34491,1.34493,1.34444,1.34445,65
SQ:USDCAD,2019-01-04T09:44:00+01:00,1.34444,1.34445,1.34418,1.34418,80
SQ:USDCAD,2019-01-04T09:45:00+01:00,1.34418,1.34418,1.34377,1.34383,106
SQ:USDCAD,2019-01-04T09:46:00+01:00,1.34384,1.34392,1.34383,1.34390,38
SQ:USDCAD,2019-01-04T09:47:00+01:00,1.34392,1.34392,1.34353,1.34353,43
SQ:USDCAD,2019-01-04T09:48:00+01:00,1.34354,1.34364,1.34345,1.34359,47
SQ:USDCAD,2019-01-04T09:49:00+01:00,1.34358,1.34358,1.34338,1.34351,44
SQ:USDCAD,2019-01-04T09:50:00+01:00,1.34352,1.34352,1.34317,1.34333,108
SQ:USDCAD,2019-01-04T09:51:00+01:00,1.34334,1.34340,1.34330,1.34330,39
SQ:USDCAD,2019-01-04T09:52:00+01:00,1.34333,1.34333,1.34324,1.34326,29
SQ:USDCAD,2019-01-04T09:53:00+01:00,1.34327,1.34327,1.34319,1.34320,33
SQ:USDCAD,2019-01-04T09:54:00+01:00,1.34321,1.34327,1.34319,1.34323,46
SQ:USDCAD,2019-01-04T09:55:00+01:00,1.34323,1.34338,1.34321,1.34338,26
SQ:USDCAD,2019-01-04T09:56:00+01:00,1.34337,1.34337,1.34329,1.34329,12
SQ:USDCAD,2019-01-04T09:57:00+01:00,1.34323,1.34335,1.34310,1.34331,29
SQ:USDCAD,2019-01-04T09:58:00+01:00,1.34334,1.34359,1.34334,1.34342,55
SQ:USDCAD,2019-01-04T09:59:00+01:00,1.34341,1.34349,1.34335,1.34345,70
SQ:USDCAD,2019-01-04T10:00:00+01:00,1.34343,1.34361,1.34343,1.34349,40
SQ:USDCAD,2019-01-04T10:01:00+01:00,1.34349,1.34351,1.34338,1.34341,54
SQ:USDCAD,2019-01-04T10:02:00+01:00,1.34340,1.34340,1.34332,1.34335,47
SQ:USDCAD,2019-01-04T10:03:00+01:00,1.34334,1.34334,1.34333,1.34334,16
SQ:USDCAD,2019-01-04T10:04:00+01:00,1.34334,1.34339,1.34333,1.34339,97
SQ:USDCAD,2019-01-04T10:05:00+01:00,1.34340,1.34340,1.34333,1.34335,55
SQ:USDCAD,2019-01-04T10:06:00+01:00,1.34334,1.34334,1.34322,1.34324,39
SQ:USDCAD,2019-01-04T10:07:00+01:00,1.34323,1.34325,1.34313,1.34316,27
SQ:USDCAD,2019-01-04T10:08:00+01:00,1.34315,1.34331,1.34315,1.34331,41
SQ:USDCAD,2019-01-04T10:09:00+01:00,1.34331,1.34332,1.34314,1.34323,63
SQ:USDCAD,2019-01-04T10:10:00+01:00,1.34322,1.34337,1.34322,1.34334,40
SQ:USDCAD,2019-01-04T10:11:00+01:00,1.34334,1.34334,1.34334,1.34334,10
SQ:USDCAD,2019-01-04T10:12:00+01:00,1.34334,1.34343,1.34334,1.34342,37
SQ:USDCAD,2019-01-04T10:13:00+01:00,1.34343,1.34361,1.34342,1.34359,43
SQ:USDCAD,2019-01-04T10:14:00+01:00,1.34359,1.34377,1.34351,1.34355,101
SQ:USDCAD,2019-01-04T10:15:00+01:00,1.34354,1.34370,1.34351,1.34366,69
SQ:USDCAD,2019-01-04T10:16:00+01:00,1.34364,1.34373,1.34361,1.34361,53
SQ:USDCAD,2019-01-04T10:17:00+01:00,1.34362,1.34369,1.34361,1.34369,16
SQ:USDCAD,2019-01-04T10:18:00+01:00,1.34369,1.34373,1.34363,1.34364,55
SQ:USDCAD,2019-01-04T10:19:00+01:00,1.34364,1.34379,1.34364,1.34377,34
SQ:USDCAD,2019-01-04T10:20:00+01:00,1.34378,1.34379,1.34374,1.34379,34
SQ:USDCAD,2019-01-04T10:21:00+01:00,1.34380,1.34389,1.34380,1.34389,41
SQ:USDCAD,2019-01-04T10:22:00+01:00,1.34387,1.34393,1.34309,1.34314,258
SQ:USDCAD,2019-01-04T10:23:00+01:00,1.34313,1.34347,1.34293,1.34339,325
SQ:USDCAD,2019-01-04T10:24:00+01:00,1.34340,1.34341,1.34310,1.34331,147
SQ:USDCAD,2019-01-04T10:25:00+01:00,1.34337,1.34377,1.34332,1.34346,154
SQ:USDCAD,2019-01-04T10:26:00+01:00,1.34345,1.34346,1.34335,1.34337,74
SQ:USDCAD,2019-01-04T10:27:00+01:00,1.34337,1.34355,1.34337,1.34348,57
SQ:USDCAD,2019-01-04T10:28:00+01:00,1.34348,1.34359,1.34348,1.34353,39
SQ:USDCAD,2019-01-04T10:29:00+01:00,1.34352,1.34357,1.34348,1.34349,58
SQ:USDCAD,2019-01-04T10:30:00+01:00,1.34348,1.34349,1.34338,1.34347,59
SQ:USDCAD,2019-01-04T10:31:00+01:00,1.34347,1.34365,1.34346,1.34365,54
SQ:USDCAD,2019-01-04T10:32:00+01:00,1.34366,1.34383,1.34365,1.34383,89
SQ:USDCAD,2019-01-04T10:33:00+01:00,1.34383,1.34394,1.34383,1.34393,62
SQ:USDCAD,2019-01-04T10:34:00+01:00,1.34395,1.34414,1.34394,1.34414,71
SQ:USDCAD,2019-01-04T10:35:00+01:00,1.34414,1.34422,1.34407,1.34411,85
SQ:USDCAD,2019-01-04T10:36:00+01:00,1.34411,1.34411,1.34409,1.34410,21
SQ:USDCAD,2019-01-04T10:37:00+01:00,1.34411,1.34411,1.34394,1.34394,24
SQ:USDCAD,2019-01-04T10:38:00+01:00,1.34394,1.34394,1.34347,1.34347,55
SQ:USDCAD,2019-01-04T10:39:00+01:00,1.34349,1.34357,1.34347,1.34355,74
SQ:USDCAD,2019-01-04T10:40:00+01:00,1.34356,1.34373,1.34354,1.34355,74
SQ:USDCAD,2019-01-04T10:41:00+01:00,1.34355,1.34372,1.34351,1.34365,85
SQ:USDCAD,2019-01-04T10:42:00+01:00,1.34365,1.34367,1.34350,1.34355,52
SQ:USDCAD,2019-01-04T10:43:00+01:00,1.34355,1.34376,1.34355,1.34367,85
SQ:USDCAD,2019-01-04T10:44:00+01:00,1.34369,1.34382,1.34368,1.34373,103
SQ:USDCAD,2019-01-04T10:45:00+01:00,1.34374,1.34384,1.34357,1.34358,99
SQ:USDCAD,2019-01-04T10:46:00+01:00,1.34360,1.34390,1.34358,1.34373,124
SQ:USDCAD,2019-01-04T10:47:00+01:00,1.34376,1.34384,1.34364,1.34365,101
SQ:USDCAD,2019-01-04T10:48:00+01:00,1.34368,1.34393,1.34368,1.34383,100
SQ:USDCAD,2019-01-04T10:49:00+01:00,1.34384,1.34385,1.34378,1.34383,49
SQ:USDCAD,2019-01-04T10:50:00+01:00,1.34384,1.34405,1.34380,1.34404,62
SQ:USDCAD,2019-01-04T10:51:00+01:00,1.34404,1.34412,1.34397,1.34412,45
SQ:USDCAD,2019-01-04T10:52:00+01:00,1.34411,1.34412,1.34411,1.34411,21
SQ:USDCAD,2019-01-04T10:53:00+01:00,1.34411,1.34414,1.34410,1.34411,17
SQ:USDCAD,2019-01-04T10:54:00+01:00,1.34410,1.34420,1.34406,1.34406,67
SQ:USDCAD,2019-01-04T10:55:00+01:00,1.34405,1.34411,1.34394,1.34409,60
SQ:USDCAD,2019-01-04T10:56:00+01:00,1.34405,1.34409,1.34401,1.34406,45
SQ:USDCAD,2019-01-04T10:57:00+01:00,1.34405,1.34412,1.34405,1.34411,37
SQ:USDCAD,2019-01-04T10:58:00+01:00,1.34411,1.34428,1.34406,1.34425,44
SQ:USDCAD,2019-01-04T10:59:00+01:00,1.34427,1.34448,1.34419,1.34440,97
SQ:USDCAD,2019-01-04T11:00:00+01:00,1.34441,1.34449,1.34438,1.34447,80
SQ:USDCAD,2019-01-04T11:01:00+01:00,1.34446,1.34454,1.34445,1.34449,48
SQ:USDCAD,2019-01-04T11:02:00+01:00,1.34448,1.34456,1.34447,1.34456,31
SQ:USDCAD,2019-01-04T11:03:00+01:00,1.34456,1.34476,1.34456,1.34465,82
SQ:USDCAD,2019-01-04T11:04:00+01:00,1.34465,1.34469,1.34456,1.34467,107
SQ:USDCAD,2019-01-04T11:05:00+01:00,1.34471,1.34476,1.34454,1.34455,67
SQ:USDCAD,2019-01-04T11:06:00+01:00,1.34457,1.34459,1.34437,1.34437,55
SQ:USDCAD,2019-01-04T11:07:00+01:00,1.34435,1.34446,1.34427,1.34438,57
SQ:USDCAD,2019-01-04T11:08:00+01:00,1.34439,1.34458,1.34437,1.34456,24
SQ:USDCAD,2019-01-04T11:09:00+01:00,1.34458,1.34458,1.34453,1.34457,30
SQ:USDCAD,2019-01-04T11:10:00+01:00,1.34459,1.34484,1.34454,1.34454,51
SQ:USDCAD,2019-01-04T11:11:00+01:00,1.34450,1.34457,1.34443,1.34449,31
SQ:USDCAD,2019-01-04T11:12:00+01:00,1.34450,1.34452,1.34440,1.34441,44
SQ:USDCAD,2019-01-04T11:13:00+01:00,1.34441,1.34455,1.34441,1.34441,34
SQ:USDCAD,2019-01-04T11:14:00+01:00,1.34442,1.34460,1.34442,1.34457,55
SQ:USDCAD,2019-01-04T11:15:00+01:00,1.34457,1.34459,1.34429,1.34432,73
SQ:USDCAD,2019-01-04T11:16:00+01:00,1.34432,1.34443,1.34432,1.34438,85
SQ:USDCAD,2019-01-04T11:17:00+01:00,1.34438,1.34477,1.34438,1.34474,70
SQ:USDCAD,2019-01-04T11:18:00+01:00,1.34474,1.34486,1.34467,1.34467,61
SQ:USDCAD,2019-01-04T11:19:00+01:00,1.34467,1.34468,1.34456,1.34466,91
SQ:USDCAD,2019-01-04T11:20:00+01:00,1.34469,1.34469,1.34459,1.34467,59
SQ:USDCAD,2019-01-04T11:21:00+01:00,1.34465,1.34473,1.34464,1.34465,35
SQ:USDCAD,2019-01-04T11:22:00+01:00,1.34466,1.34468,1.34455,1.34455,43
SQ:USDCAD,2019-01-04T11:23:00+01:00,1.34456,1.34466,1.34448,1.34457,45
SQ:USDCAD,2019-01-04T11:24:00+01:00,1.34456,1.34473,1.34455,1.34456,62
SQ:USDCAD,2019-01-04T11:25:00+01:00,1.34455,1.34469,1.34453,1.34464,71
SQ:USDCAD,2019-01-04T11:26:00+01:00,1.34465,1.34465,1.34453,1.34455,63
SQ:USDCAD,2019-01-04T11:27:00+01:00,1.34457,1.34461,1.34453,1.34457,75
SQ:USDCAD,2019-01-04T11:28:00+01:00,1.34457,1.34462,1.34452,1.34456,80
SQ:USDCAD,2019-01-04T11:29:00+01:00,1.34456,1.34512,1.34452,1.34511,123
SQ:USDCAD,2019-01-04T11:30:00+01:00,1.34512,1.34539,1.34512,1.34538,75
SQ:USDCAD,2019-01-04T11:31:00+01:00,1.34538,1.34541,1.34524,1.34529,49
SQ:USDCAD,2019-01-04T11:32:00+01:00,1.34531,1.34537,1.34526,1.34530,56
SQ:USDCAD,2019-01-04T11:33:00+01:00,1.34529,1.34539,1.34528,1.34531,46
SQ:USDCAD,2019-01-04T11:34:00+01:00,1.34531,1.34532,1.34524,1.34531,27
SQ:USDCAD,2019-01-04T11:35:00+01:00,1.34531,1.34531,1.34531,1.34531,19
SQ:USDCAD,2019-01-04T11:36:00+01:00,1.34531,1.34531,1.34519,1.34522,17
SQ:USDCAD,2019-01-04T11:37:00+01:00,1.34523,1.34531,1.34523,1.34529,34
SQ:USDCAD,2019-01-04T11:38:00+01:00,1.34530,1.34541,1.34530,1.34538,44
SQ:USDCAD,2019-01-04T11:39:00+01:00,1.34538,1.34550,1.34532,1.34538,61
SQ:USDCAD,2019-01-04T11:40:00+01:00,1.34539,1.34540,1.34531,1.34531,61
SQ:USDCAD,2019-01-04T11:41:00+01:00,1.34531,1.34531,1.34501,1.34503,79
SQ:USDCAD,2019-01-04T11:42:00+01:00,1.34502,1.34510,1.34492,1.34509,73
SQ:USDCAD,2019-01-04T11:43:00+01:00,1.34510,1.34513,1.34492,1.34502,64
SQ:USDCAD,2019-01-04T11:44:00+01:00,1.34503,1.34520,1.34503,1.34519,33
SQ:USDCAD,2019-01-04T11:45:00+01:00,1.34521,1.34521,1.34508,1.34518,43
SQ:USDCAD,2019-01-04T11:46:00+01:00,1.34518,1.34530,1.34518,1.34519,41
SQ:USDCAD,2019-01-04T11:47:00+01:00,1.34520,1.34522,1.34512,1.34512,26
SQ:USDCAD,2019-01-04T11:48:00+01:00,1.34512,1.34535,1.34512,1.34529,49
SQ:USDCAD,2019-01-04T11:49:00+01:00,1.34529,1.34542,1.34520,1.34525,70
SQ:USDCAD,2019-01-04T11:50:00+01:00,1.34525,1.34530,1.34520,1.34527,59
SQ:USDCAD,2019-01-04T11:51:00+01:00,1.34526,1.34530,1.34519,1.34526,62
SQ:USDCAD,2019-01-04T11:52:00+01:00,1.34527,1.34545,1.34526,1.34537,52
SQ:USDCAD,2019-01-04T11:53:00+01:00,1.34537,1.34546,1.34528,1.34546,58
SQ:USDCAD,2019-01-04T11:54:00+01:00,1.34547,1.34555,1.34537,1.34546,74
SQ:USDCAD,2019-01-04T11:55:00+01:00,1.34544,1.34544,1.34537,1.34537,66
SQ:USDCAD,2019-01-04T11:56:00+01:00,1.34538,1.34547,1.34531,1.34543,44
SQ:USDCAD,2019-01-04T11:57:00+01:00,1.34545,1.34551,1.34536,1.34536,91
SQ:USDCAD,2019-01-04T11:58:00+01:00,1.34537,1.34554,1.34536,1.34544,49
SQ:USDCAD,2019-01-04T11:59:00+01:00,1.34544,1.34544,1.34520,1.34526,85
SQ:USDCAD,2019-01-04T12:00:00+01:00,1.34527,1.34528,1.34499,1.34507,72
SQ:USDCAD,2019-01-04T12:01:00+01:00,1.34507,1.34523,1.34494,1.34521,64
SQ:USDCAD,2019-01-04T12:02:00+01:00,1.34522,1.34536,1.34522,1.34533,56
SQ:USDCAD,2019-01-04T12:03:00+01:00,1.34536,1.34544,1.34511,1.34516,65
SQ:USDCAD,2019-01-04T12:04:00+01:00,1.34512,1.34512,1.34507,1.34508,24
SQ:USDCAD,2019-01-04T12:05:00+01:00,1.34508,1.34518,1.34504,1.34510,35
SQ:USDCAD,2019-01-04T12:06:00+01:00,1.34506,1.34508,1.34490,1.34490,48
SQ:USDCAD,2019-01-04T12:07:00+01:00,1.34485,1.34503,1.34483,1.34501,82
SQ:USDCAD,2019-01-04T12:08:00+01:00,1.34501,1.34513,1.34495,1.34512,67
SQ:USDCAD,2019-01-04T12:09:00+01:00,1.34512,1.34519,1.34512,1.34513,30
SQ:USDCAD,2019-01-04T12:10:00+01:00,1.34511,1.34513,1.34495,1.34501,75
SQ:USDCAD,2019-01-04T12:11:00+01:00,1.34502,1.34509,1.34501,1.34509,41
SQ:USDCAD,2019-01-04T12:12:00+01:00,1.34508,1.34509,1.34500,1.34508,24
SQ:USDCAD,2019-01-04T12:13:00+01:00,1.34509,1.34512,1.34507,1.34507,39
SQ:USDCAD,2019-01-04T12:14:00+01:00,1.34508,1.34511,1.34508,1.34511,26
SQ:USDCAD,2019-01-04T12:15:00+01:00,1.34511,1.34518,1.34508,1.34510,40
SQ:USDCAD,2019-01-04T12:16:00+01:00,1.34510,1.34519,1.34501,1.34501,49
SQ:USDCAD,2019-01-04T12:17:00+01:00,1.34501,1.34519,1.34496,1.34500,54
SQ:USDCAD,2019-01-04T12:18:00+01:00,1.34501,1.34501,1.34465,1.34466,69
SQ:USDCAD,2019-01-04T12:19:00+01:00,1.34466,1.34475,1.34451,1.34451,95
SQ:USDCAD,2019-01-04T12:20:00+01:00,1.34451,1.34455,1.34437,1.34440,83
SQ:USDCAD,2019-01-04T12:21:00+01:00,1.34440,1.34440,1.34422,1.34436,77
SQ:USDCAD,2019-01-04T12:22:00+01:00,1.34438,1.34449,1.34436,1.34445,66
SQ:USDCAD,2019-01-04T12:23:00+01:00,1.34445,1.34455,1.34436,1.34436,59
SQ:USDCAD,2019-01-04T12:24:00+01:00,1.34436,1.34455,1.34435,1.34450,69
SQ:USDCAD,2019-01-04T12:25:00+01:00,1.34451,1.34457,1.34435,1.34436,60
SQ:USDCAD,2019-01-04T12:26:00+01:00,1.34436,1.34453,1.34435,1.34445,47
SQ:USDCAD,2019-01-04T12:27:00+01:00,1.34444,1.34445,1.34435,1.34436,32
SQ:USDCAD,2019-01-04T12:28:00+01:00,1.34435,1.34446,1.34435,1.34436,69
SQ:USDCAD,2019-01-04T12:29:00+01:00,1.34437,1.34472,1.34436,1.34472,63
SQ:USDCAD,2019-01-04T12:30:00+01:00,1.34471,1.34474,1.34456,1.34466,121
SQ:USDCAD,2019-01-04T12:31:00+01:00,1.34467,1.34490,1.34463,1.34485,113
SQ:USDCAD,2019-01-04T12:32:00+01:00,1.34485,1.34485,1.34482,1.34482,26
SQ:USDCAD,2019-01-04T12:33:00+01:00,1.34482,1.34484,1.34457,1.34464,71
SQ:USDCAD,2019-01-04T12:34:00+01:00,1.34464,1.34464,1.34439,1.34439,70
SQ:USDCAD,2019-01-04T12:35:00+01:00,1.34439,1.34450,1.34439,1.34440,78
SQ:USDCAD,2019-01-04T12:36:00+01:00,1.34439,1.34443,1.34437,1.34440,52
SQ:USDCAD,2019-01-04T12:37:00+01:00,1.34442,1.34448,1.34428,1.34429,61
SQ:USDCAD,2019-01-04T12:38:00+01:00,1.34434,1.34438,1.34419,1.34424,46
SQ:USDCAD,2019-01-04T12:39:00+01:00,1.34423,1.34424,1.34416,1.34420,46
SQ:USDCAD,2019-01-04T12:40:00+01:00,1.34419,1.34420,1.34400,1.34405,56
SQ:USDCAD,2019-01-04T12:41:00+01:00,1.34406,1.34409,1.34401,1.34408,59
SQ:USDCAD,2019-01-04T12:42:00+01:00,1.34407,1.34433,1.34400,1.34428,107
SQ:USDCAD,2019-01-04T12:43:00+01:00,1.34429,1.34437,1.34420,1.34437,24
SQ:USDCAD,2019-01-04T12:44:00+01:00,1.34436,1.34438,1.34427,1.34433,24
SQ:USDCAD,2019-01-04T12:45:00+01:00,1.34434,1.34437,1.34428,1.34435,32
SQ:USDCAD,2019-01-04T12:46:00+01:00,1.34435,1.34447,1.34420,1.34447,61
SQ:USDCAD,2019-01-04T12:47:00+01:00,1.34449,1.34506,1.34449,1.34506,79
SQ:USDCAD,2019-01-04T12:48:00+01:00,1.34505,1.34505,1.34481,1.34502,42
SQ:USDCAD,2019-01-04T12:49:00+01:00,1.34502,1.34511,1.34502,1.34507,55
SQ:USDCAD,2019-01-04T12:50:00+01:00,1.34508,1.34510,1.34491,1.34492,57
SQ:USDCAD,2019-01-04T12:51:00+01:00,1.34493,1.34497,1.34439,1.34446,84
SQ:USDCAD,2019-01-04T12:52:00+01:00,1.34448,1.34452,1.34430,1.34435,36
SQ:USDCAD,2019-01-04T12:53:00+01:00,1.34433,1.34441,1.34419,1.34425,60
SQ:USDCAD,2019-01-04T12:54:00+01:00,1.34425,1.34445,1.34425,1.34438,40
SQ:USDCAD,2019-01-04T12:55:00+01:00,1.34437,1.34438,1.34428,1.34428,37
SQ:USDCAD,2019-01-04T12:56:00+01:00,1.34428,1.34450,1.34428,1.34450,14
SQ:USDCAD,2019-01-04T12:57:00+01:00,1.34450,1.34456,1.34436,1.34436,32
SQ:USDCAD,2019-01-04T12:58:00+01:00,1.34437,1.34437,1.34427,1.34428,23
SQ:USDCAD,2019-01-04T12:59:00+01:00,1.34427,1.34434,1.34425,1.34434,29
SQ:USDCAD,2019-01-04T13:00:00+01:00,1.34436,1.34436,1.34420,1.34427,54
SQ:USDCAD,2019-01-04T13:01:00+01:00,1.34427,1.34429,1.34419,1.34420,58
SQ:USDCAD,2019-01-04T13:02:00+01:00,1.34421,1.34422,1.34406,1.34406,34
SQ:USDCAD,2019-01-04T13:03:00+01:00,1.34409,1.34437,1.34409,1.34418,81
SQ:USDCAD,2019-01-04T13:04:00+01:00,1.34419,1.34436,1.34419,1.34434,40
SQ:USDCAD,2019-01-04T13:05:00+01:00,1.34434,1.34463,1.34425,1.34451,103
SQ:USDCAD,2019-01-04T13:06:00+01:00,1.34453,1.34453,1.34418,1.34426,40
SQ:USDCAD,2019-01-04T13:07:00+01:00,1.34425,1.34426,1.34411,1.34414,34
SQ:USDCAD,2019-01-04T13:08:00+01:00,1.34412,1.34416,1.34397,1.34400,48
SQ:USDCAD,2019-01-04T13:09:00+01:00,1.34399,1.34401,1.34386,1.34398,114
SQ:USDCAD,2019-01-04T13:10:00+01:00,1.34399,1.34400,1.34391,1.34392,23
SQ:USDCAD,2019-01-04T13:11:00+01:00,1.34391,1.34397,1.34390,1.34394,36
SQ:USDCAD,2019-01-04T13:12:00+01:00,1.34396,1.34407,1.34391,1.34401,56
SQ:USDCAD,2019-01-04T13:13:00+01:00,1.34403,1.34422,1.34398,1.34414,72
SQ:USDCAD,2019-01-04T13:14:00+01:00,1.34415,1.34427,1.34410,1.34414,62
SQ:USDCAD,2019-01-04T13:15:00+01:00,1.34413,1.34418,1.34409,1.34412,26
SQ:USDCAD,2019-01-04T13:16:00+01:00,1.34416,1.34421,1.34410,1.34417,45
SQ:USDCAD,2019-01-04T13:17:00+01:00,1.34416,1.34420,1.34413,1.34413,41
SQ:USDCAD,2019-01-04T13:18:00+01:00,1.34414,1.34429,1.34414,1.34425,51
SQ:USDCAD,2019-01-04T13:19:00+01:00,1.34426,1.34428,1.34389,1.34389,55
SQ:USDCAD,2019-01-04T13:20:00+01:00,1.34389,1.34411,1.34379,1.34389,101
SQ:USDCAD,2019-01-04T13:21:00+01:00,1.34389,1.34389,1.34362,1.34362,67
SQ:USDCAD,2019-01-04T13:22:00+01:00,1.34362,1.34391,1.34356,1.34391,100
SQ:USDCAD,2019-01-04T13:23:00+01:00,1.34390,1.34409,1.34381,1.34405,79
SQ:USDCAD,2019-01-04T13:24:00+01:00,1.34406,1.34406,1.34374,1.34376,78
SQ:USDCAD,2019-01-04T13:25:00+01:00,1.34378,1.34378,1.34338,1.34341,131
SQ:USDCAD,2019-01-04T13:26:00+01:00,1.34342,1.34365,1.34330,1.34349,126
SQ:USDCAD,2019-01-04T13:27:00+01:00,1.34346,1.34352,1.34336,1.34351,70
SQ:USDCAD,2019-01-04T13:28:00+01:00,1.34351,1.34376,1.34348,1.34363,93
SQ:USDCAD,2019-01-04T13:29:00+01:00,1.34361,1.34371,1.34355,1.34356,124
SQ:USDCAD,2019-01-04T13:30:00+01:00,1.34356,1.34362,1.34346,1.34353,74
SQ:USDCAD,2019-01-04T13:31:00+01:00,1.34355,1.34359,1.34332,1.34332,114
SQ:USDCAD,2019-01-04T13:32:00+01:00,1.34332,1.34335,1.34308,1.34321,118
SQ:USDCAD,2019-01-04T13:33:00+01:00,1.34321,1.34321,1.34296,1.34319,82
SQ:USDCAD,2019-01-04T13:34:00+01:00,1.34320,1.34340,1.34318,1.34337,100
SQ:USDCAD,2019-01-04T13:35:00+01:00,1.34336,1.34336,1.34309,1.34312,94
SQ:USDCAD,2019-01-04T13:36:00+01:00,1.34311,1.34313,1.34298,1.34305,49
SQ:USDCAD,2019-01-04T13:37:00+01:00,1.34303,1.34305,1.34282,1.34283,66
SQ:USDCAD,2019-01-04T13:38:00+01:00,1.34281,1.34318,1.34278,1.34308,129
SQ:USDCAD,2019-01-04T13:39:00+01:00,1.34309,1.34330,1.34302,1.34311,87
SQ:USDCAD,2019-01-04T13:40:00+01:00,1.34312,1.34320,1.34308,1.34311,44
SQ:USDCAD,2019-01-04T13:41:00+01:00,1.34304,1.34305,1.34274,1.34289,83
SQ:USDCAD,2019-01-04T13:42:00+01:00,1.34290,1.34298,1.34272,1.34272,77
SQ:USDCAD,2019-01-04T13:43:00+01:00,1.34273,1.34328,1.34273,1.34314,172
SQ:USDCAD,2019-01-04T13:44:00+01:00,1.34315,1.34315,1.34297,1.34300,45
SQ:USDCAD,2019-01-04T13:45:00+01:00,1.34299,1.34300,1.34272,1.34272,57
SQ:USDCAD,2019-01-04T13:46:00+01:00,1.34272,1.34301,1.34272,1.34292,67
SQ:USDCAD,2019-01-04T13:47:00+01:00,1.34294,1.34309,1.34293,1.34307,50
SQ:USDCAD,2019-01-04T13:48:00+01:00,1.34307,1.34328,1.34302,1.34320,76
SQ:USDCAD,2019-01-04T13:49:00+01:00,1.34323,1.34332,1.34318,1.34329,79
SQ:USDCAD,2019-01-04T13:50:00+01:00,1.34329,1.34331,1.34319,1.34319,57
SQ:USDCAD,2019-01-04T13:51:00+01:00,1.34318,1.34318,1.34299,1.34304,39
SQ:USDCAD,2019-01-04T13:52:00+01:00,1.34304,1.34312,1.34292,1.34311,48
SQ:USDCAD,2019-01-04T13:53:00+01:00,1.34311,1.34342,1.34310,1.34341,46
SQ:USDCAD,2019-01-04T13:54:00+01:00,1.34338,1.34338,1.34320,1.34327,38
SQ:USDCAD,2019-01-04T13:55:00+01:00,1.34328,1.34344,1.34317,1.34317,68
SQ:USDCAD,2019-01-04T13:56:00+01:00,1.34317,1.34320,1.34308,1.34308,41
SQ:USDCAD,2019-01-04T13:57:00+01:00,1.34308,1.34313,1.34300,1.34310,46
SQ:USDCAD,2019-01-04T13:58:00+01:00,1.34310,1.34319,1.34308,1.34318,25
SQ:USDCAD,2019-01-04T13:59:00+01:00,1.34317,1.34330,1.34317,1.34329,51
SQ:USDCAD,2019-01-04T14:00:00+01:00,1.34328,1.34366,1.34327,1.34355,110
SQ:USDCAD,2019-01-04T14:01:00+01:00,1.34354,1.34362,1.34345,1.34347,38
SQ:USDCAD,2019-01-04T14:02:00+01:00,1.34348,1.34359,1.34337,1.34347,74
SQ:USDCAD,2019-01-04T14:03:00+01:00,1.34348,1.34349,1.34329,1.34348,119
SQ:USDCAD,2019-01-04T14:04:00+01:00,1.34349,1.34358,1.34337,1.34354,74
SQ:USDCAD,2019-01-04T14:05:00+01:00,1.34356,1.34375,1.34356,1.34372,51
SQ:USDCAD,2019-01-04T14:06:00+01:00,1.34374,1.34385,1.34371,1.34374,56
SQ:USDCAD,2019-01-04T14:07:00+01:00,1.34375,1.34391,1.34373,1.34390,57
SQ:USDCAD,2019-01-04T14:08:00+01:00,1.34391,1.34421,1.34391,1.34419,49
SQ:USDCAD,2019-01-04T14:09:00+01:00,1.34419,1.34428,1.34408,1.34408,56
SQ:USDCAD,2019-01-04T14:10:00+01:00,1.34412,1.34412,1.34363,1.34363,74
SQ:USDCAD,2019-01-04T14:11:00+01:00,1.34365,1.34389,1.34361,1.34374,99
SQ:USDCAD,2019-01-04T14:12:00+01:00,1.34374,1.34375,1.34355,1.34357,96
SQ:USDCAD,2019-01-04T14:13:00+01:00,1.34356,1.34407,1.34356,1.34393,134
SQ:USDCAD,2019-01-04T14:14:00+01:00,1.34392,1.34412,1.34384,1.34412,123
SQ:USDCAD,2019-01-04T14:15:00+01:00,1.34410,1.34413,1.34342,1.34342,117
SQ:USDCAD,2019-01-04T14:16:00+01:00,1.34344,1.34362,1.34342,1.34356,59
SQ:USDCAD,2019-01-04T14:17:00+01:00,1.34362,1.34366,1.34318,1.34318,117
SQ:USDCAD,2019-01-04T14:18:00+01:00,1.34318,1.34329,1.34309,1.34328,97
SQ:USDCAD,2019-01-04T14:19:00+01:00,1.34327,1.34337,1.34307,1.34308,123
SQ:USDCAD,2019-01-04T14:20:00+01:00,1.34308,1.34320,1.34245,1.34255,156
SQ:USDCAD,2019-01-04T14:21:00+01:00,1.34251,1.34288,1.34235,1.34288,80
SQ:USDCAD,2019-01-04T14:22:00+01:00,1.34288,1.34331,1.34287,1.34329,72
SQ:USDCAD,2019-01-04T14:23:00+01:00,1.34328,1.34350,1.34324,1.34349,64
SQ:USDCAD,2019-01-04T14:24:00+01:00,1.34349,1.34367,1.34349,1.34367,77
SQ:USDCAD,2019-01-04T14:25:00+01:00,1.34367,1.34395,1.34365,1.34377,96
SQ:USDCAD,2019-01-04T14:26:00+01:00,1.34377,1.34426,1.34359,1.34405,89
SQ:USDCAD,2019-01-04T14:27:00+01:00,1.34405,1.34405,1.34386,1.34399,41
SQ:USDCAD,2019-01-04T14:28:00+01:00,1.34399,1.34425,1.34397,1.34406,151
SQ:USDCAD,2019-01-04T14:29:00+01:00,1.34407,1.34419,1.34274,1.34353,154
SQ:USDCAD,2019-01-04T14:30:00+01:00,1.34353,1.34723,1.34353,1.34611,500
SQ:USDCAD,2019-01-04T14:31:00+01:00,1.34612,1.34627,1.34541,1.34560,285
SQ:USDCAD,2019-01-04T14:32:00+01:00,1.34558,1.34559,1.34406,1.34504,304
SQ:USDCAD,2019-01-04T14:33:00+01:00,1.34503,1.34580,1.34491,1.34568,296
SQ:USDCAD,2019-01-04T14:34:00+01:00,1.34569,1.34606,1.34534,1.34561,250
SQ:USDCAD,2019-01-04T14:35:00+01:00,1.34561,1.34574,1.34533,1.34538,246
SQ:USDCAD,2019-01-04T14:36:00+01:00,1.34537,1.34565,1.34526,1.34543,262
SQ:USDCAD,2019-01-04T14:37:00+01:00,1.34543,1.34551,1.34503,1.34526,249
SQ:USDCAD,2019-01-04T14:38:00+01:00,1.34526,1.34568,1.34500,1.34568,203
SQ:USDCAD,2019-01-04T14:39:00+01:00,1.34570,1.34584,1.34549,1.34559,185
SQ:USDCAD,2019-01-04T14:40:00+01:00,1.34561,1.34561,1.34501,1.34508,173
SQ:USDCAD,2019-01-04T14:41:00+01:00,1.34509,1.34532,1.34489,1.34524,184
SQ:USDCAD,2019-01-04T14:42:00+01:00,1.34524,1.34529,1.34462,1.34472,162
SQ:USDCAD,2019-01-04T14:43:00+01:00,1.34471,1.34480,1.34446,1.34455,122
SQ:USDCAD,2019-01-04T14:44:00+01:00,1.34457,1.34457,1.34417,1.34434,158
SQ:USDCAD,2019-01-04T14:45:00+01:00,1.34436,1.34475,1.34426,1.34474,252
SQ:USDCAD,2019-01-04T14:46:00+01:00,1.34474,1.34504,1.34462,1.34468,195
SQ:USDCAD,2019-01-04T14:47:00+01:00,1.34467,1.34483,1.34461,1.34468,158
SQ:USDCAD,2019-01-04T14:48:00+01:00,1.34468,1.34480,1.34427,1.34427,194
SQ:USDCAD,2019-01-04T14:49:00+01:00,1.34426,1.34427,1.34319,1.34330,248
SQ:USDCAD,2019-01-04T14:50:00+01:00,1.34330,1.34373,1.34308,1.34366,207
SQ:USDCAD,2019-01-04T14:51:00+01:00,1.34367,1.34390,1.34329,1.34332,216
SQ:USDCAD,2019-01-04T14:52:00+01:00,1.34330,1.34362,1.34323,1.34327,147
SQ:USDCAD,2019-01-04T14:53:00+01:00,1.34327,1.34328,1.34289,1.34320,107
SQ:USDCAD,2019-01-04T14:54:00+01:00,1.34318,1.34328,1.34291,1.34301,111
SQ:USDCAD,2019-01-04T14:55:00+01:00,1.34300,1.34311,1.34244,1.34247,223
SQ:USDCAD,2019-01-04T14:56:00+01:00,1.34247,1.34310,1.34247,1.34303,208
SQ:USDCAD,2019-01-04T14:57:00+01:00,1.34303,1.34310,1.34290,1.34296,136
SQ:USDCAD,2019-01-04T14:58:00+01:00,1.34292,1.34305,1.34282,1.34293,127
SQ:USDCAD,2019-01-04T14:59:00+01:00,1.34293,1.34320,1.34281,1.34307,150
SQ:USDCAD,2019-01-04T15:00:00+01:00,1.34308,1.34338,1.34305,1.34336,238
SQ:USDCAD,2019-01-04T15:01:00+01:00,1.34335,1.34387,1.34335,1.34381,214
SQ:USDCAD,2019-01-04T15:02:00+01:00,1.34380,1.34390,1.34362,1.34379,197
SQ:USDCAD,2019-01-04T15:03:00+01:00,1.34378,1.34409,1.34366,1.34384,264
SQ:USDCAD,2019-01-04T15:04:00+01:00,1.34384,1.34388,1.34373,1.34384,131
SQ:USDCAD,2019-01-04T15:05:00+01:00,1.34385,1.34408,1.34383,1.34401,120
SQ:USDCAD,2019-01-04T15:06:00+01:00,1.34400,1.34405,1.34380,1.34380,167
SQ:USDCAD,2019-01-04T15:07:00+01:00,1.34380,1.34383,1.34345,1.34383,187
SQ:USDCAD,2019-01-04T15:08:00+01:00,1.34382,1.34384,1.34356,1.34356,180
SQ:USDCAD,2019-01-04T15:09:00+01:00,1.34358,1.34361,1.34346,1.34352,100
SQ:USDCAD,2019-01-04T15:10:00+01:00,1.34351,1.34375,1.34342,1.34371,128
SQ:USDCAD,2019-01-04T15:11:00+01:00,1.34371,1.34382,1.34362,1.34367,123
SQ:USDCAD,2019-01-04T15:12:00+01:00,1.34366,1.34368,1.34334,1.34334,157
SQ:USDCAD,2019-01-04T15:13:00+01:00,1.34334,1.34336,1.34304,1.34307,155
SQ:USDCAD,2019-01-04T15:14:00+01:00,1.34308,1.34318,1.34298,1.34302,132
SQ:USDCAD,2019-01-04T15:15:00+01:00,1.34302,1.34312,1.34264,1.34264,146
SQ:USDCAD,2019-01-04T15:16:00+01:00,1.34263,1.34301,1.34241,1.34301,190
SQ:USDCAD,2019-01-04T15:17:00+01:00,1.34301,1.34313,1.34291,1.34291,134
SQ:USDCAD,2019-01-04T15:18:00+01:00,1.34291,1.34308,1.34291,1.34300,115
SQ:USDCAD,2019-01-04T15:19:00+01:00,1.34303,1.34328,1.34298,1.34309,125
SQ:USDCAD,2019-01-04T15:20:00+01:00,1.34308,1.34312,1.34292,1.34293,128
SQ:USDCAD,2019-01-04T15:21:00+01:00,1.34294,1.34300,1.34288,1.34292,122
SQ:USDCAD,2019-01-04T15:22:00+01:00,1.34291,1.34291,1.34235,1.34249,203
SQ:USDCAD,2019-01-04T15:23:00+01:00,1.34247,1.34255,1.34208,1.34227,143
SQ:USDCAD,2019-01-04T15:24:00+01:00,1.34227,1.34249,1.34227,1.34247,116
SQ:USDCAD,2019-01-04T15:25:00+01:00,1.34246,1.34264,1.34225,1.34226,145
SQ:USDCAD,2019-01-04T15:26:00+01:00,1.34225,1.34257,1.34211,1.34255,116
SQ:USDCAD,2019-01-04T15:27:00+01:00,1.34255,1.34284,1.34251,1.34265,145
SQ:USDCAD,2019-01-04T15:28:00+01:00,1.34260,1.34302,1.34256,1.34299,185
SQ:USDCAD,2019-01-04T15:29:00+01:00,1.34299,1.34307,1.34288,1.34295,148
SQ:USDCAD,2019-01-04T15:30:00+01:00,1.34296,1.34321,1.34294,1.34318,201
SQ:USDCAD,2019-01-04T15:31:00+01:00,1.34320,1.34343,1.34316,1.34316,231
SQ:USDCAD,2019-01-04T15:32:00+01:00,1.34318,1.34338,1.34282,1.34335,245
SQ:USDCAD,2019-01-04T15:33:00+01:00,1.34335,1.34349,1.34311,1.34337,201
SQ:USDCAD,2019-01-04T15:34:00+01:00,1.34336,1.34352,1.34316,1.34351,184
SQ:USDCAD,2019-01-04T15:35:00+01:00,1.34352,1.34370,1.34339,1.34367,259
SQ:USDCAD,2019-01-04T15:36:00+01:00,1.34366,1.34368,1.34335,1.34346,201
SQ:USDCAD,2019-01-04T15:37:00+01:00,1.34347,1.34373,1.34341,1.34343,279
SQ:USDCAD,2019-01-04T15:38:00+01:00,1.34343,1.34385,1.34343,1.34381,215
SQ:USDCAD,2019-01-04T15:39:00+01:00,1.34381,1.34383,1.34329,1.34339,215
SQ:USDCAD,2019-01-04T15:40:00+01:00,1.34333,1.34381,1.34329,1.34365,197
SQ:USDCAD,2019-01-04T15:41:00+01:00,1.34365,1.34390,1.34349,1.34381,189
SQ:USDCAD,2019-01-04T15:42:00+01:00,1.34380,1.34396,1.34374,1.34386,190
SQ:USDCAD,2019-01-04T15:43:00+01:00,1.34385,1.34403,1.34378,1.34400,139
SQ:USDCAD,2019-01-04T15:44:00+01:00,1.34400,1.34405,1.34364,1.34400,151
SQ:USDCAD,2019-01-04T15:45:00+01:00,1.34394,1.34398,1.34349,1.34351,182
SQ:USDCAD,2019-01-04T15:46:00+01:00,1.34351,1.34424,1.34349,1.34424,255
SQ:USDCAD,2019-01-04T15:47:00+01:00,1.34419,1.34445,1.34407,1.34434,193
SQ:USDCAD,2019-01-04T15:48:00+01:00,1.34434,1.34446,1.34417,1.34446,152
SQ:USDCAD,2019-01-04T16:13:00+01:00,1.34374,1.34378,1.34345,1.34355,135
SQ:USDCAD,2019-01-04T16:14:00+01:00,1.34355,1.34380,1.34351,1.34379,149
SQ:USDCAD,2019-01-04T16:15:00+01:00,1.34379,1.34387,1.34370,1.34374,108
SQ:USDCAD,2019-01-04T16:16:00+01:00,1.34372,1.34396,1.34372,1.34382,125
SQ:USDCAD,2019-01-04T16:17:00+01:00,1.34382,1.34390,1.34374,1.34375,106
SQ:USDCAD,2019-01-04T16:18:00+01:00,1.34375,1.34394,1.34371,1.34386,152
SQ:USDCAD,2019-01-04T16:19:00+01:00,1.34386,1.34443,1.34385,1.34442,207
SQ:USDCAD,2019-01-04T16:20:00+01:00,1.34445,1.34484,1.34445,1.34456,253
SQ:USDCAD,2019-01-04T16:21:00+01:00,1.34456,1.34469,1.34371,1.34378,209
SQ:USDCAD,2019-01-04T16:22:00+01:00,1.34378,1.34378,1.34208,1.34236,407
SQ:USDCAD,2019-01-04T16:23:00+01:00,1.34236,1.34283,1.34209,1.34211,431
SQ:USDCAD,2019-01-04T16:24:00+01:00,1.34211,1.34211,1.34145,1.34146,386
SQ:USDCAD,2019-01-04T16:25:00+01:00,1.34148,1.34153,1.34084,1.34086,514
SQ:USDCAD,2019-01-04T16:26:00+01:00,1.34085,1.34094,1.34039,1.34078,471
SQ:USDCAD,2019-01-04T16:27:00+01:00,1.34079,1.34114,1.34058,1.34086,358
SQ:USDCAD,2019-01-04T16:28:00+01:00,1.34085,1.34085,1.34024,1.34039,302
SQ:USDCAD,2019-01-04T16:29:00+01:00,1.34038,1.34039,1.33967,1.33973,309
SQ:USDCAD,2019-01-04T16:30:00+01:00,1.33974,1.33997,1.33962,1.33967,340
SQ:USDCAD,2019-01-04T16:31:00+01:00,1.33967,1.33971,1.33895,1.33924,293
SQ:USDCAD,2019-01-04T16:32:00+01:00,1.33924,1.33945,1.33895,1.33930,287
SQ:USDCAD,2019-01-04T16:33:00+01:00,1.33930,1.33945,1.33918,1.33931,256
SQ:USDCAD,2019-01-04T16:34:00+01:00,1.33932,1.33977,1.33930,1.33931,273
SQ:USDCAD,2019-01-04T16:35:00+01:00,1.33931,1.33939,1.33890,1.33890,271
SQ:USDCAD,2019-01-04T16:36:00+01:00,1.33890,1.33897,1.33852,1.33862,230
SQ:USDCAD,2019-01-04T16:37:00+01:00,1.33861,1.33908,1.33860,1.33899,273
SQ:USDCAD,2019-01-04T16:38:00+01:00,1.33897,1.33905,1.33853,1.33853,273
SQ:USDCAD,2019-01-04T16:39:00+01:00,1.33852,1.33870,1.33852,1.33856,214
SQ:USDCAD,2019-01-04T16:40:00+01:00,1.33856,1.33856,1.33816,1.33834,288
SQ:USDCAD,2019-01-04T16:41:00+01:00,1.33834,1.33901,1.33828,1.33898,254
SQ:USDCAD,2019-01-04T16:42:00+01:00,1.33901,1.33923,1.33887,1.33918,274
SQ:USDCAD,2019-01-04T16:43:00+01:00,1.33918,1.33938,1.33898,1.33933,185
SQ:USDCAD,2019-01-04T16:44:00+01:00,1.33934,1.33937,1.33890,1.33902,270
SQ:USDCAD,2019-01-04T16:45:00+01:00,1.33903,1.33938,1.33894,1.33906,240
SQ:USDCAD,2019-01-04T16:46:00+01:00,1.33899,1.33933,1.33883,1.33913,210
SQ:USDCAD,2019-01-04T16:47:00+01:00,1.33911,1.33942,1.33910,1.33930,214
SQ:USDCAD,2019-01-04T16:48:00+01:00,1.33929,1.33931,1.33868,1.33900,251
SQ:USDCAD,2019-01-04T16:49:00+01:00,1.33899,1.33922,1.33893,1.33898,236
SQ:USDCAD,2019-01-04T16:50:00+01:00,1.33896,1.33909,1.33870,1.33874,251
SQ:USDCAD,2019-01-04T16:51:00+01:00,1.33873,1.33882,1.33837,1.33860,304
SQ:USDCAD,2019-01-04T16:52:00+01:00,1.33862,1.33870,1.33846,1.33855,291
SQ:USDCAD,2019-01-04T16:53:00+01:00,1.33855,1.33890,1.33843,1.33882,297
SQ:USDCAD,2019-01-04T16:54:00+01:00,1.33883,1.33919,1.33866,1.33909,281
SQ:USDCAD,2019-01-04T16:55:00+01:00,1.33909,1.33920,1.33881,1.33916,265
SQ:USDCAD,2019-01-04T16:56:00+01:00,1.33916,1.33973,1.33888,1.33888,344
SQ:USDCAD,2019-01-04T16:57:00+01:00,1.33887,1.33916,1.33877,1.33898,377
SQ:USDCAD,2019-01-04T16:58:00+01:00,1.33898,1.33916,1.33879,1.33892,353
SQ:USDCAD,2019-01-04T16:59:00+01:00,1.33892,1.33905,1.33866,1.33867,357
SQ:USDCAD,2019-01-04T17:00:00+01:00,1.33883,1.33932,1.33862,1.33907,413
SQ:USDCAD,2019-01-04T17:01:00+01:00,1.33907,1.33907,1.33837,1.33838,326
SQ:USDCAD,2019-01-04T17:02:00+01:00,1.33837,1.33877,1.33823,1.33827,268
SQ:USDCAD,2019-01-04T17:03:00+01:00,1.33827,1.33827,1.33797,1.33800,258
SQ:USDCAD,2019-01-04T17:04:00+01:00,1.33798,1.33815,1.33793,1.33797,200
SQ:USDCAD,2019-01-04T17:05:00+01:00,1.33797,1.33901,1.33797,1.33881,232
SQ:USDCAD,2019-01-04T17:06:00+01:00,1.33881,1.33895,1.33881,1.33886,192
SQ:USDCAD,2019-01-04T17:07:00+01:00,1.33883,1.33892,1.33856,1.33857,250
SQ:USDCAD,2019-01-04T17:08:00+01:00,1.33858,1.33876,1.33843,1.33868,228
SQ:USDCAD,2019-01-04T17:09:00+01:00,1.33868,1.33886,1.33847,1.33878,184
SQ:USDCAD,2019-01-04T17:10:00+01:00,1.33878,1.33887,1.33837,1.33838,250
SQ:USDCAD,2019-01-04T17:11:00+01:00,1.33838,1.33856,1.33831,1.33846,221
SQ:USDCAD,2019-01-04T17:12:00+01:00,1.33846,1.33846,1.33795,1.33820,196
SQ:USDCAD,2019-01-04T17:13:00+01:00,1.33821,1.33870,1.33817,1.33863,192
SQ:USDCAD,2019-01-04T17:14:00+01:00,1.33864,1.33914,1.33862,1.33909,264
SQ:USDCAD,2019-01-04T17:15:00+01:00,1.33909,1.33948,1.33909,1.33942,234
SQ:USDCAD,2019-01-04T17:16:00+01:00,1.33942,1.33986,1.33942,1.33984,184
SQ:USDCAD,2019-01-04T17:17:00+01:00,1.33983,1.34054,1.33970,1.34039,249
SQ:USDCAD,2019-01-04T17:18:00+01:00,1.34039,1.34059,1.34022,1.34022,163
SQ:USDCAD,2019-01-04T17:19:00+01:00,1.34022,1.34028,1.33994,1.34007,230
SQ:USDCAD,2019-01-04T17:20:00+01:00,1.34005,1.34034,1.34001,1.34022,148
SQ:USDCAD,2019-01-04T17:21:00+01:00,1.34023,1.34032,1.34017,1.34021,138
SQ:USDCAD,2019-01-04T17:22:00+01:00,1.34024,1.34034,1.34007,1.34033,176
SQ:USDCAD,2019-01-04T17:23:00+01:00,1.34037,1.34101,1.34037,1.34083,228
SQ:USDCAD,2019-01-04T17:24:00+01:00,1.34082,1.34120,1.34075,1.34106,184
SQ:USDCAD,2019-01-04T17:25:00+01:00,1.34105,1.34197,1.34099,1.34172,209
SQ:USDCAD,2019-01-04T17:26:00+01:00,1.34167,1.34181,1.34144,1.34173,206
SQ:USDCAD,2019-01-04T17:27:00+01:00,1.34172,1.34178,1.34146,1.34155,178
SQ:USDCAD,2019-01-04T17:28:00+01:00,1.34155,1.34178,1.34150,1.34156,276
SQ:USDCAD,2019-01-04T17:29:00+01:00,1.34156,1.34156,1.34127,1.34134,204
SQ:USDCAD,2019-01-04T17:30:00+01:00,1.34135,1.34147,1.34118,1.34121,301
SQ:USDCAD,2019-01-04T17:31:00+01:00,1.34121,1.34135,1.34100,1.34100,186
SQ:USDCAD,2019-01-04T17:32:00+01:00,1.34097,1.34109,1.34048,1.34050,270
SQ:USDCAD,2019-01-04T17:33:00+01:00,1.34050,1.34066,1.34027,1.34057,271
SQ:USDCAD,2019-01-04T17:34:00+01:00,1.34057,1.34059,1.34037,1.34049,175
SQ:USDCAD,2019-01-04T17:35:00+01:00,1.34049,1.34108,1.34049,1.34107,154
SQ:USDCAD,2019-01-04T17:36:00+01:00,1.34113,1.34113,1.34068,1.34076,203
SQ:USDCAD,2019-01-04T17:37:00+01:00,1.34076,1.34096,1.34062,1.34084,154
SQ:USDCAD,2019-01-04T17:38:00+01:00,1.34085,1.34109,1.34082,1.34108,159
SQ:USDCAD,2019-01-04T17:39:00+01:00,1.34107,1.34108,1.34083,1.34090,227
SQ:USDCAD,2019-01-04T17:40:00+01:00,1.34091,1.34103,1.34074,1.34085,237
SQ:USDCAD,2019-01-04T17:41:00+01:00,1.34086,1.34098,1.34050,1.34078,226
SQ:USDCAD,2019-01-04T17:42:00+01:00,1.34078,1.34094,1.34065,1.34072,181
SQ:USDCAD,2019-01-04T17:43:00+01:00,1.34071,1.34074,1.34020,1.34021,255
SQ:USDCAD,2019-01-04T17:44:00+01:00,1.34020,1.34030,1.34002,1.34027,242
SQ:USDCAD,2019-01-04T17:45:00+01:00,1.34027,1.34039,1.33986,1.33992,213
SQ:USDCAD,2019-01-04T17:46:00+01:00,1.33992,1.33992,1.33934,1.33947,217
SQ:USDCAD,2019-01-04T17:47:00+01:00,1.33945,1.33952,1.33922,1.33945,199
SQ:USDCAD,2019-01-04T17:48:00+01:00,1.33946,1.33959,1.33937,1.33952,148
SQ:USDCAD,2019-01-04T17:49:00+01:00,1.33953,1.33982,1.33952,1.33982,162
SQ:USDCAD,2019-01-04T17:50:00+01:00,1.33982,1.33985,1.33937,1.33943,183
SQ:USDCAD,2019-01-04T17:51:00+01:00,1.33943,1.33953,1.33927,1.33927,143
SQ:USDCAD,2019-01-04T17:52:00+01:00,1.33926,1.33929,1.33905,1.33918,164
SQ:USDCAD,2019-01-04T17:53:00+01:00,1.33917,1.33940,1.33910,1.33935,135
SQ:USDCAD,2019-01-04T17:54:00+01:00,1.33936,1.33938,1.33906,1.33909,127
SQ:USDCAD,2019-01-04T17:55:00+01:00,1.33908,1.33987,1.33908,1.33979,173
SQ:USDCAD,2019-01-04T17:56:00+01:00,1.33982,1.34005,1.33976,1.33979,287
SQ:USDCAD,2019-01-04T17:57:00+01:00,1.33980,1.33986,1.33953,1.33970,194
SQ:USDCAD,2019-01-04T17:58:00+01:00,1.33968,1.33991,1.33962,1.33981,185
SQ:USDCAD,2019-01-04T17:59:00+01:00,1.33981,1.33998,1.33978,1.33990,193
SQ:USDCAD,2019-01-04T18:00:00+01:00,1.33991,1.33991,1.33960,1.33970,139
SQ:USDCAD,2019-01-04T18:01:00+01:00,1.33971,1.34011,1.33970,1.33985,195
SQ:USDCAD,2019-01-04T18:02:00+01:00,1.33985,1.33998,1.33978,1.33988,112
SQ:USDCAD,2019-01-04T18:03:00+01:00,1.33989,1.34017,1.33987,1.34015,176
SQ:USDCAD,2019-01-04T18:04:00+01:00,1.34014,1.34019,1.33991,1.34005,132
SQ:USDCAD,2019-01-04T18:05:00+01:00,1.34005,1.34066,1.33996,1.34066,134
SQ:USDCAD,2019-01-04T18:06:00+01:00,1.34065,1.34089,1.34062,1.34067,167
SQ:USDCAD,2019-01-04T18:07:00+01:00,1.34066,1.34068,1.34039,1.34042,142
SQ:USDCAD,2019-01-04T18:08:00+01:00,1.34041,1.34046,1.34019,1.34043,132
SQ:USDCAD,2019-01-04T18:09:00+01:00,1.34041,1.34042,1.34017,1.34019,102
SQ:USDCAD,2019-01-04T18:10:00+01:00,1.34020,1.34022,1.33979,1.33997,110
SQ:USDCAD,2019-01-04T18:11:00+01:00,1.33996,1.34068,1.33996,1.34062,214
SQ:USDCAD,2019-01-04T18:12:00+01:00,1.34062,1.34095,1.34046,1.34074,143
SQ:USDCAD,2019-01-04T18:13:00+01:00,1.34075,1.34133,1.34071,1.34121,173
SQ:USDCAD,2019-01-04T18:14:00+01:00,1.34120,1.34124,1.34068,1.34077,151
SQ:USDCAD,2019-01-04T18:15:00+01:00,1.34076,1.34085,1.34027,1.34027,167
SQ:USDCAD,2019-01-04T18:16:00+01:00,1.34029,1.34087,1.34022,1.34087,179
SQ:USDCAD,2019-01-04T18:17:00+01:00,1.34086,1.34093,1.34058,1.34060,175
SQ:USDCAD,2019-01-04T18:18:00+01:00,1.34061,1.34074,1.34054,1.34069,175
SQ:USDCAD,2019-01-04T18:19:00+01:00,1.34070,1.34151,1.34070,1.34117,250
SQ:USDCAD,2019-01-04T18:20:00+01:00,1.34116,1.34116,1.34088,1.34090,112
SQ:USDCAD,2019-01-04T18:21:00+01:00,1.34089,1.34097,1.34073,1.34087,95
SQ:USDCAD,2019-01-04T18:22:00+01:00,1.34087,1.34101,1.34071,1.34071,112
SQ:USDCAD,2019-01-04T18:23:00+01:00,1.34075,1.34077,1.34060,1.34061,138
SQ:USDCAD,2019-01-04T18:24:00+01:00,1.34061,1.34087,1.34051,1.34082,137
SQ:USDCAD,2019-01-04T18:25:00+01:00,1.34082,1.34082,1.34047,1.34050,171
SQ:USDCAD,2019-01-04T18:26:00+01:00,1.34050,1.34056,1.34014,1.34015,183
SQ:USDCAD,2019-01-04T18:27:00+01:00,1.34016,1.34016,1.33991,1.34005,158
SQ:USDCAD,2019-01-04T18:28:00+01:00,1.34004,1.34006,1.33996,1.33999,44
SQ:USDCAD,2019-01-04T18:29:00+01:00,1.33998,1.34040,1.33996,1.34039,112
SQ:USDCAD,2019-01-04T18:30:00+01:00,1.34035,1.34041,1.34021,1.34038,158
SQ:USDCAD,2019-01-04T18:31:00+01:00,1.34038,1.34040,1.34023,1.34030,123
SQ:USDCAD,2019-01-04T18:32:00+01:00,1.34029,1.34030,1.33980,1.33980,175
SQ:USDCAD,2019-01-04T18:33:00+01:00,1.33980,1.33990,1.33962,1.33987,102
SQ:USDCAD,2019-01-04T18:34:00+01:00,1.33986,1.34015,1.33983,1.34013,108
SQ:USDCAD,2019-01-04T18:35:00+01:00,1.34013,1.34019,1.33999,1.34002,168
SQ:USDCAD,2019-01-04T18:36:00+01:00,1.34003,1.34011,1.34000,1.34005,141
SQ:USDCAD,2019-01-04T18:37:00+01:00,1.34005,1.34010,1.33993,1.33999,140
SQ:USDCAD,2019-01-04T18:38:00+01:00,1.33998,1.34024,1.33998,1.34024,163
SQ:USDCAD,2019-01-04T18:39:00+01:00,1.34023,1.34052,1.34021,1.34044,133
SQ:USDCAD,2019-01-04T18:40:00+01:00,1.34044,1.34044,1.34009,1.34017,129
SQ:USDCAD,2019-01-04T18:41:00+01:00,1.34016,1.34017,1.33999,1.34000,145
SQ:USDCAD,2019-01-04T18:42:00+01:00,1.33999,1.34017,1.33999,1.34016,67
SQ:USDCAD,2019-01-04T18:43:00+01:00,1.34015,1.34015,1.33998,1.34005,74
SQ:USDCAD,2019-01-04T18:44:00+01:00,1.34006,1.34007,1.33990,1.33997,132
SQ:USDCAD,2019-01-04T18:45:00+01:00,1.33997,1.34003,1.33987,1.33988,95
SQ:USDCAD,2019-01-04T18:46:00+01:00,1.33987,1.33988,1.33979,1.33980,46
SQ:USDCAD,2019-01-04T18:47:00+01:00,1.33979,1.33980,1.33971,1.33974,105
SQ:USDCAD,2019-01-04T18:48:00+01:00,1.33974,1.33992,1.33973,1.33979,97
SQ:USDCAD,2019-01-04T18:49:00+01:00,1.33977,1.33980,1.33959,1.33977,88
SQ:USDCAD,2019-01-04T18:50:00+01:00,1.33977,1.33999,1.33977,1.33999,191
SQ:USDCAD,2019-01-04T18:51:00+01:00,1.33999,1.33999,1.33985,1.33989,218
SQ:USDCAD,2019-01-04T18:52:00+01:00,1.33989,1.34007,1.33989,1.33998,52
SQ:USDCAD,2019-01-04T18:53:00+01:00,1.33998,1.34007,1.33990,1.34007,51
SQ:USDCAD,2019-01-04T18:54:00+01:00,1.34008,1.34010,1.33992,1.33992,161
SQ:USDCAD,2019-01-04T18:55:00+01:00,1.33993,1.34009,1.33991,1.33994,126
SQ:USDCAD,2019-01-04T18:56:00+01:00,1.33995,1.34018,1.33988,1.33989,68
SQ:USDCAD,2019-01-04T18:57:00+01:00,1.33992,1.34001,1.33992,1.33998,71
SQ:USDCAD,2019-01-04T18:58:00+01:00,1.33999,1.34027,1.33975,1.33976,84
SQ:USDCAD,2019-01-04T18:59:00+01:00,1.33977,1.33990,1.33976,1.33982,66
SQ:USDCAD,2019-01-04T19:00:00+01:00,1.33982,1.33985,1.33960,1.33968,125
SQ:USDCAD,2019-01-04T19:01:00+01:00,1.33968,1.33972,1.33965,1.33966,95
SQ:USDCAD,2019-01-04T19:02:00+01:00,1.33965,1.33967,1.33942,1.33943,107
SQ:USDCAD,2019-01-04T19:03:00+01:00,1.33942,1.33949,1.33939,1.33940,96
SQ:USDCAD,2019-01-04T19:04:00+01:00,1.33941,1.33949,1.33928,1.33948,101
SQ:USDCAD,2019-01-04T19:05:00+01:00,1.33950,1.33950,1.33929,1.33937,126
SQ:USDCAD,2019-01-04T19:06:00+01:00,1.33937,1.33948,1.33937,1.33946,57
SQ:USDCAD,2019-01-04T19:07:00+01:00,1.33945,1.33951,1.33942,1.33951,48
SQ:USDCAD,2019-01-04T19:08:00+01:00,1.33951,1.33962,1.33950,1.33962,34
SQ:USDCAD,2019-01-04T19:09:00+01:00,1.33961,1.33962,1.33940,1.33942,103
SQ:USDCAD,2019-01-04T19:10:00+01:00,1.33942,1.33942,1.33924,1.33925,60
SQ:USDCAD,2019-01-04T19:11:00+01:00,1.33926,1.33927,1.33888,1.33889,101
SQ:USDCAD,2019-01-04T19:12:00+01:00,1.33890,1.33896,1.33881,1.33890,65
SQ:USDCAD,2019-01-04T19:13:00+01:00,1.33890,1.33890,1.33871,1.33874,103
SQ:USDCAD,2019-01-04T19:14:00+01:00,1.33876,1.33880,1.33871,1.33874,88
SQ:USDCAD,2019-01-04T19:15:00+01:00,1.33873,1.33873,1.33853,1.33868,128
SQ:USDCAD,2019-01-04T19:16:00+01:00,1.33868,1.33891,1.33864,1.33888,81
SQ:USDCAD,2019-01-04T19:17:00+01:00,1.33888,1.33900,1.33887,1.33898,60
SQ:USDCAD,2019-01-04T19:18:00+01:00,1.33897,1.33909,1.33890,1.33903,122
SQ:USDCAD,2019-01-04T19:19:00+01:00,1.33904,1.33908,1.33872,1.33887,143
SQ:USDCAD,2019-01-04T19:20:00+01:00,1.33887,1.33890,1.33880,1.33881,75
SQ:USDCAD,2019-01-04T19:21:00+01:00,1.33881,1.33888,1.33880,1.33884,69
SQ:USDCAD,2019-01-04T19:22:00+01:00,1.33882,1.33896,1.33881,1.33896,45
SQ:USDCAD,2019-01-04T19:23:00+01:00,1.33897,1.33915,1.33888,1.33915,54
SQ:USDCAD,2019-01-04T19:24:00+01:00,1.33915,1.33920,1.33908,1.33919,83
SQ:USDCAD,2019-01-04T19:25:00+01:00,1.33917,1.33926,1.33914,1.33924,68
SQ:USDCAD,2019-01-04T19:26:00+01:00,1.33924,1.33927,1.33915,1.33916,36
SQ:USDCAD,2019-01-04T19:27:00+01:00,1.33915,1.33915,1.33897,1.33906,76
SQ:USDCAD,2019-01-04T19:28:00+01:00,1.33906,1.33907,1.33879,1.33895,85
SQ:USDCAD,2019-01-04T19:29:00+01:00,1.33895,1.33907,1.33895,1.33900,103
SQ:USDCAD,2019-01-04T19:30:00+01:00,1.33899,1.33901,1.33888,1.33891,117
SQ:USDCAD,2019-01-04T19:31:00+01:00,1.33893,1.33914,1.33890,1.33914,63
SQ:USDCAD,2019-01-04T19:32:00+01:00,1.33913,1.33918,1.33905,1.33906,60
SQ:USDCAD,2019-01-04T19:33:00+01:00,1.33906,1.33926,1.33906,1.33926,89
SQ:USDCAD,2019-01-04T19:34:00+01:00,1.33926,1.33929,1.33914,1.33916,49
SQ:USDCAD,2019-01-04T19:35:00+01:00,1.33916,1.33935,1.33909,1.33909,111
SQ:USDCAD,2019-01-04T19:36:00+01:00,1.33906,1.33916,1.33874,1.33876,141
SQ:USDCAD,2019-01-04T19:37:00+01:00,1.33877,1.33890,1.33864,1.33866,79
SQ:USDCAD,2019-01-04T19:38:00+01:00,1.33866,1.33886,1.33864,1.33878,90
SQ:USDCAD,2019-01-04T19:39:00+01:00,1.33878,1.33897,1.33866,1.33896,112
SQ:USDCAD,2019-01-04T19:40:00+01:00,1.33896,1.33908,1.33896,1.33906,83
SQ:USDCAD,2019-01-04T19:41:00+01:00,1.33908,1.33909,1.33905,1.33906,105
SQ:USDCAD,2019-01-04T19:42:00+01:00,1.33906,1.33918,1.33903,1.33908,99
SQ:USDCAD,2019-01-04T19:43:00+01:00,1.33908,1.33936,1.33908,1.33934,123
SQ:USDCAD,2019-01-04T19:44:00+01:00,1.33932,1.33935,1.33913,1.33913,79
SQ:USDCAD,2019-01-04T19:45:00+01:00,1.33916,1.33937,1.33913,1.33935,121
SQ:USDCAD,2019-01-04T19:46:00+01:00,1.33935,1.33943,1.33921,1.33928,97
SQ:USDCAD,2019-01-04T19:47:00+01:00,1.33925,1.33928,1.33911,1.33916,109
SQ:USDCAD,2019-01-04T19:48:00+01:00,1.33916,1.33940,1.33916,1.33935,121
SQ:USDCAD,2019-01-04T19:49:00+01:00,1.33935,1.33940,1.33930,1.33935,122
SQ:USDCAD,2019-01-04T19:50:00+01:00,1.33935,1.33936,1.33929,1.33935,54
SQ:USDCAD,2019-01-04T19:51:00+01:00,1.33935,1.33944,1.33932,1.33942,101
SQ:USDCAD,2019-01-04T19:52:00+01:00,1.33942,1.33944,1.33933,1.33935,95
SQ:USDCAD,2019-01-04T19:53:00+01:00,1.33935,1.33949,1.33934,1.33944,93
SQ:USDCAD,2019-01-04T19:54:00+01:00,1.33943,1.33948,1.33935,1.33948,92
SQ:USDCAD,2019-01-04T19:55:00+01:00,1.33950,1.33950,1.33935,1.33936,93
SQ:USDCAD,2019-01-04T19:56:00+01:00,1.33937,1.33949,1.33933,1.33933,90
SQ:USDCAD,2019-01-04T19:57:00+01:00,1.33933,1.33943,1.33930,1.33936,100
SQ:USDCAD,2019-01-04T19:58:00+01:00,1.33936,1.33948,1.33936,1.33942,102
SQ:USDCAD,2019-01-04T19:59:00+01:00,1.33943,1.33957,1.33938,1.33952,127
SQ:USDCAD,2019-01-04T20:00:00+01:00,1.33953,1.33975,1.33952,1.33971,142
SQ:USDCAD,2019-01-04T20:01:00+01:00,1.33972,1.33986,1.33967,1.33985,165
SQ:USDCAD,2019-01-04T20:02:00+01:00,1.33983,1.34000,1.33982,1.33997,143
SQ:USDCAD,2019-01-04T20:03:00+01:00,1.33996,1.33997,1.33976,1.33976,146
SQ:USDCAD,2019-01-04T20:04:00+01:00,1.33975,1.33975,1.33948,1.33970,150
SQ:USDCAD,2019-01-04T20:05:00+01:00,1.33970,1.33978,1.33954,1.33954,145
SQ:USDCAD,2019-01-04T20:06:00+01:00,1.33953,1.33956,1.33934,1.33951,109
SQ:USDCAD,2019-01-04T20:07:00+01:00,1.33952,1.33972,1.33947,1.33970,188
SQ:USDCAD,2019-01-04T20:08:00+01:00,1.33971,1.33978,1.33948,1.33952,134
SQ:USDCAD,2019-01-04T20:09:00+01:00,1.33951,1.33954,1.33946,1.33951,90
SQ:USDCAD,2019-01-04T20:10:00+01:00,1.33951,1.33952,1.33930,1.33934,51
SQ:USDCAD,2019-01-04T20:11:00+01:00,1.33934,1.33961,1.33934,1.33960,48
SQ:USDCAD,2019-01-04T20:12:00+01:00,1.33956,1.33963,1.33947,1.33958,148
SQ:USDCAD,2019-01-04T20:13:00+01:00,1.33960,1.33962,1.33951,1.33961,72
SQ:USDCAD,2019-01-04T20:14:00+01:00,1.33961,1.33987,1.33952,1.33978,80
SQ:USDCAD,2019-01-04T20:15:00+01:00,1.33979,1.33988,1.33963,1.33979,119
SQ:USDCAD,2019-01-04T20:16:00+01:00,1.33979,1.33980,1.33960,1.33965,89
SQ:USDCAD,2019-01-04T20:17:00+01:00,1.33965,1.33965,1.33953,1.33960,94
SQ:USDCAD,2019-01-04T20:18:00+01:00,1.33960,1.33979,1.33960,1.33979,65
SQ:USDCAD,2019-01-04T20:19:00+01:00,1.33978,1.33987,1.33975,1.33975,47
SQ:USDCAD,2019-01-04T20:20:00+01:00,1.33973,1.33977,1.33957,1.33959,97
SQ:USDCAD,2019-01-04T20:21:00+01:00,1.33958,1.33959,1.33928,1.33933,106
SQ:USDCAD,2019-01-04T20:22:00+01:00,1.33933,1.33943,1.33933,1.33933,76
SQ:USDCAD,2019-01-04T20:23:00+01:00,1.33933,1.33935,1.33919,1.33935,76
SQ:USDCAD,2019-01-04T20:24:00+01:00,1.33935,1.33936,1.33930,1.33935,55
SQ:USDCAD,2019-01-04T20:25:00+01:00,1.33935,1.33935,1.33910,1.33935,79
SQ:USDCAD,2019-01-04T20:26:00+01:00,1.33935,1.33948,1.33935,1.33938,158
SQ:USDCAD,2019-01-04T20:27:00+01:00,1.33937,1.33968,1.33934,1.33958,101
SQ:USDCAD,2019-01-04T20:28:00+01:00,1.33958,1.33959,1.33936,1.33936,119
SQ:USDCAD,2019-01-04T20:29:00+01:00,1.33937,1.33948,1.33936,1.33944,78
SQ:USDCAD,2019-01-04T20:30:00+01:00,1.33943,1.33961,1.33940,1.33956,119
SQ:USDCAD,2019-01-04T20:31:00+01:00,1.33955,1.33955,1.33940,1.33950,109
SQ:USDCAD,2019-01-04T20:32:00+01:00,1.33948,1.33952,1.33941,1.33942,72
SQ:USDCAD,2019-01-04T20:33:00+01:00,1.33942,1.33944,1.33936,1.33943,39
SQ:USDCAD,2019-01-04T20:34:00+01:00,1.33942,1.33949,1.33939,1.33939,51
SQ:USDCAD,2019-01-04T20:35:00+01:00,1.33940,1.33954,1.33938,1.33948,71
SQ:USDCAD,2019-01-04T20:36:00+01:00,1.33948,1.33965,1.33948,1.33959,88
SQ:USDCAD,2019-01-04T20:37:00+01:00,1.33961,1.33980,1.33961,1.33970,111
SQ:USDCAD,2019-01-04T20:38:00+01:00,1.33971,1.33972,1.33961,1.33961,41
SQ:USDCAD,2019-01-04T20:39:00+01:00,1.33959,1.33959,1.33948,1.33952,53
SQ:USDCAD,2019-01-04T20:40:00+01:00,1.33952,1.33963,1.33952,1.33961,89
SQ:USDCAD,2019-01-04T20:41:00+01:00,1.33961,1.34001,1.33958,1.33996,73
SQ:USDCAD,2019-01-04T20:42:00+01:00,1.33995,1.33996,1.33979,1.33989,49
SQ:USDCAD,2019-01-04T20:43:00+01:00,1.33988,1.33988,1.33966,1.33972,53
SQ:USDCAD,2019-01-04T20:44:00+01:00,1.33971,1.33971,1.33963,1.33963,43
SQ:USDCAD,2019-01-04T20:45:00+01:00,1.33961,1.33982,1.33961,1.33978,61
SQ:USDCAD,2019-01-04T20:46:00+01:00,1.33977,1.33983,1.33977,1.33981,21
SQ:USDCAD,2019-01-04T20:47:00+01:00,1.33982,1.33998,1.33982,1.33989,60
SQ:USDCAD,2019-01-04T20:48:00+01:00,1.33989,1.33997,1.33982,1.33989,18
SQ:USDCAD,2019-01-04T20:49:00+01:00,1.33988,1.33988,1.33968,1.33969,33
SQ:USDCAD,2019-01-04T20:50:00+01:00,1.33968,1.33976,1.33968,1.33969,18
SQ:USDCAD,2019-01-04T20:51:00+01:00,1.33968,1.33972,1.33959,1.33961,18
SQ:USDCAD,2019-01-04T20:52:00+01:00,1.33961,1.33961,1.33951,1.33953,21
SQ:USDCAD,2019-01-04T20:53:00+01:00,1.33951,1.33953,1.33951,1.33953,13
SQ:USDCAD,2019-01-04T20:54:00+01:00,1.33952,1.33962,1.33942,1.33962,35
SQ:USDCAD,2019-01-04T20:55:00+01:00,1.33961,1.33981,1.33961,1.33969,18
SQ:USDCAD,2019-01-04T20:56:00+01:00,1.33969,1.33978,1.33968,1.33975,22
SQ:USDCAD,2019-01-04T20:57:00+01:00,1.33974,1.33975,1.33943,1.33944,46
SQ:USDCAD,2019-01-04T20:58:00+01:00,1.33943,1.33962,1.33941,1.33961,44
SQ:USDCAD,2019-01-04T20:59:00+01:00,1.33962,1.33969,1.33927,1.33930,126
SQ:USDCAD,2019-01-04T21:00:00+01:00,1.33930,1.33937,1.33922,1.33936,158
SQ:USDCAD,2019-01-04T21:01:00+01:00,1.33938,1.33938,1.33932,1.33935,62
SQ:USDCAD,2019-01-04T21:02:00+01:00,1.33935,1.33944,1.33935,1.33944,44
SQ:USDCAD,2019-01-04T21:03:00+01:00,1.33944,1.33948,1.33936,1.33938,49
SQ:USDCAD,2019-01-04T21:04:00+01:00,1.33938,1.33946,1.33937,1.33942,54
SQ:USDCAD,2019-01-04T21:05:00+01:00,1.33943,1.33963,1.33943,1.33961,121
SQ:USDCAD,2019-01-04T21:06:00+01:00,1.33961,1.33961,1.33940,1.33941,80
SQ:USDCAD,2019-01-04T21:07:00+01:00,1.33940,1.33957,1.33940,1.33947,44
SQ:USDCAD,2019-01-04T21:08:00+01:00,1.33946,1.33958,1.33944,1.33955,71
SQ:USDCAD,2019-01-04T21:09:00+01:00,1.33953,1.33963,1.33950,1.33951,81
SQ:USDCAD,2019-01-04T21:10:00+01:00,1.33952,1.33963,1.33951,1.33963,42
SQ:USDCAD,2019-01-04T21:11:00+01:00,1.33963,1.33965,1.33957,1.33963,65
SQ:USDCAD,2019-01-04T21:12:00+01:00,1.33962,1.33975,1.33958,1.33962,47
SQ:USDCAD,2019-01-04T21:13:00+01:00,1.33961,1.33980,1.33959,1.33971,52
SQ:USDCAD,2019-01-04T21:14:00+01:00,1.33972,1.33972,1.33960,1.33962,22
SQ:USDCAD,2019-01-04T21:15:00+01:00,1.33965,1.33980,1.33960,1.33962,94
SQ:USDCAD,2019-01-04T21:16:00+01:00,1.33961,1.33970,1.33959,1.33959,123
SQ:USDCAD,2019-01-04T21:17:00+01:00,1.33960,1.33980,1.33959,1.33977,98
SQ:USDCAD,2019-01-04T21:18:00+01:00,1.33977,1.33979,1.33960,1.33962,62
SQ:USDCAD,2019-01-04T21:19:00+01:00,1.33961,1.33980,1.33961,1.33978,68
SQ:USDCAD,2019-01-04T21:20:00+01:00,1.33977,1.33989,1.33970,1.33981,98
SQ:USDCAD,2019-01-04T21:21:00+01:00,1.33979,1.33986,1.33975,1.33978,72
SQ:USDCAD,2019-01-04T21:22:00+01:00,1.33978,1.33991,1.33978,1.33987,49
SQ:USDCAD,2019-01-04T21:23:00+01:00,1.33987,1.33988,1.33975,1.33977,53
SQ:USDCAD,2019-01-04T21:24:00+01:00,1.33979,1.33997,1.33969,1.33995,59
SQ:USDCAD,2019-01-04T21:25:00+01:00,1.33996,1.33998,1.33988,1.33990,86
SQ:USDCAD,2019-01-04T21:26:00+01:00,1.33988,1.34000,1.33978,1.33989,107
SQ:USDCAD,2019-01-04T21:27:00+01:00,1.33989,1.33990,1.33969,1.33970,58
SQ:USDCAD,2019-01-04T21:28:00+01:00,1.33971,1.33978,1.33970,1.33978,37
SQ:USDCAD,2019-01-04T21:29:00+01:00,1.33978,1.33979,1.33977,1.33979,24
SQ:USDCAD,2019-01-04T21:30:00+01:00,1.33979,1.33999,1.33979,1.33989,82
SQ:USDCAD,2019-01-04T21:31:00+01:00,1.33989,1.33999,1.33988,1.33991,46
SQ:USDCAD,2019-01-04T21:32:00+01:00,1.33990,1.33993,1.33987,1.33990,62
SQ:USDCAD,2019-01-04T21:33:00+01:00,1.33989,1.33994,1.33985,1.33990,57
SQ:USDCAD,2019-01-04T21:34:00+01:00,1.33990,1.33990,1.33972,1.33974,66
SQ:USDCAD,2019-01-04T21:35:00+01:00,1.33974,1.33986,1.33971,1.33979,62
SQ:USDCAD,2019-01-04T21:36:00+01:00,1.33980,1.33981,1.33973,1.33979,30
SQ:USDCAD,2019-01-04T21:37:00+01:00,1.33979,1.33995,1.33979,1.33989,48
SQ:USDCAD,2019-01-04T21:38:00+01:00,1.33987,1.33995,1.33984,1.33990,27
SQ:USDCAD,2019-01-04T21:39:00+01:00,1.33990,1.33998,1.33982,1.33994,74
SQ:USDCAD,2019-01-04T21:40:00+01:00,1.33996,1.34006,1.33981,1.33992,84
SQ:USDCAD,2019-01-04T21:41:00+01:00,1.33990,1.34008,1.33986,1.34002,61
SQ:USDCAD,2019-01-04T21:42:00+01:00,1.34003,1.34016,1.33998,1.34016,105
SQ:USDCAD,2019-01-04T21:43:00+01:00,1.34016,1.34028,1.34012,1.34016,80
SQ:USDCAD,2019-01-04T21:44:00+01:00,1.34020,1.34020,1.33997,1.33997,97
SQ:USDCAD,2019-01-04T21:45:00+01:00,1.33997,1.34006,1.33979,1.33989,199
SQ:USDCAD,2019-01-04T21:46:00+01:00,1.33988,1.33998,1.33988,1.33990,88
SQ:USDCAD,2019-01-04T21:47:00+01:00,1.33991,1.33999,1.33988,1.33997,89
SQ:USDCAD,2019-01-04T21:48:00+01:00,1.33997,1.34002,1.33989,1.33995,105
SQ:USDCAD,2019-01-04T21:49:00+01:00,1.33996,1.34031,1.33994,1.34029,103
SQ:USDCAD,2019-01-04T21:50:00+01:00,1.34029,1.34037,1.34015,1.34035,157
SQ:USDCAD,2019-01-04T21:51:00+01:00,1.34037,1.34037,1.33994,1.34008,180
SQ:USDCAD,2019-01-04T21:52:00+01:00,1.34006,1.34024,1.34006,1.34018,72
SQ:USDCAD,2019-01-04T21:53:00+01:00,1.34018,1.34033,1.34005,1.34033,66
SQ:USDCAD,2019-01-04T21:54:00+01:00,1.34034,1.34034,1.34023,1.34023,88
SQ:USDCAD,2019-01-04T21:55:00+01:00,1.34023,1.34027,1.34013,1.34014,51
SQ:USDCAD,2019-01-04T21:56:00+01:00,1.34014,1.34023,1.34007,1.34013,83
SQ:USDCAD,2019-01-04T21:57:00+01:00,1.34013,1.34019,1.33990,1.33993,59
SQ:USDCAD,2019-01-04T21:58:00+01:00,1.33993,1.33993,1.33971,1.33974,94
SQ:USDCAD,2019-01-04T21:59:00+01:00,1.33974,1.33975,1.33957,1.33959,140
SQ:USDCAD,2019-01-04T22:00:00+01:00,1.33961,1.33968,1.33942,1.33943,68
SQ:USDCAD,2019-01-04T22:01:00+01:00,1.33943,1.33947,1.33934,1.33938,71
SQ:USDCAD,2019-01-04T22:02:00+01:00,1.33937,1.33940,1.33935,1.33939,31
SQ:USDCAD,2019-01-04T22:03:00+01:00,1.33939,1.33940,1.33934,1.33937,20
SQ:USDCAD,2019-01-04T22:04:00+01:00,1.33937,1.33939,1.33923,1.33923,32
SQ:USDCAD,2019-01-04T22:05:00+01:00,1.33923,1.33932,1.33916,1.33925,55
SQ:USDCAD,2019-01-04T22:06:00+01:00,1.33925,1.33932,1.33925,1.33925,20
SQ:USDCAD,2019-01-04T22:07:00+01:00,1.33922,1.33926,1.33918,1.33924,35
SQ:USDCAD,2019-01-04T22:08:00+01:00,1.33920,1.33922,1.33920,1.33921,13
SQ:USDCAD,2019-01-04T22:09:00+01:00,1.33920,1.33920,1.33917,1.33918,14
SQ:USDCAD,2019-01-04T22:10:00+01:00,1.33918,1.33924,1.33918,1.33919,22
SQ:USDCAD,2019-01-04T22:11:00+01:00,1.33918,1.33919,1.33909,1.33915,24
SQ:USDCAD,2019-01-04T22:12:00+01:00,1.33916,1.33919,1.33909,1.33914,22
SQ:USDCAD,2019-01-04T22:13:00+01:00,1.33917,1.33928,1.33913,1.33926,39
SQ:USDCAD,2019-01-04T22:14:00+01:00,1.33927,1.33932,1.33926,1.33929,33
SQ:USDCAD,2019-01-04T22:15:00+01:00,1.33927,1.33928,1.33926,1.33926,8
SQ:USDCAD,2019-01-04T22:16:00+01:00,1.33926,1.33926,1.33926,1.33926,2
SQ:USDCAD,2019-01-04T22:17:00+01:00,1.33926,1.33926,1.33915,1.33919,31
SQ:USDCAD,2019-01-04T22:18:00+01:00,1.33920,1.33920,1.33912,1.33914,16
SQ:USDCAD,2019-01-04T22:19:00+01:00,1.33915,1.33920,1.33905,1.33913,32
SQ:USDCAD,2019-01-04T22:20:00+01:00,1.33914,1.33914,1.33913,1.33913,9
SQ:USDCAD,2019-01-04T22:21:00+01:00,1.33913,1.33918,1.33911,1.33917,15
SQ:USDCAD,2019-01-04T22:22:00+01:00,1.33917,1.33919,1.33917,1.33919,8
SQ:USDCAD,2019-01-04T22:23:00+01:00,1.33919,1.33919,1.33911,1.33913,15
SQ:USDCAD,2019-01-04T22:24:00+01:00,1.33914,1.33915,1.33912,1.33913,19
SQ:USDCAD,2019-01-04T22:25:00+01:00,1.33912,1.33912,1.33909,1.33909,12
SQ:USDCAD,2019-01-04T22:26:00+01:00,1.33909,1.33909,1.33907,1.33907,11
SQ:USDCAD,2019-01-04T22:27:00+01:00,1.33907,1.33907,1.33907,1.33907,3
SQ:USDCAD,2019-01-04T22:28:00+01:00,1.33906,1.33909,1.33897,1.33897,42
SQ:USDCAD,2019-01-04T22:29:00+01:00,1.33897,1.33903,1.33871,1.33878,48
SQ:USDCAD,2019-01-04T22:30:00+01:00,1.33879,1.33896,1.33859,1.33859,46
SQ:USDCAD,2019-01-04T22:31:00+01:00,1.33860,1.33863,1.33855,1.33855,29
SQ:USDCAD,2019-01-04T22:32:00+01:00,1.33855,1.33855,1.33831,1.33846,76
SQ:USDCAD,2019-01-04T22:33:00+01:00,1.33846,1.33849,1.33845,1.33848,36
SQ:USDCAD,2019-01-04T22:34:00+01:00,1.33849,1.33850,1.33847,1.33850,11
SQ:USDCAD,2019-01-04T22:35:00+01:00,1.33848,1.33850,1.33840,1.33842,23
SQ:USDCAD,2019-01-04T22:36:00+01:00,1.33845,1.33846,1.33823,1.33826,25
SQ:USDCAD,2019-01-04T22:37:00+01:00,1.33824,1.33844,1.33823,1.33837,37
SQ:USDCAD,2019-01-04T22:38:00+01:00,1.33839,1.33858,1.33839,1.33844,52
SQ:USDCAD,2019-01-04T22:39:00+01:00,1.33843,1.33844,1.33806,1.33807,41
SQ:USDCAD,2019-01-04T22:40:00+01:00,1.33808,1.33818,1.33803,1.33815,37
SQ:USDCAD,2019-01-04T22:41:00+01:00,1.33814,1.33816,1.33804,1.33810,43
SQ:USDCAD,2019-01-04T22:42:00+01:00,1.33808,1.33812,1.33803,1.33803,44
SQ:USDCAD,2019-01-04T22:43:00+01:00,1.33804,1.33816,1.33803,1.33811,30
SQ:USDCAD,2019-01-04T22:44:00+01:00,1.33813,1.33829,1.33808,1.33826,15
SQ:USDCAD,2019-01-04T22:45:00+01:00,1.33826,1.33827,1.33796,1.33796,37
SQ:USDCAD,2019-01-04T22:46:00+01:00,1.33794,1.33800,1.33789,1.33789,26
SQ:USDCAD,2019-01-04T22:47:00+01:00,1.33789,1.33790,1.33776,1.33776,30
SQ:USDCAD,2019-01-04T22:48:00+01:00,1.33776,1.33778,1.33769,1.33770,64
SQ:USDCAD,2019-01-04T22:49:00+01:00,1.33770,1.33776,1.33769,1.33775,18
SQ:USDCAD,2019-01-04T22:50:00+01:00,1.33778,1.33778,1.33756,1.33757,57
SQ:USDCAD,2019-01-04T22:51:00+01:00,1.33756,1.33759,1.33738,1.33751,50
SQ:USDCAD,2019-01-04T22:52:00+01:00,1.33753,1.33753,1.33735,1.33741,31
SQ:USDCAD,2019-01-04T22:53:00+01:00,1.33742,1.33760,1.33741,1.33760,52
SQ:USDCAD,2019-01-04T22:54:00+01:00,1.33761,1.33761,1.33740,1.33743,31
SQ:USDCAD,2019-01-04T22:55:00+01:00,1.33743,1.33746,1.33731,1.33732,38
SQ:USDCAD,2019-01-04T22:56:00+01:00,1.33736,1.33737,1.33715,1.33717,62
SQ:USDCAD,2019-01-04T22:57:00+01:00,1.33717,1.33717,1.33712,1.33714,12
