SQ:XPTUSD,2020-06-30T00:01:00+02:00,807.180,809.090,804.900,809.090,8
SQ:XPTUSD,2020-06-30T00:02:00+02:00,809.120,809.140,809.060,809.120,4
SQ:XPTUSD,2020-06-30T00:03:00+02:00,809.190,809.240,809.190,809.200,4
SQ:XPTUSD,2020-06-30T00:04:00+02:00,809.210,809.210,809.210,809.210,1
SQ:XPTUSD,2020-06-30T00:05:00+02:00,809.230,809.680,809.230,809.680,7
SQ:XPTUSD,2020-06-30T00:06:00+02:00,809.680,809.890,809.650,809.890,6
SQ:XPTUSD,2020-06-30T00:07:00+02:00,809.890,809.890,809.820,809.890,3
SQ:XPTUSD,2020-06-30T00:08:00+02:00,809.890,809.890,809.860,809.880,3
SQ:XPTUSD,2020-06-30T00:09:00+02:00,809.900,809.900,809.860,809.870,5
SQ:XPTUSD,2020-06-30T00:10:00+02:00,809.850,809.900,809.850,809.860,5
SQ:XPTUSD,2020-06-30T00:11:00+02:00,809.910,810.070,809.870,810.000,8
SQ:XPTUSD,2020-06-30T00:12:00+02:00,810.000,810.220,810.000,810.160,12
SQ:XPTUSD,2020-06-30T00:13:00+02:00,810.170,810.170,810.150,810.170,3
SQ:XPTUSD,2020-06-30T00:14:00+02:00,810.170,810.270,810.140,810.220,4
SQ:XPTUSD,2020-06-30T00:15:00+02:00,810.260,810.300,810.250,810.250,6
SQ:XPTUSD,2020-06-30T00:16:00+02:00,810.250,810.450,810.220,810.450,3
SQ:XPTUSD,2020-06-30T00:17:00+02:00,810.450,810.570,810.450,810.560,6
SQ:XPTUSD,2020-06-30T00:18:00+02:00,810.560,810.560,810.440,810.480,8
SQ:XPTUSD,2020-06-30T00:19:00+02:00,810.480,810.480,810.480,810.480,1
SQ:XPTUSD,2020-06-30T00:20:00+02:00,807.880,807.880,807.880,807.880,1
SQ:XPTUSD,2020-06-30T00:21:00+02:00,807.980,810.540,807.980,810.510,5
SQ:XPTUSD,2020-06-30T00:22:00+02:00,810.530,810.530,810.530,810.530,1
SQ:XPTUSD,2020-06-30T00:23:00+02:00,810.440,810.490,810.440,810.490,3
SQ:XPTUSD,2020-06-30T00:24:00+02:00,810.520,810.520,810.520,810.520,1
SQ:XPTUSD,2020-06-30T00:25:00+02:00,810.550,810.550,810.550,810.550,1
SQ:XPTUSD,2020-06-30T00:26:00+02:00,810.540,810.540,810.540,810.540,1
SQ:XPTUSD,2020-06-30T00:28:00+02:00,810.540,810.540,810.420,810.500,4
SQ:XPTUSD,2020-06-30T00:29:00+02:00,810.500,810.580,810.500,810.560,3
SQ:XPTUSD,2020-06-30T00:30:00+02:00,810.560,810.560,810.560,810.560,1
SQ:XPTUSD,2020-06-30T00:31:00+02:00,810.470,810.550,810.470,810.540,3
SQ:XPTUSD,2020-06-30T00:32:00+02:00,810.530,810.530,810.530,810.530,1
SQ:XPTUSD,2020-06-30T00:33:00+02:00,810.550,810.550,810.490,810.490,2
SQ:XPTUSD,2020-06-30T00:34:00+02:00,810.450,810.530,810.450,810.480,5
SQ:XPTUSD,2020-06-30T00:35:00+02:00,810.470,810.470,810.140,810.140,3
SQ:XPTUSD,2020-06-30T00:36:00+02:00,810.180,810.210,810.100,810.170,8
SQ:XPTUSD,2020-06-30T00:37:00+02:00,810.300,810.300,810.300,810.300,1
SQ:XPTUSD,2020-06-30T00:38:00+02:00,810.340,810.340,810.300,810.300,2
SQ:XPTUSD,2020-06-30T00:39:00+02:00,810.290,810.310,810.290,810.310,4
SQ:XPTUSD,2020-06-30T00:40:00+02:00,810.270,810.350,810.260,810.310,5
SQ:XPTUSD,2020-06-30T00:41:00+02:00,810.320,810.320,810.320,810.320,1
SQ:XPTUSD,2020-06-30T00:42:00+02:00,810.330,810.330,810.270,810.270,4
SQ:XPTUSD,2020-06-30T00:43:00+02:00,810.270,810.310,810.170,810.170,4
SQ:XPTUSD,2020-06-30T00:44:00+02:00,810.210,810.320,810.210,810.300,3
SQ:XPTUSD,2020-06-30T00:45:00+02:00,810.310,810.350,810.310,810.330,4
SQ:XPTUSD,2020-06-30T00:46:00+02:00,810.310,810.310,810.310,810.310,1
SQ:XPTUSD,2020-06-30T00:47:00+02:00,810.330,810.520,810.330,810.370,5
SQ:XPTUSD,2020-06-30T00:48:00+02:00,810.350,810.350,810.340,810.340,2
SQ:XPTUSD,2020-06-30T00:49:00+02:00,810.340,810.380,810.340,810.340,6
SQ:XPTUSD,2020-06-30T00:50:00+02:00,810.330,810.340,810.220,810.250,6
SQ:XPTUSD,2020-06-30T00:51:00+02:00,810.150,810.150,810.040,810.140,3
SQ:XPTUSD,2020-06-30T00:52:00+02:00,810.290,810.450,810.050,810.240,11
SQ:XPTUSD,2020-06-30T00:53:00+02:00,810.270,810.270,810.160,810.160,8
SQ:XPTUSD,2020-06-30T00:54:00+02:00,810.180,810.180,810.020,810.040,5
SQ:XPTUSD,2020-06-30T00:55:00+02:00,809.990,810.150,809.990,810.150,2
SQ:XPTUSD,2020-06-30T00:56:00+02:00,810.140,810.140,810.140,810.140,1
SQ:XPTUSD,2020-06-30T00:57:00+02:00,810.110,810.160,810.100,810.100,4
SQ:XPTUSD,2020-06-30T00:58:00+02:00,810.180,810.190,810.130,810.190,3
SQ:XPTUSD,2020-06-30T00:59:00+02:00,810.190,810.190,810.170,810.170,2
SQ:XPTUSD,2020-06-30T01:00:00+02:00,810.260,810.280,810.120,810.150,10
SQ:XPTUSD,2020-06-30T01:01:00+02:00,810.190,810.190,810.100,810.120,5
SQ:XPTUSD,2020-06-30T01:02:00+02:00,810.140,810.140,810.090,810.090,2
SQ:XPTUSD,2020-06-30T01:03:00+02:00,810.130,810.130,810.130,810.130,1
SQ:XPTUSD,2020-06-30T01:04:00+02:00,810.130,810.130,810.110,810.110,2
SQ:XPTUSD,2020-06-30T01:05:00+02:00,810.140,810.160,810.140,810.160,4
SQ:XPTUSD,2020-06-30T01:06:00+02:00,810.130,810.130,810.130,810.130,1
SQ:XPTUSD,2020-06-30T01:07:00+02:00,810.120,810.120,809.910,809.910,5
SQ:XPTUSD,2020-06-30T01:08:00+02:00,809.980,810.120,809.980,810.110,3
SQ:XPTUSD,2020-06-30T01:09:00+02:00,810.110,810.110,810.110,810.110,1
SQ:XPTUSD,2020-06-30T01:10:00+02:00,810.050,810.050,810.050,810.050,1
SQ:XPTUSD,2020-06-30T01:11:00+02:00,810.090,810.090,810.090,810.090,1
SQ:XPTUSD,2020-06-30T01:12:00+02:00,810.100,810.100,809.880,809.880,4
SQ:XPTUSD,2020-06-30T01:13:00+02:00,809.840,809.860,809.840,809.850,3
SQ:XPTUSD,2020-06-30T01:14:00+02:00,809.890,809.890,809.890,809.890,1
SQ:XPTUSD,2020-06-30T01:15:00+02:00,809.880,809.880,809.870,809.870,2
SQ:XPTUSD,2020-06-30T01:16:00+02:00,809.860,809.860,809.850,809.860,3
SQ:XPTUSD,2020-06-30T01:17:00+02:00,809.850,809.860,809.850,809.850,3
SQ:XPTUSD,2020-06-30T01:18:00+02:00,809.870,809.870,809.870,809.870,1
SQ:XPTUSD,2020-06-30T01:20:00+02:00,809.840,809.860,809.840,809.860,2
SQ:XPTUSD,2020-06-30T01:22:00+02:00,808.120,809.850,808.120,809.850,2
SQ:XPTUSD,2020-06-30T01:23:00+02:00,809.840,809.850,809.800,809.850,3
SQ:XPTUSD,2020-06-30T01:24:00+02:00,809.870,809.870,809.650,809.650,3
SQ:XPTUSD,2020-06-30T01:25:00+02:00,809.720,809.720,809.640,809.710,4
SQ:XPTUSD,2020-06-30T01:26:00+02:00,809.620,809.750,809.620,809.750,2
SQ:XPTUSD,2020-06-30T01:27:00+02:00,809.690,809.720,809.690,809.720,2
SQ:XPTUSD,2020-06-30T01:29:00+02:00,808.080,809.710,808.080,809.710,2
SQ:XPTUSD,2020-06-30T01:30:00+02:00,809.680,810.110,809.680,810.110,5
SQ:XPTUSD,2020-06-30T01:31:00+02:00,810.120,810.120,810.120,810.120,1
SQ:XPTUSD,2020-06-30T01:32:00+02:00,810.120,810.670,810.110,810.370,19
SQ:XPTUSD,2020-06-30T01:33:00+02:00,810.340,810.360,810.340,810.360,3
SQ:XPTUSD,2020-06-30T01:34:00+02:00,810.360,810.680,810.360,810.670,6
SQ:XPTUSD,2020-06-30T01:35:00+02:00,810.670,811.350,810.670,811.310,16
SQ:XPTUSD,2020-06-30T01:36:00+02:00,811.290,811.450,811.290,811.330,18
SQ:XPTUSD,2020-06-30T01:37:00+02:00,811.330,811.430,811.330,811.430,4
SQ:XPTUSD,2020-06-30T01:38:00+02:00,811.430,811.780,811.380,811.780,8
SQ:XPTUSD,2020-06-30T01:39:00+02:00,811.630,811.630,811.580,811.610,6
SQ:XPTUSD,2020-06-30T01:40:00+02:00,811.390,811.500,811.340,811.500,6
SQ:XPTUSD,2020-06-30T01:41:00+02:00,811.500,811.620,811.340,811.340,5
SQ:XPTUSD,2020-06-30T01:42:00+02:00,811.400,811.440,811.200,811.440,6
SQ:XPTUSD,2020-06-30T01:43:00+02:00,811.440,811.590,811.290,811.420,9
SQ:XPTUSD,2020-06-30T01:44:00+02:00,811.420,811.650,811.420,811.650,14
SQ:XPTUSD,2020-06-30T01:45:00+02:00,811.650,811.650,811.570,811.570,4
SQ:XPTUSD,2020-06-30T01:46:00+02:00,811.570,811.580,811.470,811.530,6
SQ:XPTUSD,2020-06-30T01:47:00+02:00,811.530,811.530,811.530,811.530,1
SQ:XPTUSD,2020-06-30T01:48:00+02:00,811.530,811.630,811.480,811.480,7
SQ:XPTUSD,2020-06-30T01:49:00+02:00,811.480,811.480,811.280,811.290,5
SQ:XPTUSD,2020-06-30T01:50:00+02:00,811.290,811.750,811.290,811.750,8
SQ:XPTUSD,2020-06-30T01:51:00+02:00,811.680,811.780,811.450,811.450,9
SQ:XPTUSD,2020-06-30T01:52:00+02:00,811.450,811.500,811.370,811.500,13
SQ:XPTUSD,2020-06-30T01:53:00+02:00,811.500,811.500,811.500,811.500,1
SQ:XPTUSD,2020-06-30T01:54:00+02:00,811.500,811.580,811.200,811.580,4
SQ:XPTUSD,2020-06-30T01:55:00+02:00,811.580,811.580,811.520,811.520,2
SQ:XPTUSD,2020-06-30T01:56:00+02:00,811.520,811.680,811.520,811.550,15
SQ:XPTUSD,2020-06-30T01:57:00+02:00,811.550,811.550,811.440,811.440,2
SQ:XPTUSD,2020-06-30T01:58:00+02:00,811.440,811.510,811.440,811.510,6
SQ:XPTUSD,2020-06-30T01:59:00+02:00,811.540,811.540,811.180,811.190,12
SQ:XPTUSD,2020-06-30T02:00:00+02:00,811.190,811.250,811.170,811.200,7
SQ:XPTUSD,2020-06-30T02:01:00+02:00,811.200,811.210,811.080,811.130,10
SQ:XPTUSD,2020-06-30T02:02:00+02:00,811.130,811.170,811.130,811.170,2
SQ:XPTUSD,2020-06-30T02:03:00+02:00,811.180,811.190,811.150,811.150,8
SQ:XPTUSD,2020-06-30T02:04:00+02:00,811.150,811.150,810.860,810.930,15
SQ:XPTUSD,2020-06-30T02:05:00+02:00,810.940,810.940,810.610,810.660,20
SQ:XPTUSD,2020-06-30T02:06:00+02:00,810.660,811.060,810.610,811.060,9
SQ:XPTUSD,2020-06-30T02:07:00+02:00,811.050,811.050,810.750,810.750,26
SQ:XPTUSD,2020-06-30T02:08:00+02:00,810.770,810.800,810.140,810.160,17
SQ:XPTUSD,2020-06-30T02:09:00+02:00,810.260,810.410,810.120,810.120,19
SQ:XPTUSD,2020-06-30T02:10:00+02:00,810.140,810.300,810.140,810.270,11
SQ:XPTUSD,2020-06-30T02:11:00+02:00,810.200,810.250,810.050,810.050,5
SQ:XPTUSD,2020-06-30T02:12:00+02:00,810.040,810.040,809.770,809.960,10
SQ:XPTUSD,2020-06-30T02:13:00+02:00,809.980,810.110,809.700,809.700,13
SQ:XPTUSD,2020-06-30T02:14:00+02:00,809.780,809.780,809.660,809.660,7
SQ:XPTUSD,2020-06-30T02:15:00+02:00,809.660,809.660,809.540,809.540,5
SQ:XPTUSD,2020-06-30T02:16:00+02:00,809.570,809.570,809.500,809.570,4
SQ:XPTUSD,2020-06-30T02:17:00+02:00,809.580,809.580,809.200,809.300,6
SQ:XPTUSD,2020-06-30T02:18:00+02:00,809.300,809.380,809.080,809.080,11
SQ:XPTUSD,2020-06-30T02:19:00+02:00,809.050,809.380,809.050,809.290,10
SQ:XPTUSD,2020-06-30T02:20:00+02:00,809.190,809.190,808.640,808.640,8
SQ:XPTUSD,2020-06-30T02:21:00+02:00,808.650,808.730,808.600,808.690,7
SQ:XPTUSD,2020-06-30T02:22:00+02:00,808.690,809.000,808.650,808.830,8
SQ:XPTUSD,2020-06-30T02:23:00+02:00,808.840,808.870,808.760,808.830,10
SQ:XPTUSD,2020-06-30T02:24:00+02:00,808.810,808.810,808.320,808.620,8
SQ:XPTUSD,2020-06-30T02:25:00+02:00,808.630,808.640,808.480,808.560,5
SQ:XPTUSD,2020-06-30T02:26:00+02:00,808.490,808.490,808.230,808.360,6
SQ:XPTUSD,2020-06-30T02:27:00+02:00,808.380,808.470,808.380,808.470,3
SQ:XPTUSD,2020-06-30T02:28:00+02:00,808.390,808.440,808.290,808.390,9
SQ:XPTUSD,2020-06-30T02:29:00+02:00,808.400,808.600,808.400,808.600,6
SQ:XPTUSD,2020-06-30T02:30:00+02:00,808.650,808.900,808.650,808.900,4
SQ:XPTUSD,2020-06-30T02:31:00+02:00,808.850,808.850,808.770,808.770,3
SQ:XPTUSD,2020-06-30T02:32:00+02:00,808.690,808.710,808.630,808.710,6
SQ:XPTUSD,2020-06-30T02:33:00+02:00,808.660,808.660,808.390,808.390,9
SQ:XPTUSD,2020-06-30T02:34:00+02:00,808.360,808.360,807.980,807.980,8
SQ:XPTUSD,2020-06-30T02:35:00+02:00,807.990,808.010,807.990,808.010,3
SQ:XPTUSD,2020-06-30T02:36:00+02:00,808.020,808.270,808.020,808.260,5
SQ:XPTUSD,2020-06-30T02:37:00+02:00,808.250,808.340,808.240,808.340,3
SQ:XPTUSD,2020-06-30T02:38:00+02:00,808.330,808.330,808.320,808.320,2
SQ:XPTUSD,2020-06-30T02:39:00+02:00,808.320,808.320,808.190,808.190,5
SQ:XPTUSD,2020-06-30T02:40:00+02:00,808.230,808.230,808.230,808.230,1
SQ:XPTUSD,2020-06-30T02:41:00+02:00,808.170,808.220,808.160,808.160,4
SQ:XPTUSD,2020-06-30T02:42:00+02:00,808.210,808.210,808.200,808.200,2
SQ:XPTUSD,2020-06-30T02:43:00+02:00,808.150,808.290,808.140,808.190,7
SQ:XPTUSD,2020-06-30T02:44:00+02:00,808.190,808.190,807.990,807.990,3
SQ:XPTUSD,2020-06-30T02:45:00+02:00,808.000,808.320,808.000,808.320,7
SQ:XPTUSD,2020-06-30T02:46:00+02:00,808.330,808.400,808.100,808.150,11
SQ:XPTUSD,2020-06-30T02:47:00+02:00,808.150,808.160,808.150,808.160,2
SQ:XPTUSD,2020-06-30T02:48:00+02:00,808.170,808.170,808.170,808.170,1
SQ:XPTUSD,2020-06-30T02:49:00+02:00,808.220,808.270,808.220,808.250,4
SQ:XPTUSD,2020-06-30T02:50:00+02:00,808.250,808.250,808.090,808.090,4
SQ:XPTUSD,2020-06-30T02:51:00+02:00,808.090,808.090,808.060,808.060,2
SQ:XPTUSD,2020-06-30T02:52:00+02:00,808.140,808.240,808.140,808.230,3
SQ:XPTUSD,2020-06-30T02:53:00+02:00,808.230,808.230,808.100,808.100,3
SQ:XPTUSD,2020-06-30T02:54:00+02:00,808.100,808.110,808.100,808.110,2
SQ:XPTUSD,2020-06-30T02:55:00+02:00,808.110,808.130,807.940,808.130,6
SQ:XPTUSD,2020-06-30T02:56:00+02:00,808.050,808.100,808.000,808.100,7
SQ:XPTUSD,2020-06-30T02:57:00+02:00,808.110,808.130,808.040,808.130,5
SQ:XPTUSD,2020-06-30T02:58:00+02:00,808.140,808.140,808.140,808.140,1
SQ:XPTUSD,2020-06-30T02:59:00+02:00,808.230,808.230,808.170,808.220,3
SQ:XPTUSD,2020-06-30T03:00:00+02:00,808.170,809.140,808.070,808.250,41
SQ:XPTUSD,2020-06-30T03:01:00+02:00,808.190,808.190,808.040,808.150,16
SQ:XPTUSD,2020-06-30T03:02:00+02:00,808.170,808.260,807.950,808.200,14
SQ:XPTUSD,2020-06-30T03:03:00+02:00,808.250,808.450,808.200,808.450,7
SQ:XPTUSD,2020-06-30T03:04:00+02:00,808.530,808.660,808.250,808.350,12
SQ:XPTUSD,2020-06-30T03:05:00+02:00,808.340,808.340,808.140,808.180,6
SQ:XPTUSD,2020-06-30T03:06:00+02:00,808.180,808.180,808.020,808.100,5
SQ:XPTUSD,2020-06-30T03:07:00+02:00,808.120,808.120,807.920,808.100,12
SQ:XPTUSD,2020-06-30T03:08:00+02:00,808.100,808.100,807.850,808.100,8
SQ:XPTUSD,2020-06-30T03:09:00+02:00,808.100,808.120,808.040,808.040,5
SQ:XPTUSD,2020-06-30T03:10:00+02:00,808.140,808.650,808.140,808.650,11
SQ:XPTUSD,2020-06-30T03:11:00+02:00,808.780,808.870,808.280,808.280,13
SQ:XPTUSD,2020-06-30T03:12:00+02:00,808.510,808.820,808.380,808.820,9
SQ:XPTUSD,2020-06-30T03:13:00+02:00,808.820,809.040,808.820,808.960,9
SQ:XPTUSD,2020-06-30T03:14:00+02:00,808.960,808.960,808.500,808.510,11
SQ:XPTUSD,2020-06-30T03:15:00+02:00,808.590,808.640,808.380,808.520,12
SQ:XPTUSD,2020-06-30T03:16:00+02:00,808.540,808.830,808.540,808.830,6
SQ:XPTUSD,2020-06-30T03:17:00+02:00,808.780,809.020,808.380,809.020,53
SQ:XPTUSD,2020-06-30T03:18:00+02:00,809.010,809.610,809.010,809.610,57
SQ:XPTUSD,2020-06-30T03:19:00+02:00,809.580,810.020,809.490,810.020,35
SQ:XPTUSD,2020-06-30T03:20:00+02:00,810.020,810.520,810.020,810.520,25
SQ:XPTUSD,2020-06-30T03:21:00+02:00,810.520,810.710,810.460,810.590,19
SQ:XPTUSD,2020-06-30T03:22:00+02:00,810.590,810.630,810.430,810.630,12
SQ:XPTUSD,2020-06-30T03:23:00+02:00,810.630,810.790,810.600,810.660,14
SQ:XPTUSD,2020-06-30T03:24:00+02:00,810.670,810.710,810.670,810.710,5
SQ:XPTUSD,2020-06-30T03:25:00+02:00,810.720,811.000,810.720,810.780,7
SQ:XPTUSD,2020-06-30T03:26:00+02:00,810.780,810.810,810.780,810.810,3
SQ:XPTUSD,2020-06-30T03:27:00+02:00,810.810,810.820,810.670,810.820,7
SQ:XPTUSD,2020-06-30T03:28:00+02:00,810.960,811.130,810.960,811.070,6
SQ:XPTUSD,2020-06-30T03:29:00+02:00,811.080,811.290,811.080,811.290,4
SQ:XPTUSD,2020-06-30T03:30:00+02:00,811.290,811.290,811.290,811.290,1
SQ:XPTUSD,2020-06-30T03:31:00+02:00,811.290,811.300,811.290,811.300,2
SQ:XPTUSD,2020-06-30T03:32:00+02:00,811.300,811.300,811.300,811.300,1
SQ:XPTUSD,2020-06-30T03:33:00+02:00,811.250,811.440,810.830,811.440,19
SQ:XPTUSD,2020-06-30T03:34:00+02:00,811.440,811.450,810.780,810.810,18
SQ:XPTUSD,2020-06-30T03:35:00+02:00,810.910,810.910,810.820,810.820,4
SQ:XPTUSD,2020-06-30T03:36:00+02:00,810.890,811.390,810.880,811.390,9
SQ:XPTUSD,2020-06-30T03:37:00+02:00,811.400,811.850,811.400,811.850,7
SQ:XPTUSD,2020-06-30T03:38:00+02:00,811.810,811.960,811.810,811.820,11
SQ:XPTUSD,2020-06-30T03:39:00+02:00,811.820,811.840,811.820,811.840,3
SQ:XPTUSD,2020-06-30T03:40:00+02:00,811.870,812.540,811.160,811.650,37
SQ:XPTUSD,2020-06-30T03:41:00+02:00,811.640,811.860,811.640,811.860,6
SQ:XPTUSD,2020-06-30T03:43:00+02:00,811.870,811.880,811.870,811.880,2
SQ:XPTUSD,2020-06-30T03:44:00+02:00,811.880,811.900,811.600,811.720,8
SQ:XPTUSD,2020-06-30T03:45:00+02:00,811.720,811.730,811.040,811.040,9
SQ:XPTUSD,2020-06-30T03:46:00+02:00,811.060,812.280,811.060,812.030,30
SQ:XPTUSD,2020-06-30T03:47:00+02:00,812.020,812.020,811.910,811.910,4
SQ:XPTUSD,2020-06-30T03:48:00+02:00,811.910,811.910,811.660,811.810,7
SQ:XPTUSD,2020-06-30T03:49:00+02:00,811.820,811.860,811.820,811.860,3
SQ:XPTUSD,2020-06-30T03:50:00+02:00,811.870,811.950,811.740,811.790,6
SQ:XPTUSD,2020-06-30T03:51:00+02:00,811.840,813.160,811.840,813.140,13
SQ:XPTUSD,2020-06-30T03:52:00+02:00,813.110,813.110,812.320,812.320,15
SQ:XPTUSD,2020-06-30T03:53:00+02:00,812.310,812.410,812.130,812.130,9
SQ:XPTUSD,2020-06-30T03:54:00+02:00,812.120,812.120,812.120,812.120,1
SQ:XPTUSD,2020-06-30T03:55:00+02:00,812.120,812.410,811.860,811.860,5
SQ:XPTUSD,2020-06-30T03:56:00+02:00,811.860,811.970,811.830,811.900,8
SQ:XPTUSD,2020-06-30T03:57:00+02:00,811.900,811.900,811.780,811.780,5
SQ:XPTUSD,2020-06-30T03:58:00+02:00,811.770,814.520,811.520,814.520,5
SQ:XPTUSD,2020-06-30T03:59:00+02:00,814.340,814.340,814.140,814.140,4
SQ:XPTUSD,2020-06-30T04:00:00+02:00,814.240,814.700,814.140,814.700,9
SQ:XPTUSD,2020-06-30T04:01:00+02:00,814.750,815.160,814.670,815.110,14
SQ:XPTUSD,2020-06-30T04:02:00+02:00,815.110,815.380,815.080,815.380,12
SQ:XPTUSD,2020-06-30T04:03:00+02:00,815.350,815.610,815.260,815.540,14
SQ:XPTUSD,2020-06-30T04:04:00+02:00,815.580,815.610,815.210,815.280,19
SQ:XPTUSD,2020-06-30T04:05:00+02:00,815.380,815.510,815.130,815.390,27
SQ:XPTUSD,2020-06-30T04:06:00+02:00,815.710,815.710,815.110,815.180,8
SQ:XPTUSD,2020-06-30T04:07:00+02:00,815.170,815.170,814.670,814.670,7
SQ:XPTUSD,2020-06-30T04:08:00+02:00,814.680,814.690,814.410,814.480,12
SQ:XPTUSD,2020-06-30T04:09:00+02:00,814.490,814.490,814.220,814.310,9
SQ:XPTUSD,2020-06-30T04:10:00+02:00,814.310,814.310,814.090,814.240,7
SQ:XPTUSD,2020-06-30T04:11:00+02:00,814.250,814.270,814.250,814.270,3
SQ:XPTUSD,2020-06-30T04:12:00+02:00,814.320,814.480,814.320,814.480,3
SQ:XPTUSD,2020-06-30T04:13:00+02:00,814.480,814.750,814.480,814.730,4
SQ:XPTUSD,2020-06-30T04:14:00+02:00,814.700,814.700,814.420,814.440,9
SQ:XPTUSD,2020-06-30T04:15:00+02:00,814.490,814.490,814.490,814.490,1
SQ:XPTUSD,2020-06-30T04:16:00+02:00,814.420,814.420,814.310,814.310,4
SQ:XPTUSD,2020-06-30T04:17:00+02:00,814.340,814.340,814.240,814.250,6
SQ:XPTUSD,2020-06-30T04:18:00+02:00,814.220,814.560,814.070,814.480,8
SQ:XPTUSD,2020-06-30T04:19:00+02:00,814.400,814.400,814.290,814.290,4
SQ:XPTUSD,2020-06-30T04:20:00+02:00,814.290,814.360,814.240,814.350,5
SQ:XPTUSD,2020-06-30T04:21:00+02:00,814.340,814.390,811.040,812.310,10
SQ:XPTUSD,2020-06-30T04:22:00+02:00,812.320,813.680,812.320,813.680,6
SQ:XPTUSD,2020-06-30T04:23:00+02:00,813.690,813.690,811.640,812.460,7
SQ:XPTUSD,2020-06-30T04:24:00+02:00,811.660,813.290,811.660,813.050,20
SQ:XPTUSD,2020-06-30T04:25:00+02:00,813.000,813.680,813.000,813.410,11
SQ:XPTUSD,2020-06-30T04:26:00+02:00,813.710,813.710,813.190,813.190,4
SQ:XPTUSD,2020-06-30T04:27:00+02:00,813.150,813.440,812.360,813.430,8
SQ:XPTUSD,2020-06-30T04:28:00+02:00,813.560,813.590,813.450,813.450,9
SQ:XPTUSD,2020-06-30T04:29:00+02:00,813.440,813.490,813.440,813.490,2
SQ:XPTUSD,2020-06-30T04:30:00+02:00,813.430,813.480,813.430,813.470,3
SQ:XPTUSD,2020-06-30T04:31:00+02:00,813.460,813.460,813.450,813.450,2
SQ:XPTUSD,2020-06-30T04:32:00+02:00,813.390,813.400,813.370,813.400,4
SQ:XPTUSD,2020-06-30T04:33:00+02:00,813.500,813.500,813.440,813.440,3
SQ:XPTUSD,2020-06-30T04:34:00+02:00,813.430,813.430,813.430,813.430,1
SQ:XPTUSD,2020-06-30T04:35:00+02:00,813.420,813.420,813.420,813.420,1
SQ:XPTUSD,2020-06-30T04:36:00+02:00,813.420,813.420,813.340,813.420,4
SQ:XPTUSD,2020-06-30T04:37:00+02:00,813.420,813.440,813.370,813.440,3
SQ:XPTUSD,2020-06-30T04:38:00+02:00,813.420,813.420,813.410,813.410,2
SQ:XPTUSD,2020-06-30T04:39:00+02:00,813.410,813.410,813.410,813.410,1
SQ:XPTUSD,2020-06-30T04:41:00+02:00,813.360,813.410,813.300,813.410,4
SQ:XPTUSD,2020-06-30T04:42:00+02:00,813.360,813.360,813.080,813.330,6
SQ:XPTUSD,2020-06-30T04:43:00+02:00,813.380,813.430,813.360,813.360,4
SQ:XPTUSD,2020-06-30T04:44:00+02:00,813.310,813.390,813.280,813.350,5
SQ:XPTUSD,2020-06-30T04:45:00+02:00,813.350,813.350,813.340,813.340,2
SQ:XPTUSD,2020-06-30T04:46:00+02:00,813.330,813.330,812.640,812.980,17
SQ:XPTUSD,2020-06-30T04:47:00+02:00,813.030,813.060,813.030,813.060,4
SQ:XPTUSD,2020-06-30T04:48:00+02:00,813.060,813.460,813.060,813.200,7
SQ:XPTUSD,2020-06-30T04:49:00+02:00,813.190,813.190,812.910,812.910,5
SQ:XPTUSD,2020-06-30T04:50:00+02:00,812.910,813.100,812.870,813.100,9
SQ:XPTUSD,2020-06-30T04:51:00+02:00,813.340,813.510,813.340,813.500,4
SQ:XPTUSD,2020-06-30T04:52:00+02:00,813.490,813.870,813.490,813.870,10
SQ:XPTUSD,2020-06-30T04:53:00+02:00,813.900,813.950,813.900,813.950,5
SQ:XPTUSD,2020-06-30T04:54:00+02:00,813.950,813.970,813.950,813.970,3
SQ:XPTUSD,2020-06-30T04:55:00+02:00,814.020,814.050,813.990,814.050,6
SQ:XPTUSD,2020-06-30T04:56:00+02:00,814.060,814.070,814.060,814.070,2
SQ:XPTUSD,2020-06-30T04:57:00+02:00,814.070,814.150,814.070,814.150,4
SQ:XPTUSD,2020-06-30T04:58:00+02:00,814.150,814.160,813.960,814.050,6
SQ:XPTUSD,2020-06-30T04:59:00+02:00,814.040,814.040,813.970,813.970,3
SQ:XPTUSD,2020-06-30T05:00:00+02:00,813.970,813.970,813.960,813.960,2
SQ:XPTUSD,2020-06-30T05:01:00+02:00,813.950,813.950,813.890,813.890,2
SQ:XPTUSD,2020-06-30T05:02:00+02:00,813.890,813.960,813.890,813.960,3
SQ:XPTUSD,2020-06-30T05:03:00+02:00,813.950,813.950,813.950,813.950,1
SQ:XPTUSD,2020-06-30T05:04:00+02:00,813.940,813.940,813.940,813.940,1
SQ:XPTUSD,2020-06-30T05:05:00+02:00,813.940,813.940,813.930,813.930,2
SQ:XPTUSD,2020-06-30T05:06:00+02:00,813.930,813.930,813.930,813.930,1
SQ:XPTUSD,2020-06-30T05:07:00+02:00,813.930,813.930,813.930,813.930,1
SQ:XPTUSD,2020-06-30T05:08:00+02:00,813.930,813.930,813.930,813.930,1
SQ:XPTUSD,2020-06-30T05:10:00+02:00,813.920,813.920,813.920,813.920,1
SQ:XPTUSD,2020-06-30T05:11:00+02:00,814.110,814.640,814.110,814.430,13
SQ:XPTUSD,2020-06-30T05:12:00+02:00,814.350,814.650,813.760,814.650,14
SQ:XPTUSD,2020-06-30T05:13:00+02:00,814.600,814.600,814.450,814.450,4
SQ:XPTUSD,2020-06-30T05:14:00+02:00,814.370,814.370,814.030,814.260,7
SQ:XPTUSD,2020-06-30T05:15:00+02:00,814.230,814.330,814.180,814.180,7
SQ:XPTUSD,2020-06-30T05:16:00+02:00,814.230,814.280,813.960,814.230,7
SQ:XPTUSD,2020-06-30T05:17:00+02:00,814.200,814.330,814.200,814.220,8
SQ:XPTUSD,2020-06-30T05:18:00+02:00,814.220,814.220,814.110,814.120,4
SQ:XPTUSD,2020-06-30T05:19:00+02:00,814.120,814.240,813.970,814.090,9
SQ:XPTUSD,2020-06-30T05:20:00+02:00,814.060,814.440,812.710,812.710,24
SQ:XPTUSD,2020-06-30T05:21:00+02:00,812.440,812.490,811.390,811.410,7
SQ:XPTUSD,2020-06-30T05:22:00+02:00,811.410,811.460,811.350,811.460,12
SQ:XPTUSD,2020-06-30T05:23:00+02:00,811.510,811.510,811.350,811.470,7
SQ:XPTUSD,2020-06-30T05:24:00+02:00,811.460,811.510,811.410,811.450,6
SQ:XPTUSD,2020-06-30T05:25:00+02:00,811.450,811.500,811.440,811.440,4
SQ:XPTUSD,2020-06-30T05:26:00+02:00,811.440,811.490,811.380,811.430,20
SQ:XPTUSD,2020-06-30T05:28:00+02:00,811.430,811.430,811.370,811.430,3
SQ:XPTUSD,2020-06-30T05:29:00+02:00,811.400,811.400,811.090,811.140,12
SQ:XPTUSD,2020-06-30T05:30:00+02:00,811.190,811.280,811.140,811.280,8
SQ:XPTUSD,2020-06-30T05:31:00+02:00,811.290,811.330,811.290,811.330,5
SQ:XPTUSD,2020-06-30T05:32:00+02:00,811.330,811.360,811.330,811.360,4
SQ:XPTUSD,2020-06-30T05:33:00+02:00,811.360,811.370,811.360,811.370,2
SQ:XPTUSD,2020-06-30T05:34:00+02:00,811.380,811.390,811.380,811.390,2
SQ:XPTUSD,2020-06-30T05:35:00+02:00,811.390,811.850,811.390,811.790,8
SQ:XPTUSD,2020-06-30T05:36:00+02:00,811.790,811.840,811.790,811.810,5
SQ:XPTUSD,2020-06-30T05:37:00+02:00,811.760,811.760,811.590,811.590,7
SQ:XPTUSD,2020-06-30T05:38:00+02:00,811.580,811.580,811.430,811.430,5
SQ:XPTUSD,2020-06-30T05:39:00+02:00,811.430,811.430,811.420,811.420,2
SQ:XPTUSD,2020-06-30T05:40:00+02:00,811.420,811.480,811.420,811.480,3
SQ:XPTUSD,2020-06-30T05:41:00+02:00,811.480,811.490,811.480,811.490,2
SQ:XPTUSD,2020-06-30T05:42:00+02:00,811.500,811.500,811.500,811.500,1
SQ:XPTUSD,2020-06-30T05:43:00+02:00,811.500,811.500,811.500,811.500,1
SQ:XPTUSD,2020-06-30T05:44:00+02:00,811.560,811.760,811.560,811.720,6
SQ:XPTUSD,2020-06-30T05:45:00+02:00,811.720,812.010,811.720,812.010,3
SQ:XPTUSD,2020-06-30T05:46:00+02:00,812.010,812.010,812.010,812.010,1
SQ:XPTUSD,2020-06-30T05:47:00+02:00,812.010,812.020,812.010,812.020,2
SQ:XPTUSD,2020-06-30T05:48:00+02:00,812.020,812.020,812.020,812.020,1
SQ:XPTUSD,2020-06-30T05:49:00+02:00,811.920,811.920,811.810,811.810,15
SQ:XPTUSD,2020-06-30T05:50:00+02:00,811.810,811.930,811.810,811.880,6
SQ:XPTUSD,2020-06-30T05:51:00+02:00,811.880,812.060,811.740,811.790,9
SQ:XPTUSD,2020-06-30T05:52:00+02:00,811.760,811.830,811.690,811.830,8
SQ:XPTUSD,2020-06-30T05:53:00+02:00,811.840,811.870,811.840,811.870,4
SQ:XPTUSD,2020-06-30T05:54:00+02:00,811.880,811.890,811.850,811.860,4
SQ:XPTUSD,2020-06-30T05:55:00+02:00,811.870,811.950,811.720,811.810,10
SQ:XPTUSD,2020-06-30T05:56:00+02:00,811.810,811.860,811.700,811.800,14
SQ:XPTUSD,2020-06-30T05:57:00+02:00,811.750,811.850,811.700,811.750,7
SQ:XPTUSD,2020-06-30T05:58:00+02:00,811.730,811.930,811.730,811.930,7
SQ:XPTUSD,2020-06-30T05:59:00+02:00,811.920,811.940,811.810,811.940,3
SQ:XPTUSD,2020-06-30T06:00:00+02:00,811.930,811.980,811.930,811.960,4
SQ:XPTUSD,2020-06-30T06:01:00+02:00,811.950,811.980,811.890,811.890,6
SQ:XPTUSD,2020-06-30T06:02:00+02:00,811.890,811.960,811.890,811.960,2
SQ:XPTUSD,2020-06-30T06:03:00+02:00,812.030,812.270,812.030,812.270,4
SQ:XPTUSD,2020-06-30T06:04:00+02:00,812.270,812.460,812.270,812.460,4
SQ:XPTUSD,2020-06-30T06:05:00+02:00,812.460,812.470,812.460,812.470,2
SQ:XPTUSD,2020-06-30T06:06:00+02:00,812.470,812.500,812.470,812.500,2
SQ:XPTUSD,2020-06-30T06:07:00+02:00,812.550,812.550,812.530,812.530,3
SQ:XPTUSD,2020-06-30T06:08:00+02:00,812.530,813.250,812.530,813.250,11
SQ:XPTUSD,2020-06-30T06:09:00+02:00,813.250,813.270,813.250,813.270,2
SQ:XPTUSD,2020-06-30T06:10:00+02:00,813.280,813.480,813.280,813.480,3
SQ:XPTUSD,2020-06-30T06:11:00+02:00,813.480,813.480,813.480,813.480,1
SQ:XPTUSD,2020-06-30T06:12:00+02:00,813.480,813.480,813.350,813.350,6
SQ:XPTUSD,2020-06-30T06:13:00+02:00,813.350,813.350,813.350,813.350,1
SQ:XPTUSD,2020-06-30T06:14:00+02:00,813.370,813.430,813.370,813.430,3
SQ:XPTUSD,2020-06-30T06:15:00+02:00,813.440,813.440,813.390,813.410,5
SQ:XPTUSD,2020-06-30T06:16:00+02:00,813.420,813.420,813.350,813.390,4
SQ:XPTUSD,2020-06-30T06:17:00+02:00,813.290,813.370,813.210,813.290,7
SQ:XPTUSD,2020-06-30T06:18:00+02:00,813.290,813.300,813.290,813.300,2
SQ:XPTUSD,2020-06-30T06:19:00+02:00,813.310,813.310,813.310,813.310,1
SQ:XPTUSD,2020-06-30T06:20:00+02:00,813.320,813.320,813.200,813.200,3
SQ:XPTUSD,2020-06-30T06:21:00+02:00,813.200,813.200,813.160,813.160,3
SQ:XPTUSD,2020-06-30T06:22:00+02:00,813.160,813.160,813.160,813.160,1
SQ:XPTUSD,2020-06-30T06:23:00+02:00,813.160,813.160,813.150,813.150,2
SQ:XPTUSD,2020-06-30T06:24:00+02:00,813.150,813.150,813.150,813.150,1
SQ:XPTUSD,2020-06-30T06:25:00+02:00,813.150,813.150,813.150,813.150,1
SQ:XPTUSD,2020-06-30T06:26:00+02:00,813.150,813.150,813.150,813.150,1
SQ:XPTUSD,2020-06-30T06:28:00+02:00,813.200,813.250,813.200,813.240,3
SQ:XPTUSD,2020-06-30T06:29:00+02:00,813.240,813.420,813.240,813.420,3
SQ:XPTUSD,2020-06-30T06:30:00+02:00,813.350,813.350,813.050,813.050,11
SQ:XPTUSD,2020-06-30T06:31:00+02:00,813.060,813.080,812.560,812.560,27
SQ:XPTUSD,2020-06-30T06:32:00+02:00,812.560,812.560,812.550,812.550,2
SQ:XPTUSD,2020-06-30T06:33:00+02:00,812.550,812.550,812.450,812.450,3
SQ:XPTUSD,2020-06-30T06:34:00+02:00,812.500,812.580,812.500,812.570,3
SQ:XPTUSD,2020-06-30T06:35:00+02:00,812.570,812.570,812.560,812.560,2
SQ:XPTUSD,2020-06-30T06:36:00+02:00,812.560,812.560,812.560,812.560,1
SQ:XPTUSD,2020-06-30T06:37:00+02:00,812.530,812.530,812.330,812.530,4
SQ:XPTUSD,2020-06-30T06:38:00+02:00,812.530,812.530,812.530,812.530,1
SQ:XPTUSD,2020-06-30T06:39:00+02:00,812.530,812.530,812.530,812.530,1
SQ:XPTUSD,2020-06-30T06:40:00+02:00,812.540,812.540,812.130,812.200,7
SQ:XPTUSD,2020-06-30T06:41:00+02:00,812.190,812.230,812.190,812.230,2
SQ:XPTUSD,2020-06-30T06:42:00+02:00,812.350,812.720,812.350,812.710,3
SQ:XPTUSD,2020-06-30T06:43:00+02:00,812.700,812.700,812.700,812.700,1
SQ:XPTUSD,2020-06-30T06:44:00+02:00,812.690,812.690,812.680,812.680,2
SQ:XPTUSD,2020-06-30T06:45:00+02:00,812.680,812.680,812.680,812.680,1
SQ:XPTUSD,2020-06-30T06:46:00+02:00,812.670,812.790,812.670,812.790,2
SQ:XPTUSD,2020-06-30T06:47:00+02:00,812.780,812.780,812.630,812.630,6
SQ:XPTUSD,2020-06-30T06:48:00+02:00,812.630,812.640,812.630,812.640,2
SQ:XPTUSD,2020-06-30T06:49:00+02:00,812.640,812.650,812.640,812.650,2
SQ:XPTUSD,2020-06-30T06:50:00+02:00,812.650,812.760,812.650,812.660,6
SQ:XPTUSD,2020-06-30T06:51:00+02:00,812.660,812.660,812.660,812.660,1
SQ:XPTUSD,2020-06-30T06:52:00+02:00,812.670,812.670,812.670,812.670,1
SQ:XPTUSD,2020-06-30T06:53:00+02:00,812.670,812.670,812.670,812.670,1
SQ:XPTUSD,2020-06-30T06:54:00+02:00,812.670,812.670,812.670,812.670,1
SQ:XPTUSD,2020-06-30T06:55:00+02:00,812.680,812.680,812.680,812.680,1
SQ:XPTUSD,2020-06-30T06:56:00+02:00,812.680,812.680,812.680,812.680,1
SQ:XPTUSD,2020-06-30T06:57:00+02:00,812.700,812.700,812.700,812.700,1
SQ:XPTUSD,2020-06-30T06:58:00+02:00,812.690,812.690,812.690,812.690,1
SQ:XPTUSD,2020-06-30T06:59:00+02:00,812.740,812.740,812.640,812.640,5
SQ:XPTUSD,2020-06-30T07:00:00+02:00,812.670,812.740,812.620,812.620,6
SQ:XPTUSD,2020-06-30T07:01:00+02:00,812.600,812.630,812.580,812.630,5
SQ:XPTUSD,2020-06-30T07:02:00+02:00,812.640,812.740,812.640,812.740,6
SQ:XPTUSD,2020-06-30T07:03:00+02:00,812.890,812.910,812.890,812.910,5
SQ:XPTUSD,2020-06-30T07:04:00+02:00,812.900,812.900,812.880,812.880,3
SQ:XPTUSD,2020-06-30T07:05:00+02:00,812.880,812.880,812.700,812.700,6
SQ:XPTUSD,2020-06-30T07:06:00+02:00,812.700,812.730,812.700,812.730,4
SQ:XPTUSD,2020-06-30T07:07:00+02:00,812.740,812.760,812.740,812.760,3
SQ:XPTUSD,2020-06-30T07:08:00+02:00,812.760,812.860,812.740,812.850,5
SQ:XPTUSD,2020-06-30T07:09:00+02:00,812.850,812.890,812.840,812.880,5
SQ:XPTUSD,2020-06-30T07:10:00+02:00,812.880,812.880,812.860,812.860,3
SQ:XPTUSD,2020-06-30T07:11:00+02:00,812.860,812.860,812.850,812.850,2
SQ:XPTUSD,2020-06-30T07:12:00+02:00,812.840,812.840,812.840,812.840,1
SQ:XPTUSD,2020-06-30T07:13:00+02:00,812.830,812.830,812.830,812.830,1
SQ:XPTUSD,2020-06-30T07:14:00+02:00,812.830,812.940,812.830,812.940,2
SQ:XPTUSD,2020-06-30T07:15:00+02:00,813.060,813.070,813.060,813.070,2
SQ:XPTUSD,2020-06-30T07:16:00+02:00,813.080,813.080,813.080,813.080,1
SQ:XPTUSD,2020-06-30T07:17:00+02:00,813.090,813.090,813.090,813.090,1
SQ:XPTUSD,2020-06-30T07:18:00+02:00,813.090,813.090,812.920,812.920,3
SQ:XPTUSD,2020-06-30T07:19:00+02:00,812.920,812.920,812.920,812.920,1
SQ:XPTUSD,2020-06-30T07:20:00+02:00,812.920,812.920,812.920,812.920,1
SQ:XPTUSD,2020-06-30T07:21:00+02:00,812.940,813.200,812.940,813.200,3
SQ:XPTUSD,2020-06-30T07:22:00+02:00,813.200,813.200,813.200,813.200,1
SQ:XPTUSD,2020-06-30T07:23:00+02:00,813.200,813.200,813.200,813.200,1
SQ:XPTUSD,2020-06-30T07:25:00+02:00,813.210,813.210,813.210,813.210,1
SQ:XPTUSD,2020-06-30T07:26:00+02:00,813.260,813.380,813.260,813.380,2
SQ:XPTUSD,2020-06-30T07:27:00+02:00,813.430,813.590,813.410,813.430,10
SQ:XPTUSD,2020-06-30T07:28:00+02:00,813.430,813.470,813.430,813.460,3
SQ:XPTUSD,2020-06-30T07:29:00+02:00,813.460,813.460,813.450,813.450,2
SQ:XPTUSD,2020-06-30T07:30:00+02:00,813.440,814.090,813.440,813.970,14
SQ:XPTUSD,2020-06-30T07:31:00+02:00,813.970,813.980,813.970,813.980,2
SQ:XPTUSD,2020-06-30T07:32:00+02:00,813.960,813.960,813.530,813.530,6
SQ:XPTUSD,2020-06-30T07:33:00+02:00,813.540,813.540,813.200,813.520,9
SQ:XPTUSD,2020-06-30T07:34:00+02:00,813.520,813.520,813.520,813.520,1
SQ:XPTUSD,2020-06-30T07:35:00+02:00,813.520,814.270,813.520,813.940,15
SQ:XPTUSD,2020-06-30T07:36:00+02:00,813.920,813.920,813.600,813.600,11
SQ:XPTUSD,2020-06-30T07:37:00+02:00,813.610,813.660,813.330,813.330,9
SQ:XPTUSD,2020-06-30T07:38:00+02:00,813.310,813.310,812.520,812.780,14
SQ:XPTUSD,2020-06-30T07:39:00+02:00,812.780,812.780,811.900,811.960,30
SQ:XPTUSD,2020-06-30T07:40:00+02:00,812.010,812.460,811.960,812.210,15
SQ:XPTUSD,2020-06-30T07:41:00+02:00,812.110,812.240,812.010,812.090,12
SQ:XPTUSD,2020-06-30T07:42:00+02:00,812.090,812.360,811.990,812.340,14
SQ:XPTUSD,2020-06-30T07:43:00+02:00,812.350,812.700,811.850,811.880,10
SQ:XPTUSD,2020-06-30T07:44:00+02:00,811.930,812.380,811.900,812.280,11
SQ:XPTUSD,2020-06-30T07:45:00+02:00,812.280,812.320,812.170,812.170,9
SQ:XPTUSD,2020-06-30T07:46:00+02:00,811.890,811.930,811.890,811.930,4
SQ:XPTUSD,2020-06-30T07:47:00+02:00,811.910,812.000,811.910,812.000,3
SQ:XPTUSD,2020-06-30T07:48:00+02:00,812.000,812.000,811.690,811.690,3
SQ:XPTUSD,2020-06-30T07:49:00+02:00,811.810,812.010,811.690,811.840,9
SQ:XPTUSD,2020-06-30T07:50:00+02:00,811.990,811.990,810.350,810.790,25
SQ:XPTUSD,2020-06-30T07:51:00+02:00,810.780,810.780,810.760,810.760,2
SQ:XPTUSD,2020-06-30T07:52:00+02:00,810.540,810.930,810.540,810.930,15
SQ:XPTUSD,2020-06-30T07:53:00+02:00,810.960,811.260,810.960,811.240,8
SQ:XPTUSD,2020-06-30T07:54:00+02:00,811.230,811.230,811.230,811.230,1
SQ:XPTUSD,2020-06-30T07:55:00+02:00,811.230,811.230,811.230,811.230,1
SQ:XPTUSD,2020-06-30T07:56:00+02:00,811.300,811.400,811.170,811.180,5
SQ:XPTUSD,2020-06-30T07:57:00+02:00,811.180,811.180,810.940,810.950,4
SQ:XPTUSD,2020-06-30T07:58:00+02:00,810.960,811.420,810.960,811.220,9
SQ:XPTUSD,2020-06-30T07:59:00+02:00,811.220,811.220,811.210,811.210,2
SQ:XPTUSD,2020-06-30T08:00:00+02:00,811.160,811.380,810.960,811.320,14
SQ:XPTUSD,2020-06-30T08:01:00+02:00,811.320,812.000,811.320,811.870,14
SQ:XPTUSD,2020-06-30T08:02:00+02:00,811.870,811.970,811.720,811.720,6
SQ:XPTUSD,2020-06-30T08:03:00+02:00,811.720,811.730,811.360,811.360,5
SQ:XPTUSD,2020-06-30T08:04:00+02:00,811.410,811.890,811.410,811.890,25
SQ:XPTUSD,2020-06-30T08:05:00+02:00,811.910,812.210,811.810,811.960,20
SQ:XPTUSD,2020-06-30T08:06:00+02:00,811.950,812.050,811.780,812.020,12
SQ:XPTUSD,2020-06-30T08:07:00+02:00,811.990,812.150,811.770,811.780,18
SQ:XPTUSD,2020-06-30T08:08:00+02:00,811.750,811.980,811.750,811.960,16
SQ:XPTUSD,2020-06-30T08:09:00+02:00,812.010,812.050,811.870,811.920,8
SQ:XPTUSD,2020-06-30T08:10:00+02:00,811.920,812.030,811.460,811.480,22
SQ:XPTUSD,2020-06-30T08:11:00+02:00,811.460,811.680,811.360,811.610,10
SQ:XPTUSD,2020-06-30T08:12:00+02:00,811.540,811.750,811.540,811.630,4
SQ:XPTUSD,2020-06-30T08:13:00+02:00,811.630,811.630,811.620,811.620,2
SQ:XPTUSD,2020-06-30T08:14:00+02:00,811.610,811.610,811.600,811.600,2
SQ:XPTUSD,2020-06-30T08:15:00+02:00,811.600,811.600,811.590,811.590,2
SQ:XPTUSD,2020-06-30T08:16:00+02:00,811.590,811.640,811.590,811.630,3
SQ:XPTUSD,2020-06-30T08:17:00+02:00,811.630,811.720,811.630,811.680,6
SQ:XPTUSD,2020-06-30T08:18:00+02:00,811.680,812.000,811.670,811.870,10
SQ:XPTUSD,2020-06-30T08:19:00+02:00,811.920,812.300,811.920,812.300,7
SQ:XPTUSD,2020-06-30T08:20:00+02:00,812.280,812.450,812.280,812.450,5
SQ:XPTUSD,2020-06-30T08:21:00+02:00,812.490,812.490,812.340,812.350,3
SQ:XPTUSD,2020-06-30T08:22:00+02:00,812.450,812.490,811.980,812.000,10
SQ:XPTUSD,2020-06-30T08:23:00+02:00,812.120,812.840,812.120,812.790,13
SQ:XPTUSD,2020-06-30T08:24:00+02:00,812.790,812.790,812.420,812.420,5
SQ:XPTUSD,2020-06-30T08:25:00+02:00,812.490,812.510,812.460,812.500,5
SQ:XPTUSD,2020-06-30T08:26:00+02:00,812.660,812.660,812.280,812.280,11
SQ:XPTUSD,2020-06-30T08:27:00+02:00,812.280,812.280,812.280,812.280,1
SQ:XPTUSD,2020-06-30T08:28:00+02:00,812.280,812.280,812.280,812.280,1
SQ:XPTUSD,2020-06-30T08:29:00+02:00,812.280,812.490,812.280,812.370,3
SQ:XPTUSD,2020-06-30T08:30:00+02:00,812.360,812.360,812.200,812.210,5
SQ:XPTUSD,2020-06-30T08:31:00+02:00,812.210,812.210,812.160,812.170,4
SQ:XPTUSD,2020-06-30T08:32:00+02:00,812.170,812.170,812.170,812.170,1
SQ:XPTUSD,2020-06-30T08:33:00+02:00,812.460,812.560,812.460,812.560,3
SQ:XPTUSD,2020-06-30T08:34:00+02:00,812.510,812.510,812.500,812.500,2
SQ:XPTUSD,2020-06-30T08:35:00+02:00,812.500,812.500,812.490,812.490,2
SQ:XPTUSD,2020-06-30T08:36:00+02:00,812.540,812.540,812.540,812.540,1
SQ:XPTUSD,2020-06-30T08:37:00+02:00,812.490,812.600,812.420,812.600,8
SQ:XPTUSD,2020-06-30T08:38:00+02:00,812.530,812.560,812.530,812.560,4
SQ:XPTUSD,2020-06-30T08:39:00+02:00,812.570,812.650,812.520,812.530,7
SQ:XPTUSD,2020-06-30T08:40:00+02:00,812.630,812.630,812.630,812.630,1
SQ:XPTUSD,2020-06-30T08:41:00+02:00,812.630,812.630,812.490,812.490,3
SQ:XPTUSD,2020-06-30T08:42:00+02:00,812.590,812.590,812.470,812.510,6
SQ:XPTUSD,2020-06-30T08:43:00+02:00,812.510,812.720,812.510,812.670,6
SQ:XPTUSD,2020-06-30T08:44:00+02:00,812.670,813.160,812.670,813.160,9
SQ:XPTUSD,2020-06-30T08:45:00+02:00,813.290,813.670,813.160,813.210,18
SQ:XPTUSD,2020-06-30T08:46:00+02:00,813.410,813.410,813.100,813.100,7
SQ:XPTUSD,2020-06-30T08:47:00+02:00,813.090,813.390,813.090,813.290,5
SQ:XPTUSD,2020-06-30T08:48:00+02:00,813.290,813.410,813.290,813.380,4
SQ:XPTUSD,2020-06-30T08:49:00+02:00,813.370,813.590,813.370,813.540,7
SQ:XPTUSD,2020-06-30T08:50:00+02:00,813.550,813.550,812.790,812.940,14
SQ:XPTUSD,2020-06-30T08:51:00+02:00,813.090,813.090,812.990,813.000,3
SQ:XPTUSD,2020-06-30T08:52:00+02:00,813.010,813.060,813.010,813.060,2
SQ:XPTUSD,2020-06-30T08:53:00+02:00,813.060,813.520,813.060,813.350,18
SQ:XPTUSD,2020-06-30T08:54:00+02:00,813.350,813.640,813.350,813.630,8
SQ:XPTUSD,2020-06-30T08:55:00+02:00,813.670,813.720,813.670,813.700,5
SQ:XPTUSD,2020-06-30T08:56:00+02:00,813.660,813.800,813.420,813.610,14
SQ:XPTUSD,2020-06-30T08:57:00+02:00,813.430,813.730,813.430,813.720,7
SQ:XPTUSD,2020-06-30T08:58:00+02:00,813.710,813.820,813.350,813.350,9
SQ:XPTUSD,2020-06-30T08:59:00+02:00,813.360,813.360,812.530,812.720,12
SQ:XPTUSD,2020-06-30T09:00:00+02:00,812.780,814.130,812.320,814.130,35
SQ:XPTUSD,2020-06-30T09:01:00+02:00,814.130,814.140,813.670,813.670,8
SQ:XPTUSD,2020-06-30T09:02:00+02:00,813.640,813.820,813.570,813.810,6
SQ:XPTUSD,2020-06-30T09:03:00+02:00,813.810,813.810,813.370,813.520,7
SQ:XPTUSD,2020-06-30T09:04:00+02:00,813.490,813.830,813.420,813.680,12
SQ:XPTUSD,2020-06-30T09:05:00+02:00,813.650,813.650,813.190,813.190,18
SQ:XPTUSD,2020-06-30T09:06:00+02:00,813.160,813.160,812.560,812.560,12
SQ:XPTUSD,2020-06-30T09:07:00+02:00,812.610,812.670,812.320,812.640,15
SQ:XPTUSD,2020-06-30T09:08:00+02:00,812.640,812.890,812.640,812.670,10
SQ:XPTUSD,2020-06-30T09:09:00+02:00,812.670,812.670,812.290,812.320,13
SQ:XPTUSD,2020-06-30T09:10:00+02:00,812.100,812.410,811.970,812.410,9
SQ:XPTUSD,2020-06-30T09:11:00+02:00,812.530,812.570,811.550,811.600,18
SQ:XPTUSD,2020-06-30T09:12:00+02:00,811.600,811.600,811.600,811.600,1
SQ:XPTUSD,2020-06-30T09:13:00+02:00,811.600,811.600,811.340,811.340,3
SQ:XPTUSD,2020-06-30T09:14:00+02:00,811.340,812.270,811.230,812.270,20
SQ:XPTUSD,2020-06-30T09:15:00+02:00,812.270,812.270,812.070,812.150,5
SQ:XPTUSD,2020-06-30T09:16:00+02:00,812.150,812.280,812.150,812.200,6
SQ:XPTUSD,2020-06-30T09:17:00+02:00,812.270,812.840,812.210,812.530,11
SQ:XPTUSD,2020-06-30T09:18:00+02:00,812.610,812.790,812.080,812.220,7
SQ:XPTUSD,2020-06-30T09:19:00+02:00,812.220,812.220,812.220,812.220,1
SQ:XPTUSD,2020-06-30T09:20:00+02:00,812.220,812.270,812.220,812.270,2
SQ:XPTUSD,2020-06-30T09:21:00+02:00,812.360,812.580,811.740,811.740,7
SQ:XPTUSD,2020-06-30T09:22:00+02:00,811.640,811.930,811.640,811.930,4
SQ:XPTUSD,2020-06-30T09:23:00+02:00,811.920,812.290,811.920,812.290,6
SQ:XPTUSD,2020-06-30T09:24:00+02:00,812.210,812.560,812.210,812.560,9
SQ:XPTUSD,2020-06-30T09:25:00+02:00,812.590,812.590,812.040,812.040,7
SQ:XPTUSD,2020-06-30T09:26:00+02:00,812.040,812.040,811.720,811.830,8
SQ:XPTUSD,2020-06-30T09:27:00+02:00,811.840,811.840,811.190,811.290,8
SQ:XPTUSD,2020-06-30T09:28:00+02:00,811.290,811.650,811.090,811.140,8
SQ:XPTUSD,2020-06-30T09:29:00+02:00,811.110,811.110,810.360,811.110,16
SQ:XPTUSD,2020-06-30T09:30:00+02:00,811.120,811.150,811.030,811.030,7
SQ:XPTUSD,2020-06-30T09:31:00+02:00,810.990,811.160,810.700,810.700,8
SQ:XPTUSD,2020-06-30T09:32:00+02:00,810.870,811.500,810.870,811.470,8
SQ:XPTUSD,2020-06-30T09:33:00+02:00,811.480,811.480,811.250,811.250,3
SQ:XPTUSD,2020-06-30T09:34:00+02:00,811.250,811.250,811.250,811.250,1
SQ:XPTUSD,2020-06-30T09:35:00+02:00,811.250,812.760,811.250,811.920,12
SQ:XPTUSD,2020-06-30T09:36:00+02:00,811.920,812.020,811.690,811.710,11
SQ:XPTUSD,2020-06-30T09:37:00+02:00,811.570,811.740,811.530,811.740,12
SQ:XPTUSD,2020-06-30T09:38:00+02:00,811.740,811.750,811.500,811.690,12
SQ:XPTUSD,2020-06-30T09:39:00+02:00,811.680,811.780,811.590,811.710,10
SQ:XPTUSD,2020-06-30T09:40:00+02:00,811.660,811.790,811.650,811.770,8
SQ:XPTUSD,2020-06-30T09:41:00+02:00,811.840,811.880,811.600,811.600,10
SQ:XPTUSD,2020-06-30T09:42:00+02:00,811.800,812.280,811.780,812.280,12
SQ:XPTUSD,2020-06-30T09:43:00+02:00,812.280,812.490,812.220,812.290,13
SQ:XPTUSD,2020-06-30T09:44:00+02:00,812.280,812.400,812.180,812.180,12
SQ:XPTUSD,2020-06-30T09:45:00+02:00,812.250,812.290,812.190,812.290,7
SQ:XPTUSD,2020-06-30T09:46:00+02:00,812.240,812.490,812.240,812.490,9
SQ:XPTUSD,2020-06-30T09:47:00+02:00,812.490,812.490,811.040,811.370,20
SQ:XPTUSD,2020-06-30T09:48:00+02:00,811.550,811.570,811.340,811.350,9
SQ:XPTUSD,2020-06-30T09:49:00+02:00,811.400,811.470,811.400,811.470,5
SQ:XPTUSD,2020-06-30T09:50:00+02:00,811.470,811.760,810.970,811.650,16
SQ:XPTUSD,2020-06-30T09:51:00+02:00,811.670,811.930,811.380,811.440,16
SQ:XPTUSD,2020-06-30T09:52:00+02:00,811.450,811.450,811.160,811.380,5
SQ:XPTUSD,2020-06-30T09:53:00+02:00,811.400,811.400,811.390,811.390,2
SQ:XPTUSD,2020-06-30T09:54:00+02:00,811.390,811.980,811.270,811.970,12
SQ:XPTUSD,2020-06-30T09:55:00+02:00,811.880,812.070,811.880,812.070,5
SQ:XPTUSD,2020-06-30T09:56:00+02:00,812.080,812.100,811.890,812.050,11
SQ:XPTUSD,2020-06-30T09:57:00+02:00,812.050,812.230,812.050,812.130,6
SQ:XPTUSD,2020-06-30T09:58:00+02:00,812.130,812.130,812.060,812.060,4
SQ:XPTUSD,2020-06-30T09:59:00+02:00,812.070,812.070,811.720,811.730,8
SQ:XPTUSD,2020-06-30T10:00:00+02:00,811.730,811.800,811.710,811.730,11
SQ:XPTUSD,2020-06-30T10:01:00+02:00,811.770,812.160,811.770,811.820,10
SQ:XPTUSD,2020-06-30T10:02:00+02:00,811.870,811.980,811.340,811.390,12
SQ:XPTUSD,2020-06-30T10:03:00+02:00,811.380,811.490,811.000,811.000,9
SQ:XPTUSD,2020-06-30T10:04:00+02:00,811.010,811.130,810.850,811.000,16
SQ:XPTUSD,2020-06-30T10:05:00+02:00,811.000,811.000,809.920,809.920,19
SQ:XPTUSD,2020-06-30T10:06:00+02:00,809.910,810.150,809.670,810.020,18
SQ:XPTUSD,2020-06-30T10:07:00+02:00,810.020,810.080,809.790,809.790,11
SQ:XPTUSD,2020-06-30T10:08:00+02:00,809.770,809.770,809.390,809.530,9
SQ:XPTUSD,2020-06-30T10:09:00+02:00,809.600,809.600,808.890,809.010,12
SQ:XPTUSD,2020-06-30T10:10:00+02:00,809.020,809.040,808.980,809.040,5
SQ:XPTUSD,2020-06-30T10:11:00+02:00,808.990,809.570,808.930,809.570,18
SQ:XPTUSD,2020-06-30T10:12:00+02:00,809.560,810.040,809.560,809.850,9
SQ:XPTUSD,2020-06-30T10:13:00+02:00,809.880,809.910,809.860,809.860,3
SQ:XPTUSD,2020-06-30T10:14:00+02:00,809.870,809.870,808.850,808.910,10
SQ:XPTUSD,2020-06-30T10:15:00+02:00,808.880,808.900,807.910,808.500,22
SQ:XPTUSD,2020-06-30T10:16:00+02:00,808.650,809.910,808.550,808.810,27
SQ:XPTUSD,2020-06-30T10:17:00+02:00,808.710,808.790,808.440,808.660,19
SQ:XPTUSD,2020-06-30T10:18:00+02:00,808.580,808.670,807.880,807.960,13
SQ:XPTUSD,2020-06-30T10:19:00+02:00,808.090,808.400,807.930,807.950,13
SQ:XPTUSD,2020-06-30T10:20:00+02:00,807.940,807.950,806.900,807.060,25
SQ:XPTUSD,2020-06-30T10:21:00+02:00,807.060,807.560,806.940,807.560,13
SQ:XPTUSD,2020-06-30T10:22:00+02:00,807.770,807.770,807.310,807.390,9
SQ:XPTUSD,2020-06-30T10:23:00+02:00,807.420,807.550,807.370,807.550,7
SQ:XPTUSD,2020-06-30T10:24:00+02:00,807.590,807.900,807.350,807.460,14
SQ:XPTUSD,2020-06-30T10:25:00+02:00,807.550,807.960,807.550,807.960,7
SQ:XPTUSD,2020-06-30T10:26:00+02:00,807.910,807.910,807.420,807.540,5
SQ:XPTUSD,2020-06-30T10:27:00+02:00,807.560,808.080,807.560,808.000,12
SQ:XPTUSD,2020-06-30T10:28:00+02:00,808.070,808.270,808.070,808.250,5
SQ:XPTUSD,2020-06-30T10:29:00+02:00,808.320,809.380,808.320,809.360,14
SQ:XPTUSD,2020-06-30T10:30:00+02:00,809.540,809.600,808.290,808.520,16
SQ:XPTUSD,2020-06-30T10:31:00+02:00,808.440,808.460,808.290,808.290,4
SQ:XPTUSD,2020-06-30T10:32:00+02:00,808.340,808.520,808.340,808.420,4
SQ:XPTUSD,2020-06-30T10:33:00+02:00,808.420,808.420,808.420,808.420,1
SQ:XPTUSD,2020-06-30T10:34:00+02:00,808.550,808.550,808.520,808.520,3
SQ:XPTUSD,2020-06-30T10:35:00+02:00,808.430,808.520,808.380,808.450,6
SQ:XPTUSD,2020-06-30T10:36:00+02:00,808.570,809.440,808.560,809.320,20
SQ:XPTUSD,2020-06-30T10:37:00+02:00,809.320,809.920,809.320,809.920,11
SQ:XPTUSD,2020-06-30T10:38:00+02:00,809.920,809.920,809.370,809.370,3
SQ:XPTUSD,2020-06-30T10:39:00+02:00,809.360,809.400,808.930,809.300,13
SQ:XPTUSD,2020-06-30T10:40:00+02:00,809.320,809.330,808.740,808.980,12
SQ:XPTUSD,2020-06-30T10:41:00+02:00,808.960,809.210,808.960,809.180,10
SQ:XPTUSD,2020-06-30T10:42:00+02:00,809.220,809.220,809.160,809.210,13
SQ:XPTUSD,2020-06-30T10:43:00+02:00,809.220,809.450,809.220,809.420,4
SQ:XPTUSD,2020-06-30T10:44:00+02:00,809.430,809.770,809.340,809.460,15
SQ:XPTUSD,2020-06-30T10:45:00+02:00,809.430,809.590,809.430,809.590,9
SQ:XPTUSD,2020-06-30T10:46:00+02:00,809.630,809.650,808.600,808.600,15
SQ:XPTUSD,2020-06-30T10:47:00+02:00,808.600,808.740,808.120,808.200,14
SQ:XPTUSD,2020-06-30T10:48:00+02:00,808.200,809.350,808.060,809.350,11
SQ:XPTUSD,2020-06-30T10:49:00+02:00,809.520,809.950,809.520,809.950,12
SQ:XPTUSD,2020-06-30T10:50:00+02:00,809.890,809.970,809.890,809.890,4
SQ:XPTUSD,2020-06-30T10:51:00+02:00,809.850,809.880,809.710,809.730,5
SQ:XPTUSD,2020-06-30T10:52:00+02:00,809.730,810.020,809.720,810.020,4
SQ:XPTUSD,2020-06-30T10:53:00+02:00,810.030,810.480,809.970,810.460,7
SQ:XPTUSD,2020-06-30T10:54:00+02:00,810.460,810.970,810.390,810.390,12
SQ:XPTUSD,2020-06-30T10:55:00+02:00,810.450,810.520,810.070,810.520,12
SQ:XPTUSD,2020-06-30T10:56:00+02:00,810.520,810.840,810.240,810.280,14
SQ:XPTUSD,2020-06-30T10:57:00+02:00,810.280,810.280,809.840,809.980,13
SQ:XPTUSD,2020-06-30T10:58:00+02:00,809.990,810.100,809.010,809.010,10
SQ:XPTUSD,2020-06-30T10:59:00+02:00,809.010,809.090,808.900,808.950,14
SQ:XPTUSD,2020-06-30T11:00:00+02:00,808.950,809.080,808.950,809.000,8
SQ:XPTUSD,2020-06-30T11:01:00+02:00,809.030,809.050,807.700,807.950,20
SQ:XPTUSD,2020-06-30T11:02:00+02:00,807.950,808.310,807.950,808.280,8
SQ:XPTUSD,2020-06-30T11:03:00+02:00,808.280,808.340,808.060,808.260,16
SQ:XPTUSD,2020-06-30T11:04:00+02:00,808.260,808.340,807.960,808.140,18
SQ:XPTUSD,2020-06-30T11:05:00+02:00,808.160,808.350,807.940,808.350,14
SQ:XPTUSD,2020-06-30T11:06:00+02:00,808.460,808.580,808.430,808.430,8
SQ:XPTUSD,2020-06-30T11:07:00+02:00,808.460,808.580,808.450,808.450,11
SQ:XPTUSD,2020-06-30T11:08:00+02:00,808.460,808.670,808.460,808.670,12
SQ:XPTUSD,2020-06-30T11:09:00+02:00,808.640,808.680,808.640,808.660,3
SQ:XPTUSD,2020-06-30T11:10:00+02:00,808.620,808.620,808.460,808.460,4
SQ:XPTUSD,2020-06-30T11:11:00+02:00,808.460,808.650,808.460,808.640,10
SQ:XPTUSD,2020-06-30T11:12:00+02:00,808.640,808.670,808.500,808.670,8
SQ:XPTUSD,2020-06-30T11:13:00+02:00,808.670,808.670,808.460,808.560,10
SQ:XPTUSD,2020-06-30T11:14:00+02:00,809.090,809.090,808.430,808.430,3
SQ:XPTUSD,2020-06-30T11:15:00+02:00,808.430,808.590,808.430,808.500,6
SQ:XPTUSD,2020-06-30T11:16:00+02:00,808.500,808.670,808.350,808.350,6
SQ:XPTUSD,2020-06-30T11:17:00+02:00,808.380,808.410,808.110,808.130,18
SQ:XPTUSD,2020-06-30T11:18:00+02:00,808.100,808.300,808.070,808.300,15
SQ:XPTUSD,2020-06-30T11:19:00+02:00,808.310,808.340,806.890,806.910,15
SQ:XPTUSD,2020-06-30T11:20:00+02:00,806.740,806.910,806.020,806.020,25
SQ:XPTUSD,2020-06-30T11:21:00+02:00,806.030,806.970,805.870,806.970,21
SQ:XPTUSD,2020-06-30T11:22:00+02:00,806.970,806.970,806.700,806.700,13
SQ:XPTUSD,2020-06-30T11:23:00+02:00,806.850,807.720,806.710,807.720,18
SQ:XPTUSD,2020-06-30T11:24:00+02:00,807.720,807.760,807.330,807.550,6
SQ:XPTUSD,2020-06-30T11:25:00+02:00,807.590,807.590,806.800,806.800,11
SQ:XPTUSD,2020-06-30T11:26:00+02:00,806.770,807.220,806.500,807.220,10
SQ:XPTUSD,2020-06-30T11:27:00+02:00,806.840,806.900,806.780,806.780,4
SQ:XPTUSD,2020-06-30T11:28:00+02:00,806.780,806.840,806.280,806.610,15
SQ:XPTUSD,2020-06-30T11:29:00+02:00,806.750,806.750,806.550,806.560,7
SQ:XPTUSD,2020-06-30T11:30:00+02:00,806.570,806.570,806.300,806.400,10
SQ:XPTUSD,2020-06-30T11:31:00+02:00,806.400,807.240,806.400,806.920,19
SQ:XPTUSD,2020-06-30T11:32:00+02:00,806.910,807.170,806.910,807.120,8
SQ:XPTUSD,2020-06-30T11:33:00+02:00,807.060,807.280,807.060,807.130,6
SQ:XPTUSD,2020-06-30T11:34:00+02:00,807.140,807.250,807.140,807.250,3
SQ:XPTUSD,2020-06-30T11:35:00+02:00,807.370,807.520,807.260,807.260,5
SQ:XPTUSD,2020-06-30T11:36:00+02:00,807.120,807.380,807.080,807.220,7
SQ:XPTUSD,2020-06-30T11:37:00+02:00,807.220,807.580,807.220,807.550,6
SQ:XPTUSD,2020-06-30T11:38:00+02:00,807.560,807.560,807.480,807.520,5
SQ:XPTUSD,2020-06-30T11:39:00+02:00,807.500,807.500,807.480,807.480,2
SQ:XPTUSD,2020-06-30T11:40:00+02:00,807.560,807.820,807.520,807.820,10
SQ:XPTUSD,2020-06-30T11:41:00+02:00,807.780,807.780,807.370,807.390,7
SQ:XPTUSD,2020-06-30T11:42:00+02:00,807.410,807.430,807.190,807.270,6
SQ:XPTUSD,2020-06-30T11:43:00+02:00,807.080,807.210,806.990,807.180,10
SQ:XPTUSD,2020-06-30T11:44:00+02:00,807.280,807.440,807.090,807.440,13
SQ:XPTUSD,2020-06-30T11:45:00+02:00,807.440,807.480,807.310,807.420,9
SQ:XPTUSD,2020-06-30T11:46:00+02:00,807.420,807.610,807.370,807.370,10
SQ:XPTUSD,2020-06-30T11:47:00+02:00,807.360,807.360,807.330,807.350,3
SQ:XPTUSD,2020-06-30T11:48:00+02:00,807.350,807.350,806.950,807.050,9
SQ:XPTUSD,2020-06-30T11:49:00+02:00,807.160,807.260,807.100,807.150,11
SQ:XPTUSD,2020-06-30T11:50:00+02:00,807.130,807.140,806.950,807.000,5
SQ:XPTUSD,2020-06-30T11:51:00+02:00,807.070,807.090,807.000,807.000,4
SQ:XPTUSD,2020-06-30T11:52:00+02:00,807.000,807.000,806.880,806.880,4
SQ:XPTUSD,2020-06-30T11:53:00+02:00,806.770,806.970,806.630,806.630,10
SQ:XPTUSD,2020-06-30T11:54:00+02:00,806.680,806.940,806.650,806.940,9
SQ:XPTUSD,2020-06-30T11:55:00+02:00,806.940,806.940,806.890,806.940,6
SQ:XPTUSD,2020-06-30T11:56:00+02:00,806.940,807.140,806.800,807.140,8
SQ:XPTUSD,2020-06-30T11:57:00+02:00,807.300,807.770,807.300,807.740,5
SQ:XPTUSD,2020-06-30T11:58:00+02:00,807.720,807.770,807.420,807.770,9
SQ:XPTUSD,2020-06-30T11:59:00+02:00,807.760,808.020,807.760,808.020,7
SQ:XPTUSD,2020-06-30T12:00:00+02:00,808.020,808.020,807.830,807.830,7
SQ:XPTUSD,2020-06-30T12:01:00+02:00,807.850,808.090,807.830,808.080,5
SQ:XPTUSD,2020-06-30T12:02:00+02:00,808.120,808.350,808.120,808.290,13
SQ:XPTUSD,2020-06-30T12:03:00+02:00,808.290,808.790,808.290,808.700,10
SQ:XPTUSD,2020-06-30T12:04:00+02:00,808.650,808.670,808.380,808.380,9
SQ:XPTUSD,2020-06-30T12:05:00+02:00,808.300,808.790,808.300,808.720,13
SQ:XPTUSD,2020-06-30T12:06:00+02:00,808.730,809.190,808.730,809.180,11
SQ:XPTUSD,2020-06-30T12:07:00+02:00,809.260,809.260,809.050,809.210,9
SQ:XPTUSD,2020-06-30T12:08:00+02:00,809.160,809.200,809.050,809.050,4
SQ:XPTUSD,2020-06-30T12:09:00+02:00,809.000,809.240,809.000,809.240,6
SQ:XPTUSD,2020-06-30T12:10:00+02:00,809.240,809.260,809.210,809.260,3
SQ:XPTUSD,2020-06-30T12:11:00+02:00,809.260,809.860,809.260,809.860,10
SQ:XPTUSD,2020-06-30T12:12:00+02:00,809.940,810.050,809.770,810.000,12
SQ:XPTUSD,2020-06-30T12:13:00+02:00,810.040,810.070,810.000,810.050,8
SQ:XPTUSD,2020-06-30T12:14:00+02:00,810.030,810.030,809.650,809.650,5
SQ:XPTUSD,2020-06-30T12:15:00+02:00,809.640,809.900,809.640,809.860,10
SQ:XPTUSD,2020-06-30T12:16:00+02:00,809.810,810.480,809.810,810.410,14
SQ:XPTUSD,2020-06-30T12:17:00+02:00,810.460,810.460,809.550,809.610,10
SQ:XPTUSD,2020-06-30T12:18:00+02:00,809.610,809.630,809.610,809.630,2
SQ:XPTUSD,2020-06-30T12:19:00+02:00,809.590,809.590,809.590,809.590,1
SQ:XPTUSD,2020-06-30T12:20:00+02:00,809.590,809.740,809.590,809.640,3
SQ:XPTUSD,2020-06-30T12:21:00+02:00,809.580,809.690,809.580,809.690,4
SQ:XPTUSD,2020-06-30T12:22:00+02:00,809.610,809.610,809.530,809.590,5
SQ:XPTUSD,2020-06-30T12:23:00+02:00,809.660,809.670,809.660,809.670,2
SQ:XPTUSD,2020-06-30T12:24:00+02:00,809.650,810.120,809.650,810.120,5
SQ:XPTUSD,2020-06-30T12:25:00+02:00,810.070,810.380,810.070,810.380,8
SQ:XPTUSD,2020-06-30T12:26:00+02:00,810.370,811.510,810.340,811.510,12
SQ:XPTUSD,2020-06-30T12:27:00+02:00,811.520,811.560,811.260,811.270,10
SQ:XPTUSD,2020-06-30T12:28:00+02:00,811.410,811.440,808.820,811.300,9
SQ:XPTUSD,2020-06-30T12:29:00+02:00,811.310,811.510,811.310,811.510,7
SQ:XPTUSD,2020-06-30T12:30:00+02:00,811.480,811.480,811.390,811.450,5
SQ:XPTUSD,2020-06-30T12:31:00+02:00,811.460,812.000,811.460,811.770,9
SQ:XPTUSD,2020-06-30T12:32:00+02:00,811.650,811.650,810.750,811.570,15
SQ:XPTUSD,2020-06-30T12:33:00+02:00,811.650,811.950,811.650,811.940,7
SQ:XPTUSD,2020-06-30T12:34:00+02:00,811.940,812.070,811.620,811.620,8
SQ:XPTUSD,2020-06-30T12:35:00+02:00,811.640,811.760,811.500,811.730,9
SQ:XPTUSD,2020-06-30T12:36:00+02:00,811.630,811.830,811.630,811.830,7
SQ:XPTUSD,2020-06-30T12:37:00+02:00,811.810,811.860,811.790,811.860,5
SQ:XPTUSD,2020-06-30T12:38:00+02:00,811.810,812.180,811.810,812.180,2
SQ:XPTUSD,2020-06-30T12:39:00+02:00,812.210,812.670,812.160,812.670,9
SQ:XPTUSD,2020-06-30T12:40:00+02:00,812.680,812.680,812.120,812.120,10
SQ:XPTUSD,2020-06-30T12:41:00+02:00,812.160,812.160,811.780,811.870,11
SQ:XPTUSD,2020-06-30T12:42:00+02:00,811.820,812.300,811.820,812.300,9
SQ:XPTUSD,2020-06-30T12:43:00+02:00,812.510,813.230,812.510,813.110,14
SQ:XPTUSD,2020-06-30T12:44:00+02:00,813.080,813.420,813.050,813.220,13
SQ:XPTUSD,2020-06-30T12:45:00+02:00,813.230,813.300,813.230,813.300,2
SQ:XPTUSD,2020-06-30T12:46:00+02:00,813.220,813.580,813.220,813.550,7
SQ:XPTUSD,2020-06-30T12:47:00+02:00,813.550,813.930,813.430,813.930,20
SQ:XPTUSD,2020-06-30T12:48:00+02:00,813.930,814.050,813.520,813.580,9
SQ:XPTUSD,2020-06-30T12:49:00+02:00,813.560,813.700,813.530,813.700,4
SQ:XPTUSD,2020-06-30T12:50:00+02:00,813.620,813.750,812.010,813.530,10
SQ:XPTUSD,2020-06-30T12:51:00+02:00,812.940,813.040,812.920,812.930,6
SQ:XPTUSD,2020-06-30T12:52:00+02:00,812.970,812.970,812.410,812.660,7
SQ:XPTUSD,2020-06-30T12:53:00+02:00,812.620,812.800,812.620,812.770,12
SQ:XPTUSD,2020-06-30T12:54:00+02:00,812.720,812.770,812.700,812.700,4
SQ:XPTUSD,2020-06-30T12:55:00+02:00,812.720,812.910,812.690,812.910,8
SQ:XPTUSD,2020-06-30T12:56:00+02:00,812.860,812.860,812.420,812.600,7
SQ:XPTUSD,2020-06-30T12:57:00+02:00,812.510,813.050,812.510,812.840,11
SQ:XPTUSD,2020-06-30T12:58:00+02:00,812.890,812.980,812.570,812.680,10
SQ:XPTUSD,2020-06-30T12:59:00+02:00,812.560,812.560,811.850,811.980,15
SQ:XPTUSD,2020-06-30T13:00:00+02:00,812.010,812.010,810.550,810.940,31
SQ:XPTUSD,2020-06-30T13:01:00+02:00,811.130,812.170,811.010,812.160,13
SQ:XPTUSD,2020-06-30T13:02:00+02:00,812.120,812.120,811.950,812.020,4
SQ:XPTUSD,2020-06-30T13:03:00+02:00,812.000,812.000,811.940,811.950,6
SQ:XPTUSD,2020-06-30T13:04:00+02:00,811.950,811.950,811.950,811.950,1
SQ:XPTUSD,2020-06-30T13:05:00+02:00,811.900,811.930,811.590,811.630,6
SQ:XPTUSD,2020-06-30T13:06:00+02:00,811.630,812.520,811.630,812.520,11
SQ:XPTUSD,2020-06-30T13:07:00+02:00,812.520,812.580,812.290,812.290,6
SQ:XPTUSD,2020-06-30T13:08:00+02:00,812.280,812.340,812.280,812.290,3
SQ:XPTUSD,2020-06-30T13:09:00+02:00,812.470,812.550,812.470,812.550,2
SQ:XPTUSD,2020-06-30T13:10:00+02:00,812.460,812.650,812.380,812.650,7
SQ:XPTUSD,2020-06-30T13:11:00+02:00,812.530,812.550,812.430,812.480,7
SQ:XPTUSD,2020-06-30T13:12:00+02:00,812.420,813.060,812.410,813.040,11
SQ:XPTUSD,2020-06-30T13:13:00+02:00,813.030,813.080,812.750,813.000,10
SQ:XPTUSD,2020-06-30T13:14:00+02:00,813.000,813.020,812.750,812.790,14
SQ:XPTUSD,2020-06-30T13:15:00+02:00,812.780,812.780,812.290,812.320,5
SQ:XPTUSD,2020-06-30T13:16:00+02:00,812.300,812.300,810.895,811.230,7
SQ:XPTUSD,2020-06-30T13:17:00+02:00,811.230,811.270,811.130,811.270,6
SQ:XPTUSD,2020-06-30T13:18:00+02:00,811.260,811.360,811.190,811.190,9
SQ:XPTUSD,2020-06-30T13:19:00+02:00,811.190,811.280,811.190,811.280,2
SQ:XPTUSD,2020-06-30T13:20:00+02:00,811.280,811.510,811.170,811.400,10
SQ:XPTUSD,2020-06-30T13:21:00+02:00,811.400,811.910,811.400,811.910,6
SQ:XPTUSD,2020-06-30T13:22:00+02:00,812.050,812.440,812.050,812.440,7
SQ:XPTUSD,2020-06-30T13:23:00+02:00,812.440,812.450,812.440,812.450,2
SQ:XPTUSD,2020-06-30T13:24:00+02:00,812.450,813.020,812.450,812.920,14
SQ:XPTUSD,2020-06-30T13:25:00+02:00,812.920,813.070,812.920,813.050,4
SQ:XPTUSD,2020-06-30T13:26:00+02:00,813.050,813.300,812.880,813.300,5
SQ:XPTUSD,2020-06-30T13:27:00+02:00,813.300,813.420,813.270,813.290,6
SQ:XPTUSD,2020-06-30T13:28:00+02:00,813.300,813.320,813.300,813.320,3
SQ:XPTUSD,2020-06-30T13:29:00+02:00,813.330,813.340,813.330,813.340,2
SQ:XPTUSD,2020-06-30T13:30:00+02:00,813.350,813.530,811.850,812.250,13
SQ:XPTUSD,2020-06-30T13:31:00+02:00,812.250,812.840,811.670,812.840,12
SQ:XPTUSD,2020-06-30T13:32:00+02:00,812.790,812.940,812.790,812.900,6
SQ:XPTUSD,2020-06-30T13:33:00+02:00,812.900,813.030,812.780,813.030,5
SQ:XPTUSD,2020-06-30T13:34:00+02:00,813.030,813.380,812.830,813.380,9
SQ:XPTUSD,2020-06-30T13:35:00+02:00,813.390,813.390,810.620,811.200,18
SQ:XPTUSD,2020-06-30T13:36:00+02:00,811.200,812.810,811.200,812.810,8
SQ:XPTUSD,2020-06-30T13:37:00+02:00,812.810,813.010,812.800,813.010,7
SQ:XPTUSD,2020-06-30T13:38:00+02:00,813.010,813.040,812.760,812.820,10
SQ:XPTUSD,2020-06-30T13:39:00+02:00,813.040,813.070,812.120,812.190,25
SQ:XPTUSD,2020-06-30T13:40:00+02:00,812.190,812.190,812.150,812.150,3
SQ:XPTUSD,2020-06-30T13:41:00+02:00,812.150,812.710,811.700,812.710,13
SQ:XPTUSD,2020-06-30T13:42:00+02:00,812.780,813.170,812.430,812.850,14
SQ:XPTUSD,2020-06-30T13:43:00+02:00,812.860,813.100,812.840,813.100,6
SQ:XPTUSD,2020-06-30T13:44:00+02:00,813.010,813.380,812.900,813.280,17
SQ:XPTUSD,2020-06-30T13:45:00+02:00,813.280,813.280,812.820,812.900,19
SQ:XPTUSD,2020-06-30T13:46:00+02:00,812.900,813.020,812.770,812.930,15
SQ:XPTUSD,2020-06-30T13:47:00+02:00,812.930,813.020,812.660,812.950,23
SQ:XPTUSD,2020-06-30T13:48:00+02:00,812.840,812.870,812.210,812.260,21
SQ:XPTUSD,2020-06-30T13:49:00+02:00,812.260,812.260,810.960,810.960,13
SQ:XPTUSD,2020-06-30T13:50:00+02:00,811.040,811.530,811.040,811.340,15
SQ:XPTUSD,2020-06-30T13:51:00+02:00,811.340,811.340,810.860,811.040,7
SQ:XPTUSD,2020-06-30T13:52:00+02:00,811.040,811.250,811.030,811.210,13
SQ:XPTUSD,2020-06-30T13:53:00+02:00,811.240,811.400,811.220,811.260,8
SQ:XPTUSD,2020-06-30T13:54:00+02:00,811.210,811.210,810.510,810.640,29
SQ:XPTUSD,2020-06-30T13:55:00+02:00,810.640,810.640,808.760,809.070,28
SQ:XPTUSD,2020-06-30T13:56:00+02:00,809.040,809.700,808.710,809.700,21
SQ:XPTUSD,2020-06-30T13:57:00+02:00,809.690,809.700,808.950,809.580,12
SQ:XPTUSD,2020-06-30T13:58:00+02:00,809.570,809.800,809.300,809.550,7
SQ:XPTUSD,2020-06-30T13:59:00+02:00,809.550,809.550,808.890,809.020,10
SQ:XPTUSD,2020-06-30T14:00:00+02:00,809.020,809.750,808.980,809.750,9
SQ:XPTUSD,2020-06-30T14:01:00+02:00,809.800,810.650,809.650,810.640,13
SQ:XPTUSD,2020-06-30T14:02:00+02:00,810.640,810.640,810.390,810.420,7
SQ:XPTUSD,2020-06-30T14:03:00+02:00,810.420,810.430,810.080,810.120,9
SQ:XPTUSD,2020-06-30T14:04:00+02:00,810.120,810.160,809.760,810.150,11
SQ:XPTUSD,2020-06-30T14:05:00+02:00,810.150,810.450,810.150,810.450,5
SQ:XPTUSD,2020-06-30T14:06:00+02:00,810.450,810.630,810.080,810.450,14
SQ:XPTUSD,2020-06-30T14:07:00+02:00,810.450,811.100,809.360,811.100,60
SQ:XPTUSD,2020-06-30T14:08:00+02:00,811.110,811.810,811.030,811.410,50
SQ:XPTUSD,2020-06-30T14:09:00+02:00,811.420,811.990,811.180,811.990,31
SQ:XPTUSD,2020-06-30T14:10:00+02:00,811.990,812.100,807.980,808.560,25
SQ:XPTUSD,2020-06-30T14:11:00+02:00,808.560,812.330,808.410,808.410,24
SQ:XPTUSD,2020-06-30T14:12:00+02:00,808.400,810.650,808.400,810.250,21
SQ:XPTUSD,2020-06-30T14:13:00+02:00,810.260,810.620,810.060,810.500,17
SQ:XPTUSD,2020-06-30T14:14:00+02:00,810.390,810.720,810.010,810.020,30
SQ:XPTUSD,2020-06-30T14:15:00+02:00,810.020,810.420,809.830,810.160,19
SQ:XPTUSD,2020-06-30T14:16:00+02:00,810.150,810.430,810.010,810.010,6
SQ:XPTUSD,2020-06-30T14:17:00+02:00,809.570,809.680,809.130,809.140,14
SQ:XPTUSD,2020-06-30T14:18:00+02:00,809.120,809.490,809.090,809.490,13
SQ:XPTUSD,2020-06-30T14:19:00+02:00,809.380,809.410,808.540,808.640,15
SQ:XPTUSD,2020-06-30T14:20:00+02:00,809.080,812.730,808.900,810.320,48
SQ:XPTUSD,2020-06-30T14:21:00+02:00,810.320,810.320,809.390,809.510,10
SQ:XPTUSD,2020-06-30T14:22:00+02:00,809.500,809.500,806.710,808.090,38
SQ:XPTUSD,2020-06-30T14:23:00+02:00,808.090,808.400,807.820,807.950,9
SQ:XPTUSD,2020-06-30T14:24:00+02:00,807.950,808.380,807.470,808.220,20
SQ:XPTUSD,2020-06-30T14:25:00+02:00,808.220,808.810,808.040,808.790,17
SQ:XPTUSD,2020-06-30T14:26:00+02:00,808.790,810.090,808.660,810.030,23
SQ:XPTUSD,2020-06-30T14:27:00+02:00,810.020,810.140,808.650,808.730,18
SQ:XPTUSD,2020-06-30T14:28:00+02:00,808.720,809.400,808.545,809.130,12
SQ:XPTUSD,2020-06-30T14:29:00+02:00,809.130,809.460,809.130,809.240,8
SQ:XPTUSD,2020-06-30T14:30:00+02:00,809.240,809.260,809.220,809.230,4
SQ:XPTUSD,2020-06-30T14:31:00+02:00,809.230,809.460,808.970,809.330,18
SQ:XPTUSD,2020-06-30T14:32:00+02:00,809.330,809.950,809.280,809.950,11
SQ:XPTUSD,2020-06-30T14:33:00+02:00,809.950,809.950,809.700,809.710,7
SQ:XPTUSD,2020-06-30T14:34:00+02:00,809.710,809.710,809.460,809.530,17
SQ:XPTUSD,2020-06-30T14:35:00+02:00,809.550,810.450,809.550,809.950,9
SQ:XPTUSD,2020-06-30T14:36:00+02:00,809.950,810.210,809.700,809.740,14
SQ:XPTUSD,2020-06-30T14:37:00+02:00,809.720,810.570,809.640,810.370,13
SQ:XPTUSD,2020-06-30T14:38:00+02:00,810.350,810.380,810.310,810.310,5
SQ:XPTUSD,2020-06-30T14:39:00+02:00,810.310,810.330,810.190,810.330,6
SQ:XPTUSD,2020-06-30T14:40:00+02:00,810.330,810.370,809.980,809.980,9
SQ:XPTUSD,2020-06-30T14:41:00+02:00,810.020,810.050,810.020,810.050,4
SQ:XPTUSD,2020-06-30T14:42:00+02:00,810.060,810.310,810.040,810.310,7
SQ:XPTUSD,2020-06-30T14:43:00+02:00,810.250,810.260,809.820,810.190,14
SQ:XPTUSD,2020-06-30T14:44:00+02:00,810.180,810.960,809.940,810.270,23
SQ:XPTUSD,2020-06-30T14:45:00+02:00,810.270,810.890,810.090,810.640,11
SQ:XPTUSD,2020-06-30T14:46:00+02:00,810.670,812.120,810.510,811.720,16
SQ:XPTUSD,2020-06-30T14:47:00+02:00,811.720,812.070,811.545,811.755,15
SQ:XPTUSD,2020-06-30T14:48:00+02:00,811.745,811.745,811.390,811.570,14
SQ:XPTUSD,2020-06-30T14:49:00+02:00,811.570,811.970,811.200,811.970,19
SQ:XPTUSD,2020-06-30T14:50:00+02:00,811.970,812.410,811.970,812.210,7
SQ:XPTUSD,2020-06-30T14:51:00+02:00,812.210,812.250,811.910,812.060,12
SQ:XPTUSD,2020-06-30T14:52:00+02:00,812.070,812.820,811.950,812.820,10
SQ:XPTUSD,2020-06-30T14:53:00+02:00,812.820,813.150,812.650,813.150,10
SQ:XPTUSD,2020-06-30T14:54:00+02:00,813.150,813.200,812.700,813.060,12
SQ:XPTUSD,2020-06-30T14:55:00+02:00,813.060,813.170,812.630,812.750,17
SQ:XPTUSD,2020-06-30T14:56:00+02:00,812.830,813.400,812.830,813.400,8
SQ:XPTUSD,2020-06-30T14:57:00+02:00,813.390,813.390,812.090,812.370,20
SQ:XPTUSD,2020-06-30T14:58:00+02:00,812.370,812.510,812.370,812.510,7
SQ:XPTUSD,2020-06-30T14:59:00+02:00,812.510,813.670,812.510,813.190,21
SQ:XPTUSD,2020-06-30T15:00:00+02:00,813.310,814.110,813.140,813.720,33
SQ:XPTUSD,2020-06-30T15:01:00+02:00,814.280,814.280,812.700,812.700,33
SQ:XPTUSD,2020-06-30T15:02:00+02:00,812.700,813.550,811.660,813.540,26
SQ:XPTUSD,2020-06-30T15:03:00+02:00,813.540,813.540,812.070,812.880,11
SQ:XPTUSD,2020-06-30T15:04:00+02:00,812.880,812.880,812.070,812.100,9
SQ:XPTUSD,2020-06-30T15:05:00+02:00,812.100,812.100,811.910,811.990,7
SQ:XPTUSD,2020-06-30T15:06:00+02:00,812.000,812.830,811.800,812.830,27
SQ:XPTUSD,2020-06-30T15:07:00+02:00,812.830,812.830,810.050,810.080,31
SQ:XPTUSD,2020-06-30T15:08:00+02:00,810.080,810.080,809.630,809.860,12
SQ:XPTUSD,2020-06-30T15:09:00+02:00,809.810,809.860,809.310,809.350,23
SQ:XPTUSD,2020-06-30T15:10:00+02:00,809.350,809.350,808.770,808.970,15
SQ:XPTUSD,2020-06-30T15:11:00+02:00,808.970,809.390,808.620,809.390,14
SQ:XPTUSD,2020-06-30T15:12:00+02:00,809.390,810.710,809.390,810.590,17
SQ:XPTUSD,2020-06-30T15:13:00+02:00,810.590,810.590,809.860,809.910,13
SQ:XPTUSD,2020-06-30T15:14:00+02:00,809.870,809.910,809.080,809.200,20
SQ:XPTUSD,2020-06-30T15:15:00+02:00,809.200,809.740,809.200,809.480,8
SQ:XPTUSD,2020-06-30T15:16:00+02:00,809.470,810.280,809.450,810.080,18
SQ:XPTUSD,2020-06-30T15:17:00+02:00,810.130,810.130,809.810,809.830,7
SQ:XPTUSD,2020-06-30T15:18:00+02:00,809.350,809.580,808.700,809.430,23
SQ:XPTUSD,2020-06-30T15:19:00+02:00,809.390,810.040,808.930,810.020,22
SQ:XPTUSD,2020-06-30T15:20:00+02:00,810.020,810.670,808.960,810.280,26
SQ:XPTUSD,2020-06-30T15:21:00+02:00,810.280,810.460,810.000,810.410,12
SQ:XPTUSD,2020-06-30T15:22:00+02:00,810.410,810.420,810.170,810.330,13
SQ:XPTUSD,2020-06-30T15:23:00+02:00,810.330,811.580,810.330,811.580,10
SQ:XPTUSD,2020-06-30T15:24:00+02:00,811.580,812.070,811.580,812.070,9
SQ:XPTUSD,2020-06-30T15:25:00+02:00,812.070,812.230,811.880,812.060,11
SQ:XPTUSD,2020-06-30T15:26:00+02:00,812.070,812.070,811.100,811.470,16
SQ:XPTUSD,2020-06-30T15:27:00+02:00,811.470,811.980,811.260,811.670,14
SQ:XPTUSD,2020-06-30T15:28:00+02:00,811.670,812.200,811.670,812.160,8
SQ:XPTUSD,2020-06-30T15:29:00+02:00,812.160,812.610,812.120,812.470,11
SQ:XPTUSD,2020-06-30T15:30:00+02:00,812.470,813.430,812.180,813.270,26
SQ:XPTUSD,2020-06-30T15:31:00+02:00,813.240,813.240,812.460,812.750,12
SQ:XPTUSD,2020-06-30T15:32:00+02:00,812.750,813.530,812.750,813.530,9
SQ:XPTUSD,2020-06-30T15:33:00+02:00,813.530,814.320,813.480,814.060,41
SQ:XPTUSD,2020-06-30T15:34:00+02:00,814.060,814.090,813.360,813.890,27
SQ:XPTUSD,2020-06-30T15:35:00+02:00,813.880,815.710,813.540,814.550,47
SQ:XPTUSD,2020-06-30T15:36:00+02:00,814.550,814.910,814.120,814.910,18
SQ:XPTUSD,2020-06-30T15:37:00+02:00,814.910,814.970,814.460,814.680,15
SQ:XPTUSD,2020-06-30T15:38:00+02:00,814.680,814.900,813.690,814.355,31
SQ:XPTUSD,2020-06-30T15:39:00+02:00,814.360,814.360,813.825,813.840,26
SQ:XPTUSD,2020-06-30T15:40:00+02:00,814.310,814.830,813.615,814.620,38
SQ:XPTUSD,2020-06-30T15:41:00+02:00,814.610,814.610,813.850,814.080,20
SQ:XPTUSD,2020-06-30T15:42:00+02:00,814.200,814.600,813.970,814.420,17
SQ:XPTUSD,2020-06-30T15:43:00+02:00,814.420,814.420,813.670,813.700,9
SQ:XPTUSD,2020-06-30T15:44:00+02:00,813.740,814.060,812.180,812.200,36
SQ:XPTUSD,2020-06-30T15:45:00+02:00,812.210,814.290,812.210,812.620,36
SQ:XPTUSD,2020-06-30T15:46:00+02:00,812.610,812.650,811.780,812.130,35
SQ:XPTUSD,2020-06-30T15:47:00+02:00,812.140,812.630,811.630,812.320,24
SQ:XPTUSD,2020-06-30T15:48:00+02:00,812.300,812.300,811.450,811.490,16
SQ:XPTUSD,2020-06-30T15:49:00+02:00,811.490,811.530,811.190,811.430,16
SQ:XPTUSD,2020-06-30T15:50:00+02:00,811.400,811.400,810.140,810.200,21
SQ:XPTUSD,2020-06-30T15:51:00+02:00,810.200,810.500,810.100,810.370,12
SQ:XPTUSD,2020-06-30T15:52:00+02:00,810.300,810.330,809.700,810.200,26
SQ:XPTUSD,2020-06-30T15:53:00+02:00,810.240,811.340,810.240,811.340,15
SQ:XPTUSD,2020-06-30T15:54:00+02:00,811.340,812.980,811.340,812.030,31
SQ:XPTUSD,2020-06-30T15:55:00+02:00,812.030,812.220,811.050,811.250,27
SQ:XPTUSD,2020-06-30T15:56:00+02:00,811.250,812.090,811.250,812.070,14
SQ:XPTUSD,2020-06-30T15:57:00+02:00,812.090,812.170,810.850,811.155,30
SQ:XPTUSD,2020-06-30T15:58:00+02:00,811.105,811.175,809.980,809.980,42
SQ:XPTUSD,2020-06-30T15:59:00+02:00,809.990,811.130,809.990,810.730,20
SQ:XPTUSD,2020-06-30T16:00:00+02:00,810.750,811.370,809.880,810.850,32
SQ:XPTUSD,2020-06-30T16:01:00+02:00,810.760,811.250,809.930,811.250,21
SQ:XPTUSD,2020-06-30T16:02:00+02:00,811.250,811.540,810.220,811.400,29
SQ:XPTUSD,2020-06-30T16:03:00+02:00,811.390,811.390,810.810,810.940,37
SQ:XPTUSD,2020-06-30T16:04:00+02:00,810.890,811.420,810.750,811.000,29
SQ:XPTUSD,2020-06-30T16:05:00+02:00,811.000,814.420,810.780,814.420,51
SQ:XPTUSD,2020-06-30T16:06:00+02:00,814.420,814.770,813.290,813.620,34
SQ:XPTUSD,2020-06-30T16:07:00+02:00,813.740,814.950,813.650,814.020,35
SQ:XPTUSD,2020-06-30T16:08:00+02:00,813.960,814.680,813.770,814.550,42
SQ:XPTUSD,2020-06-30T16:09:00+02:00,814.550,814.650,814.510,814.530,10
SQ:XPTUSD,2020-06-30T16:10:00+02:00,814.670,815.340,814.320,815.020,52
SQ:XPTUSD,2020-06-30T16:11:00+02:00,815.060,817.190,814.570,815.670,62
SQ:XPTUSD,2020-06-30T16:12:00+02:00,815.710,815.940,815.180,815.460,26
SQ:XPTUSD,2020-06-30T16:13:00+02:00,815.440,817.020,815.120,816.750,41
SQ:XPTUSD,2020-06-30T16:14:00+02:00,816.820,817.470,816.750,816.825,48
SQ:XPTUSD,2020-06-30T16:15:00+02:00,816.800,818.180,816.800,818.050,38
SQ:XPTUSD,2020-06-30T16:16:00+02:00,818.050,819.400,818.050,819.130,80
SQ:XPTUSD,2020-06-30T16:17:00+02:00,819.130,819.500,818.095,818.525,62
SQ:XPTUSD,2020-06-30T16:18:00+02:00,818.795,819.060,817.830,817.835,61
SQ:XPTUSD,2020-06-30T16:19:00+02:00,817.830,817.930,816.430,816.540,53
SQ:XPTUSD,2020-06-30T16:20:00+02:00,816.680,819.620,816.680,819.190,46
SQ:XPTUSD,2020-06-30T16:21:00+02:00,819.190,819.230,817.930,818.010,36
SQ:XPTUSD,2020-06-30T16:22:00+02:00,818.010,818.160,817.740,818.160,17
SQ:XPTUSD,2020-06-30T16:23:00+02:00,818.020,818.210,817.760,818.070,19
SQ:XPTUSD,2020-06-30T16:24:00+02:00,818.070,819.790,817.880,819.790,24
SQ:XPTUSD,2020-06-30T16:25:00+02:00,819.790,823.210,819.790,821.550,86
SQ:XPTUSD,2020-06-30T16:26:00+02:00,821.540,822.180,820.520,821.140,81
SQ:XPTUSD,2020-06-30T16:27:00+02:00,821.140,821.340,820.250,820.500,48
SQ:XPTUSD,2020-06-30T16:28:00+02:00,820.530,820.810,819.710,820.150,54
SQ:XPTUSD,2020-06-30T16:29:00+02:00,820.160,821.895,820.160,821.850,57
SQ:XPTUSD,2020-06-30T16:30:00+02:00,821.740,822.015,821.090,821.090,49
SQ:XPTUSD,2020-06-30T16:31:00+02:00,821.280,821.840,821.070,821.270,25
SQ:XPTUSD,2020-06-30T16:32:00+02:00,821.260,821.810,821.050,821.070,21
SQ:XPTUSD,2020-06-30T16:33:00+02:00,821.070,823.340,821.070,823.190,80
SQ:XPTUSD,2020-06-30T16:34:00+02:00,823.180,824.050,822.760,823.220,37
SQ:XPTUSD,2020-06-30T16:35:00+02:00,822.880,825.960,822.250,824.730,100
SQ:XPTUSD,2020-06-30T16:36:00+02:00,824.910,825.970,824.730,825.970,62
SQ:XPTUSD,2020-06-30T16:37:00+02:00,825.970,826.510,823.640,823.980,103
SQ:XPTUSD,2020-06-30T16:38:00+02:00,823.870,825.300,823.870,824.700,52
SQ:XPTUSD,2020-06-30T16:39:00+02:00,824.690,825.170,823.840,824.140,52
SQ:XPTUSD,2020-06-30T16:40:00+02:00,824.540,825.200,824.540,824.690,45
SQ:XPTUSD,2020-06-30T16:41:00+02:00,824.690,824.690,822.310,822.670,43
SQ:XPTUSD,2020-06-30T16:42:00+02:00,822.670,823.230,822.450,823.230,32
SQ:XPTUSD,2020-06-30T16:43:00+02:00,823.300,823.690,821.650,821.920,46
SQ:XPTUSD,2020-06-30T16:44:00+02:00,821.870,825.400,821.865,824.890,30
SQ:XPTUSD,2020-06-30T16:45:00+02:00,825.040,826.130,823.520,824.610,64
SQ:XPTUSD,2020-06-30T16:46:00+02:00,824.970,826.630,824.340,826.180,73
SQ:XPTUSD,2020-06-30T16:47:00+02:00,826.180,827.060,826.180,826.660,51
SQ:XPTUSD,2020-06-30T16:48:00+02:00,826.710,827.160,824.060,824.460,48
SQ:XPTUSD,2020-06-30T16:49:00+02:00,824.330,827.700,824.330,826.315,56
SQ:XPTUSD,2020-06-30T16:50:00+02:00,826.315,828.400,823.720,824.530,77
SQ:XPTUSD,2020-06-30T16:51:00+02:00,824.590,827.090,824.030,826.660,54
SQ:XPTUSD,2020-06-30T16:52:00+02:00,826.660,827.290,825.980,826.390,58
SQ:XPTUSD,2020-06-30T16:53:00+02:00,826.590,828.290,825.840,828.080,54
SQ:XPTUSD,2020-06-30T16:54:00+02:00,828.080,830.035,827.560,829.505,55
SQ:XPTUSD,2020-06-30T16:55:00+02:00,829.595,830.660,829.140,829.470,65
SQ:XPTUSD,2020-06-30T16:56:00+02:00,829.500,830.170,822.320,822.480,78
SQ:XPTUSD,2020-06-30T16:57:00+02:00,822.620,824.450,821.770,823.090,103
SQ:XPTUSD,2020-06-30T16:58:00+02:00,823.090,824.620,823.090,824.440,44
SQ:XPTUSD,2020-06-30T16:59:00+02:00,824.250,826.080,824.000,826.080,47
SQ:XPTUSD,2020-06-30T17:00:00+02:00,826.170,827.320,826.170,826.240,42
SQ:XPTUSD,2020-06-30T17:01:00+02:00,826.240,826.720,825.500,825.500,34
SQ:XPTUSD,2020-06-30T17:02:00+02:00,825.540,826.200,824.805,824.805,32
SQ:XPTUSD,2020-06-30T17:03:00+02:00,824.875,825.350,824.340,824.655,77
SQ:XPTUSD,2020-06-30T17:04:00+02:00,824.750,825.850,824.270,825.110,47
SQ:XPTUSD,2020-06-30T17:05:00+02:00,825.120,826.820,824.710,826.720,30
SQ:XPTUSD,2020-06-30T17:06:00+02:00,826.720,827.380,826.700,826.800,38
SQ:XPTUSD,2020-06-30T17:07:00+02:00,826.715,828.170,826.715,828.020,26
SQ:XPTUSD,2020-06-30T17:08:00+02:00,828.020,828.260,826.930,827.790,41
SQ:XPTUSD,2020-06-30T17:09:00+02:00,827.970,827.990,826.790,826.900,20
SQ:XPTUSD,2020-06-30T17:10:00+02:00,826.900,827.315,826.685,827.315,35
SQ:XPTUSD,2020-06-30T17:11:00+02:00,827.315,828.710,825.980,828.710,63
SQ:XPTUSD,2020-06-30T17:12:00+02:00,828.960,829.275,827.915,828.510,46
SQ:XPTUSD,2020-06-30T17:13:00+02:00,828.110,828.110,825.640,826.370,48
SQ:XPTUSD,2020-06-30T17:14:00+02:00,826.300,826.730,825.560,826.730,55
SQ:XPTUSD,2020-06-30T17:15:00+02:00,826.600,827.700,826.600,827.580,27
SQ:XPTUSD,2020-06-30T17:16:00+02:00,827.580,830.025,827.510,830.025,40
SQ:XPTUSD,2020-06-30T17:17:00+02:00,830.410,831.090,828.570,829.120,73
SQ:XPTUSD,2020-06-30T17:18:00+02:00,828.960,828.960,826.460,828.950,75
SQ:XPTUSD,2020-06-30T17:19:00+02:00,828.950,830.205,828.600,829.605,74
SQ:XPTUSD,2020-06-30T17:20:00+02:00,829.495,830.190,829.495,830.060,66
SQ:XPTUSD,2020-06-30T17:21:00+02:00,830.270,831.680,829.835,829.900,44
SQ:XPTUSD,2020-06-30T17:22:00+02:00,829.900,830.945,826.710,827.495,58
SQ:XPTUSD,2020-06-30T17:23:00+02:00,827.140,828.805,824.920,827.250,84
SQ:XPTUSD,2020-06-30T17:24:00+02:00,827.250,829.330,826.910,828.650,67
SQ:XPTUSD,2020-06-30T17:25:00+02:00,828.650,831.280,828.650,829.730,50
SQ:XPTUSD,2020-06-30T17:26:00+02:00,829.785,829.840,828.660,828.990,33
SQ:XPTUSD,2020-06-30T17:27:00+02:00,828.990,829.100,828.200,828.500,31
SQ:XPTUSD,2020-06-30T17:28:00+02:00,828.500,828.500,825.420,825.640,80
SQ:XPTUSD,2020-06-30T17:29:00+02:00,825.780,826.740,825.570,826.100,56
SQ:XPTUSD,2020-06-30T17:30:00+02:00,826.130,826.920,824.170,824.200,58
SQ:XPTUSD,2020-06-30T17:31:00+02:00,824.200,826.120,823.740,826.120,57
SQ:XPTUSD,2020-06-30T17:32:00+02:00,825.800,825.800,824.650,825.290,35
SQ:XPTUSD,2020-06-30T17:33:00+02:00,825.340,825.340,823.775,824.085,33
SQ:XPTUSD,2020-06-30T17:34:00+02:00,824.085,824.450,824.035,824.130,25
SQ:XPTUSD,2020-06-30T17:35:00+02:00,824.130,824.570,824.130,824.570,19
SQ:XPTUSD,2020-06-30T17:36:00+02:00,824.570,824.570,823.900,824.110,29
SQ:XPTUSD,2020-06-30T17:37:00+02:00,824.110,824.350,823.860,824.040,18
SQ:XPTUSD,2020-06-30T17:38:00+02:00,824.040,824.630,821.470,821.745,33
SQ:XPTUSD,2020-06-30T17:39:00+02:00,821.745,823.410,821.745,822.980,43
SQ:XPTUSD,2020-06-30T17:40:00+02:00,822.980,823.040,822.140,822.140,35
SQ:XPTUSD,2020-06-30T17:41:00+02:00,822.140,823.360,822.140,823.170,39
SQ:XPTUSD,2020-06-30T17:42:00+02:00,823.170,823.200,821.800,822.510,26
SQ:XPTUSD,2020-06-30T17:43:00+02:00,822.520,822.740,822.210,822.210,26
SQ:XPTUSD,2020-06-30T17:44:00+02:00,822.210,822.640,822.210,822.530,14
SQ:XPTUSD,2020-06-30T17:45:00+02:00,822.580,823.240,822.260,822.260,15
SQ:XPTUSD,2020-06-30T17:46:00+02:00,822.260,823.065,821.805,822.905,38
SQ:XPTUSD,2020-06-30T17:47:00+02:00,822.845,823.330,822.700,823.300,20
SQ:XPTUSD,2020-06-30T17:48:00+02:00,823.340,823.700,823.175,823.700,30
SQ:XPTUSD,2020-06-30T17:49:00+02:00,823.700,826.240,823.700,824.960,45
SQ:XPTUSD,2020-06-30T17:50:00+02:00,824.990,826.130,824.720,825.560,64
SQ:XPTUSD,2020-06-30T17:51:00+02:00,825.560,825.790,824.440,824.520,45
SQ:XPTUSD,2020-06-30T17:52:00+02:00,824.520,825.110,824.370,824.920,29
SQ:XPTUSD,2020-06-30T17:53:00+02:00,824.920,825.690,824.900,825.580,25
SQ:XPTUSD,2020-06-30T17:54:00+02:00,825.600,826.000,825.300,825.330,20
SQ:XPTUSD,2020-06-30T17:55:00+02:00,825.040,825.810,824.550,824.550,37
SQ:XPTUSD,2020-06-30T17:56:00+02:00,824.545,824.790,824.295,824.630,18
SQ:XPTUSD,2020-06-30T17:57:00+02:00,824.600,824.740,823.605,823.675,30
SQ:XPTUSD,2020-06-30T17:58:00+02:00,823.675,823.675,821.890,822.100,26
SQ:XPTUSD,2020-06-30T17:59:00+02:00,822.265,823.860,822.265,823.700,28
SQ:XPTUSD,2020-06-30T18:00:00+02:00,823.700,824.500,823.590,824.290,31
SQ:XPTUSD,2020-06-30T18:01:00+02:00,824.400,825.260,824.400,824.870,29
SQ:XPTUSD,2020-06-30T18:02:00+02:00,824.870,825.230,824.870,825.080,31
SQ:XPTUSD,2020-06-30T18:03:00+02:00,825.080,826.140,824.930,825.700,30
SQ:XPTUSD,2020-06-30T18:04:00+02:00,825.690,825.710,824.820,824.950,32
SQ:XPTUSD,2020-06-30T18:05:00+02:00,824.950,825.980,824.440,825.830,36
SQ:XPTUSD,2020-06-30T18:06:00+02:00,825.820,826.120,825.470,825.860,26
SQ:XPTUSD,2020-06-30T18:07:00+02:00,825.860,826.210,825.810,825.810,12
SQ:XPTUSD,2020-06-30T18:08:00+02:00,825.810,825.810,825.390,825.570,21
SQ:XPTUSD,2020-06-30T18:09:00+02:00,825.570,825.580,824.340,824.340,15
SQ:XPTUSD,2020-06-30T18:10:00+02:00,824.340,824.520,823.820,823.870,19
SQ:XPTUSD,2020-06-30T18:11:00+02:00,823.890,824.580,823.890,824.090,26
SQ:XPTUSD,2020-06-30T18:12:00+02:00,824.110,824.230,821.060,821.840,42
SQ:XPTUSD,2020-06-30T18:13:00+02:00,821.840,823.205,820.890,822.835,40
SQ:XPTUSD,2020-06-30T18:14:00+02:00,822.835,824.080,822.225,822.690,28
SQ:XPTUSD,2020-06-30T18:15:00+02:00,822.880,823.130,822.560,822.690,11
SQ:XPTUSD,2020-06-30T18:16:00+02:00,822.690,823.160,822.520,823.160,14
SQ:XPTUSD,2020-06-30T18:17:00+02:00,823.160,823.160,822.510,822.520,22
SQ:XPTUSD,2020-06-30T18:18:00+02:00,822.590,822.630,822.195,822.480,28
SQ:XPTUSD,2020-06-30T18:19:00+02:00,822.520,822.590,822.120,822.180,30
SQ:XPTUSD,2020-06-30T18:20:00+02:00,822.180,823.510,822.110,823.070,26
SQ:XPTUSD,2020-06-30T18:21:00+02:00,823.070,823.070,822.510,822.850,10
SQ:XPTUSD,2020-06-30T18:22:00+02:00,822.840,823.770,822.830,823.510,12
SQ:XPTUSD,2020-06-30T18:23:00+02:00,823.510,823.540,821.960,821.960,7
SQ:XPTUSD,2020-06-30T18:24:00+02:00,821.960,822.600,821.790,822.580,44
SQ:XPTUSD,2020-06-30T18:25:00+02:00,822.940,823.280,822.470,823.050,19
SQ:XPTUSD,2020-06-30T18:26:00+02:00,823.050,823.480,823.030,823.450,6
SQ:XPTUSD,2020-06-30T18:27:00+02:00,823.440,823.440,822.890,823.280,9
SQ:XPTUSD,2020-06-30T18:28:00+02:00,823.280,823.370,822.840,823.270,12
SQ:XPTUSD,2020-06-30T18:29:00+02:00,823.270,823.920,823.270,823.580,12
SQ:XPTUSD,2020-06-30T18:30:00+02:00,823.190,823.260,822.570,823.250,27
SQ:XPTUSD,2020-06-30T18:31:00+02:00,823.200,825.760,823.160,825.730,12
SQ:XPTUSD,2020-06-30T18:32:00+02:00,825.730,826.120,824.670,825.370,21
SQ:XPTUSD,2020-06-30T18:33:00+02:00,825.550,825.770,824.550,825.350,26
SQ:XPTUSD,2020-06-30T18:34:00+02:00,825.400,826.430,825.240,825.580,23
SQ:XPTUSD,2020-06-30T18:35:00+02:00,825.760,827.170,825.760,826.640,34
SQ:XPTUSD,2020-06-30T18:36:00+02:00,826.650,826.980,826.250,826.980,6
SQ:XPTUSD,2020-06-30T18:37:00+02:00,826.980,827.010,826.980,826.990,6
SQ:XPTUSD,2020-06-30T18:38:00+02:00,827.210,827.760,826.520,826.960,34
SQ:XPTUSD,2020-06-30T18:39:00+02:00,826.520,826.520,825.615,825.670,22
SQ:XPTUSD,2020-06-30T18:40:00+02:00,825.670,826.530,825.410,826.480,22
SQ:XPTUSD,2020-06-30T18:41:00+02:00,826.350,826.700,825.630,825.980,45
SQ:XPTUSD,2020-06-30T18:42:00+02:00,826.080,826.080,825.390,825.960,15
SQ:XPTUSD,2020-06-30T18:43:00+02:00,826.160,826.300,825.760,825.760,11
SQ:XPTUSD,2020-06-30T18:44:00+02:00,825.760,825.820,825.580,825.580,11
SQ:XPTUSD,2020-06-30T18:45:00+02:00,825.700,827.230,825.700,826.880,21
SQ:XPTUSD,2020-06-30T18:46:00+02:00,826.850,827.770,826.830,827.710,13
SQ:XPTUSD,2020-06-30T18:47:00+02:00,827.710,827.710,826.550,826.550,13
SQ:XPTUSD,2020-06-30T18:48:00+02:00,826.550,827.720,826.550,827.640,17
SQ:XPTUSD,2020-06-30T18:49:00+02:00,827.640,827.980,827.140,827.200,11
SQ:XPTUSD,2020-06-30T18:50:00+02:00,827.200,827.480,827.150,827.470,6
SQ:XPTUSD,2020-06-30T18:51:00+02:00,827.470,827.700,826.890,827.330,25
SQ:XPTUSD,2020-06-30T18:52:00+02:00,827.330,827.480,826.690,826.950,19
SQ:XPTUSD,2020-06-30T18:53:00+02:00,827.010,828.040,827.010,827.910,13
SQ:XPTUSD,2020-06-30T18:54:00+02:00,827.910,828.510,826.920,826.940,10
SQ:XPTUSD,2020-06-30T18:55:00+02:00,826.910,826.910,826.620,826.630,8
SQ:XPTUSD,2020-06-30T18:56:00+02:00,826.640,827.980,825.040,825.990,23
SQ:XPTUSD,2020-06-30T18:57:00+02:00,825.785,825.970,824.280,824.280,16
SQ:XPTUSD,2020-06-30T18:58:00+02:00,824.290,825.760,824.010,825.520,22
SQ:XPTUSD,2020-06-30T18:59:00+02:00,825.780,826.170,825.330,825.360,17
SQ:XPTUSD,2020-06-30T19:00:00+02:00,824.680,825.900,824.680,825.700,29
SQ:XPTUSD,2020-06-30T19:01:00+02:00,825.640,826.240,825.510,826.080,17
SQ:XPTUSD,2020-06-30T19:02:00+02:00,826.140,827.780,825.720,827.760,38
SQ:XPTUSD,2020-06-30T19:03:00+02:00,828.200,828.500,827.730,828.260,146
SQ:XPTUSD,2020-06-30T19:04:00+02:00,828.260,828.410,826.180,826.910,176
SQ:XPTUSD,2020-06-30T19:05:00+02:00,826.970,827.140,826.650,826.660,31
SQ:XPTUSD,2020-06-30T19:06:00+02:00,826.800,827.520,826.520,827.510,12
SQ:XPTUSD,2020-06-30T19:07:00+02:00,827.490,827.930,826.830,827.560,34
SQ:XPTUSD,2020-06-30T19:08:00+02:00,827.550,827.940,826.880,826.910,12
SQ:XPTUSD,2020-06-30T19:09:00+02:00,827.270,828.110,827.070,827.280,38
SQ:XPTUSD,2020-06-30T19:10:00+02:00,827.360,828.030,827.080,827.970,33
SQ:XPTUSD,2020-06-30T19:11:00+02:00,827.900,828.320,827.700,828.060,30
SQ:XPTUSD,2020-06-30T19:12:00+02:00,828.070,829.690,827.980,829.330,32
SQ:XPTUSD,2020-06-30T19:13:00+02:00,829.210,829.700,829.100,829.330,34
SQ:XPTUSD,2020-06-30T19:14:00+02:00,829.230,829.710,827.740,827.740,27
SQ:XPTUSD,2020-06-30T19:15:00+02:00,827.740,828.370,827.450,828.370,20
SQ:XPTUSD,2020-06-30T19:16:00+02:00,828.370,828.810,827.880,828.560,31
SQ:XPTUSD,2020-06-30T19:17:00+02:00,828.660,828.700,828.210,828.410,33
SQ:XPTUSD,2020-06-30T19:18:00+02:00,828.430,828.500,827.700,827.700,21
SQ:XPTUSD,2020-06-30T19:19:00+02:00,828.390,828.770,828.320,828.670,27
SQ:XPTUSD,2020-06-30T19:20:00+02:00,828.660,828.880,828.140,828.210,26
SQ:XPTUSD,2020-06-30T19:21:00+02:00,828.120,828.710,828.120,828.410,19
SQ:XPTUSD,2020-06-30T19:22:00+02:00,828.440,828.470,828.190,828.450,14
SQ:XPTUSD,2020-06-30T19:23:00+02:00,828.450,829.190,828.420,829.150,27
SQ:XPTUSD,2020-06-30T19:24:00+02:00,829.260,829.260,828.150,828.550,34
SQ:XPTUSD,2020-06-30T19:25:00+02:00,828.550,828.880,828.220,828.580,10
SQ:XPTUSD,2020-06-30T19:26:00+02:00,828.780,828.950,828.080,828.790,21
SQ:XPTUSD,2020-06-30T19:27:00+02:00,828.870,828.900,828.680,828.850,14
SQ:XPTUSD,2020-06-30T19:28:00+02:00,828.850,828.850,828.450,828.650,16
SQ:XPTUSD,2020-06-30T19:29:00+02:00,828.650,828.700,828.330,828.360,18
SQ:XPTUSD,2020-06-30T19:30:00+02:00,828.370,828.680,827.360,828.260,31
SQ:XPTUSD,2020-06-30T19:31:00+02:00,828.260,828.260,825.040,825.270,38
SQ:XPTUSD,2020-06-30T19:32:00+02:00,825.330,826.600,825.330,826.600,9
SQ:XPTUSD,2020-06-30T19:33:00+02:00,827.130,827.430,826.380,827.110,18
SQ:XPTUSD,2020-06-30T19:34:00+02:00,827.110,827.290,827.090,827.140,11
SQ:XPTUSD,2020-06-30T19:35:00+02:00,827.130,827.290,826.480,827.270,15
SQ:XPTUSD,2020-06-30T19:36:00+02:00,827.260,827.420,826.850,827.420,24
SQ:XPTUSD,2020-06-30T19:37:00+02:00,827.420,827.420,826.800,826.870,13
SQ:XPTUSD,2020-06-30T19:38:00+02:00,826.830,827.150,826.750,826.950,15
SQ:XPTUSD,2020-06-30T19:39:00+02:00,826.880,827.300,826.880,826.910,16
SQ:XPTUSD,2020-06-30T19:40:00+02:00,826.880,827.370,826.850,827.170,22
SQ:XPTUSD,2020-06-30T19:41:00+02:00,827.170,827.300,827.090,827.230,8
SQ:XPTUSD,2020-06-30T19:42:00+02:00,827.230,827.270,827.100,827.100,8
SQ:XPTUSD,2020-06-30T19:43:00+02:00,827.110,827.570,827.060,827.310,11
SQ:XPTUSD,2020-06-30T19:44:00+02:00,827.310,827.980,827.140,827.220,21
SQ:XPTUSD,2020-06-30T19:45:00+02:00,828.220,828.300,827.940,827.940,14
SQ:XPTUSD,2020-06-30T19:46:00+02:00,828.210,828.320,827.750,827.990,20
SQ:XPTUSD,2020-06-30T19:47:00+02:00,827.960,828.120,827.850,827.990,9
SQ:XPTUSD,2020-06-30T19:48:00+02:00,827.990,827.990,827.350,827.620,20
SQ:XPTUSD,2020-06-30T19:49:00+02:00,827.620,828.140,826.880,826.880,24
SQ:XPTUSD,2020-06-30T19:50:00+02:00,826.970,826.970,826.780,826.910,13
SQ:XPTUSD,2020-06-30T19:51:00+02:00,826.850,827.180,826.790,827.060,25
SQ:XPTUSD,2020-06-30T19:52:00+02:00,827.130,827.330,826.730,826.730,15
SQ:XPTUSD,2020-06-30T19:53:00+02:00,826.710,826.850,826.710,826.720,9
SQ:XPTUSD,2020-06-30T19:54:00+02:00,826.720,827.010,826.280,826.800,16
SQ:XPTUSD,2020-06-30T19:55:00+02:00,826.930,828.070,826.800,827.320,29
SQ:XPTUSD,2020-06-30T19:56:00+02:00,827.310,827.370,827.130,827.130,29
SQ:XPTUSD,2020-06-30T19:57:00+02:00,827.130,827.130,826.870,826.980,24
SQ:XPTUSD,2020-06-30T19:58:00+02:00,826.970,827.020,826.710,826.980,21
SQ:XPTUSD,2020-06-30T19:59:00+02:00,826.980,826.980,825.830,825.890,15
SQ:XPTUSD,2020-06-30T20:00:00+02:00,825.890,826.470,825.890,826.470,14
SQ:XPTUSD,2020-06-30T20:01:00+02:00,826.610,826.610,826.170,826.170,11
SQ:XPTUSD,2020-06-30T20:02:00+02:00,826.400,826.400,826.020,826.040,12
SQ:XPTUSD,2020-06-30T20:03:00+02:00,826.010,826.560,826.000,826.320,9
SQ:XPTUSD,2020-06-30T20:04:00+02:00,826.560,826.750,826.400,826.520,11
SQ:XPTUSD,2020-06-30T20:05:00+02:00,826.540,826.540,826.200,826.210,5
SQ:XPTUSD,2020-06-30T20:06:00+02:00,826.210,826.230,825.540,826.180,23
SQ:XPTUSD,2020-06-30T20:07:00+02:00,826.210,826.320,825.595,825.595,18
SQ:XPTUSD,2020-06-30T20:08:00+02:00,825.370,826.005,825.370,825.850,12
SQ:XPTUSD,2020-06-30T20:09:00+02:00,825.855,826.040,825.855,826.040,3
SQ:XPTUSD,2020-06-30T20:10:00+02:00,826.040,826.240,826.040,826.210,9
SQ:XPTUSD,2020-06-30T20:11:00+02:00,826.210,826.720,826.200,826.480,13
SQ:XPTUSD,2020-06-30T20:12:00+02:00,826.450,826.450,825.970,826.170,8
SQ:XPTUSD,2020-06-30T20:13:00+02:00,826.170,826.470,825.810,825.810,12
SQ:XPTUSD,2020-06-30T20:14:00+02:00,825.860,826.690,825.530,826.690,11
SQ:XPTUSD,2020-06-30T20:15:00+02:00,826.690,826.740,826.300,826.640,15
SQ:XPTUSD,2020-06-30T20:16:00+02:00,826.640,826.820,826.610,826.740,5
SQ:XPTUSD,2020-06-30T20:17:00+02:00,826.740,826.740,826.420,826.510,11
SQ:XPTUSD,2020-06-30T20:18:00+02:00,826.510,826.690,826.310,826.600,9
SQ:XPTUSD,2020-06-30T20:19:00+02:00,826.590,826.590,826.310,826.350,8
SQ:XPTUSD,2020-06-30T20:20:00+02:00,826.360,826.370,826.330,826.330,6
SQ:XPTUSD,2020-06-30T20:21:00+02:00,826.330,827.760,826.180,827.330,16
SQ:XPTUSD,2020-06-30T20:22:00+02:00,827.330,827.350,827.110,827.200,8
SQ:XPTUSD,2020-06-30T20:23:00+02:00,827.070,827.390,826.980,827.270,12
SQ:XPTUSD,2020-06-30T20:24:00+02:00,827.270,827.270,827.270,827.270,1
SQ:XPTUSD,2020-06-30T20:25:00+02:00,827.270,827.500,827.260,827.420,5
SQ:XPTUSD,2020-06-30T20:26:00+02:00,827.420,827.420,827.420,827.420,1
SQ:XPTUSD,2020-06-30T20:27:00+02:00,827.550,827.730,827.480,827.610,6
SQ:XPTUSD,2020-06-30T20:28:00+02:00,827.610,827.750,827.230,827.350,11
SQ:XPTUSD,2020-06-30T20:29:00+02:00,827.230,827.730,827.230,827.560,9
SQ:XPTUSD,2020-06-30T20:30:00+02:00,827.560,828.370,827.560,828.180,30
SQ:XPTUSD,2020-06-30T20:31:00+02:00,828.180,828.520,828.100,828.510,12
SQ:XPTUSD,2020-06-30T20:32:00+02:00,828.510,828.510,828.500,828.500,2
SQ:XPTUSD,2020-06-30T20:33:00+02:00,828.500,828.840,828.400,828.740,11
SQ:XPTUSD,2020-06-30T20:34:00+02:00,828.600,828.600,827.750,828.330,12
SQ:XPTUSD,2020-06-30T20:35:00+02:00,828.320,828.590,828.300,828.550,6
SQ:XPTUSD,2020-06-30T20:36:00+02:00,828.570,828.980,828.570,828.860,7
SQ:XPTUSD,2020-06-30T20:37:00+02:00,828.910,829.310,828.850,829.140,14
SQ:XPTUSD,2020-06-30T20:38:00+02:00,829.160,829.430,829.160,829.320,12
SQ:XPTUSD,2020-06-30T20:39:00+02:00,829.330,829.750,829.260,829.270,25
SQ:XPTUSD,2020-06-30T20:40:00+02:00,829.270,829.340,829.060,829.280,10
SQ:XPTUSD,2020-06-30T20:41:00+02:00,829.280,829.630,829.280,829.490,15
SQ:XPTUSD,2020-06-30T20:42:00+02:00,829.620,829.620,829.090,829.300,32
SQ:XPTUSD,2020-06-30T20:43:00+02:00,829.300,829.310,829.040,829.040,13
SQ:XPTUSD,2020-06-30T20:44:00+02:00,829.040,829.300,828.870,829.260,25
SQ:XPTUSD,2020-06-30T20:45:00+02:00,829.260,829.260,828.790,828.800,13
SQ:XPTUSD,2020-06-30T20:46:00+02:00,828.800,828.800,827.360,827.830,19
SQ:XPTUSD,2020-06-30T20:47:00+02:00,827.830,827.980,827.590,827.710,14
SQ:XPTUSD,2020-06-30T20:48:00+02:00,827.710,828.150,827.710,828.130,8
SQ:XPTUSD,2020-06-30T20:49:00+02:00,828.120,828.120,827.580,827.690,16
SQ:XPTUSD,2020-06-30T20:50:00+02:00,827.660,827.730,827.240,827.730,4
SQ:XPTUSD,2020-06-30T20:51:00+02:00,827.485,827.490,826.840,826.930,8
SQ:XPTUSD,2020-06-30T20:52:00+02:00,827.170,827.810,826.910,827.810,17
SQ:XPTUSD,2020-06-30T20:53:00+02:00,827.890,828.150,827.320,828.150,12
SQ:XPTUSD,2020-06-30T20:54:00+02:00,828.120,828.160,828.000,828.110,8
SQ:XPTUSD,2020-06-30T20:55:00+02:00,828.080,828.130,828.080,828.130,2
SQ:XPTUSD,2020-06-30T20:56:00+02:00,828.130,828.490,828.080,828.490,8
SQ:XPTUSD,2020-06-30T20:57:00+02:00,828.550,828.960,828.550,828.730,9
SQ:XPTUSD,2020-06-30T20:58:00+02:00,828.800,828.860,828.610,828.610,9
SQ:XPTUSD,2020-06-30T20:59:00+02:00,828.610,828.610,828.450,828.570,5
SQ:XPTUSD,2020-06-30T21:00:00+02:00,828.570,828.680,828.450,828.680,7
SQ:XPTUSD,2020-06-30T21:01:00+02:00,828.680,828.680,827.460,827.550,7
SQ:XPTUSD,2020-06-30T21:02:00+02:00,827.530,827.530,826.950,826.960,8
SQ:XPTUSD,2020-06-30T21:03:00+02:00,826.960,827.070,826.870,827.060,10
SQ:XPTUSD,2020-06-30T21:04:00+02:00,827.060,827.060,826.810,826.930,14
SQ:XPTUSD,2020-06-30T21:05:00+02:00,826.920,827.250,826.870,827.100,11
SQ:XPTUSD,2020-06-30T21:06:00+02:00,826.940,826.990,826.780,826.820,7
SQ:XPTUSD,2020-06-30T21:07:00+02:00,826.890,827.260,826.830,826.830,12
SQ:XPTUSD,2020-06-30T21:08:00+02:00,826.770,827.170,826.770,827.160,12
SQ:XPTUSD,2020-06-30T21:09:00+02:00,827.150,827.150,827.110,827.110,5
SQ:XPTUSD,2020-06-30T21:10:00+02:00,827.110,827.250,827.090,827.250,6
SQ:XPTUSD,2020-06-30T21:11:00+02:00,827.270,827.840,827.270,827.840,10
SQ:XPTUSD,2020-06-30T21:12:00+02:00,827.840,827.840,827.810,827.810,2
SQ:XPTUSD,2020-06-30T21:13:00+02:00,827.810,828.220,827.650,827.720,16
SQ:XPTUSD,2020-06-30T21:14:00+02:00,827.770,827.990,827.760,827.970,9
SQ:XPTUSD,2020-06-30T21:15:00+02:00,827.970,827.970,827.130,827.170,11
SQ:XPTUSD,2020-06-30T21:16:00+02:00,827.300,827.620,827.290,827.480,9
SQ:XPTUSD,2020-06-30T21:17:00+02:00,827.300,827.320,826.370,826.430,12
SQ:XPTUSD,2020-06-30T21:18:00+02:00,826.490,826.520,826.440,826.520,8
SQ:XPTUSD,2020-06-30T21:19:00+02:00,826.520,826.540,826.350,826.540,5
SQ:XPTUSD,2020-06-30T21:20:00+02:00,826.550,826.570,826.470,826.470,4
SQ:XPTUSD,2020-06-30T21:21:00+02:00,826.490,826.490,826.110,826.380,14
SQ:XPTUSD,2020-06-30T21:22:00+02:00,826.330,826.610,826.330,826.590,9
SQ:XPTUSD,2020-06-30T21:23:00+02:00,826.590,826.590,826.400,826.590,14
SQ:XPTUSD,2020-06-30T21:24:00+02:00,826.600,826.600,826.550,826.580,5
SQ:XPTUSD,2020-06-30T21:25:00+02:00,826.590,827.410,826.570,826.580,13
SQ:XPTUSD,2020-06-30T21:26:00+02:00,826.580,827.090,826.580,827.080,4
SQ:XPTUSD,2020-06-30T21:27:00+02:00,827.080,827.080,826.760,826.760,2
SQ:XPTUSD,2020-06-30T21:28:00+02:00,826.760,827.010,826.460,826.750,8
SQ:XPTUSD,2020-06-30T21:29:00+02:00,826.740,826.750,826.220,826.230,10
SQ:XPTUSD,2020-06-30T21:30:00+02:00,826.240,827.040,826.010,826.650,11
SQ:XPTUSD,2020-06-30T21:31:00+02:00,826.640,826.640,826.610,826.620,4
SQ:XPTUSD,2020-06-30T21:32:00+02:00,826.630,826.660,826.580,826.660,6
SQ:XPTUSD,2020-06-30T21:33:00+02:00,826.660,827.120,826.660,826.880,9
SQ:XPTUSD,2020-06-30T21:34:00+02:00,826.880,827.370,826.870,827.150,14
SQ:XPTUSD,2020-06-30T21:35:00+02:00,827.150,827.230,827.130,827.230,4
SQ:XPTUSD,2020-06-30T21:36:00+02:00,827.230,827.580,827.220,827.230,8
SQ:XPTUSD,2020-06-30T21:37:00+02:00,827.290,827.290,827.280,827.290,3
SQ:XPTUSD,2020-06-30T21:38:00+02:00,827.290,827.690,827.290,827.650,9
SQ:XPTUSD,2020-06-30T21:39:00+02:00,827.640,827.640,827.630,827.630,4
SQ:XPTUSD,2020-06-30T21:40:00+02:00,827.630,827.750,827.630,827.740,6
SQ:XPTUSD,2020-06-30T21:41:00+02:00,827.740,828.260,827.740,828.250,6
SQ:XPTUSD,2020-06-30T21:42:00+02:00,828.250,828.250,827.830,827.860,9
SQ:XPTUSD,2020-06-30T21:43:00+02:00,827.860,828.390,827.860,828.180,7
SQ:XPTUSD,2020-06-30T21:44:00+02:00,828.180,828.180,828.170,828.170,2
SQ:XPTUSD,2020-06-30T21:45:00+02:00,828.110,828.110,827.820,828.060,10
SQ:XPTUSD,2020-06-30T21:46:00+02:00,828.060,828.200,828.060,828.190,5
SQ:XPTUSD,2020-06-30T21:47:00+02:00,828.190,828.190,828.160,828.160,4
SQ:XPTUSD,2020-06-30T21:48:00+02:00,828.150,828.150,827.410,827.410,10
SQ:XPTUSD,2020-06-30T21:49:00+02:00,827.410,827.710,827.410,827.520,10
SQ:XPTUSD,2020-06-30T21:50:00+02:00,827.520,828.370,827.520,828.270,27
SQ:XPTUSD,2020-06-30T21:51:00+02:00,828.160,828.420,827.970,828.420,11
SQ:XPTUSD,2020-06-30T21:52:00+02:00,828.420,828.420,827.960,828.040,10
SQ:XPTUSD,2020-06-30T21:53:00+02:00,828.040,828.460,828.010,828.430,12
SQ:XPTUSD,2020-06-30T21:54:00+02:00,828.430,828.430,828.200,828.200,3
SQ:XPTUSD,2020-06-30T21:55:00+02:00,828.310,828.450,828.020,828.020,14
SQ:XPTUSD,2020-06-30T21:56:00+02:00,828.015,828.410,827.995,828.210,11
SQ:XPTUSD,2020-06-30T21:57:00+02:00,828.210,828.210,827.970,827.990,8
SQ:XPTUSD,2020-06-30T21:58:00+02:00,827.990,827.990,827.620,827.650,13
SQ:XPTUSD,2020-06-30T21:59:00+02:00,827.650,828.350,827.640,828.020,17
SQ:XPTUSD,2020-06-30T22:00:00+02:00,827.850,828.650,827.850,828.420,32
SQ:XPTUSD,2020-06-30T22:01:00+02:00,828.420,828.420,827.600,828.070,19
SQ:XPTUSD,2020-06-30T22:02:00+02:00,828.110,828.170,827.780,827.800,9
SQ:XPTUSD,2020-06-30T22:03:00+02:00,828.150,828.160,828.140,828.140,4
SQ:XPTUSD,2020-06-30T22:04:00+02:00,828.130,828.130,827.730,827.790,10
SQ:XPTUSD,2020-06-30T22:05:00+02:00,827.790,827.810,827.750,827.750,3
SQ:XPTUSD,2020-06-30T22:06:00+02:00,827.740,827.790,827.710,827.790,5
SQ:XPTUSD,2020-06-30T22:07:00+02:00,827.790,827.850,827.690,827.850,9
SQ:XPTUSD,2020-06-30T22:08:00+02:00,827.860,827.870,827.550,827.620,10
SQ:XPTUSD,2020-06-30T22:10:00+02:00,827.120,827.250,827.120,827.250,5
SQ:XPTUSD,2020-06-30T22:11:00+02:00,827.250,827.480,826.760,827.480,16
SQ:XPTUSD,2020-06-30T22:12:00+02:00,827.480,827.480,827.060,827.060,13
SQ:XPTUSD,2020-06-30T22:13:00+02:00,827.060,827.060,827.030,827.030,2
SQ:XPTUSD,2020-06-30T22:14:00+02:00,827.050,827.270,826.950,827.180,10
SQ:XPTUSD,2020-06-30T22:15:00+02:00,826.920,827.040,826.920,827.040,4
SQ:XPTUSD,2020-06-30T22:16:00+02:00,827.030,827.030,827.000,827.000,4
SQ:XPTUSD,2020-06-30T22:17:00+02:00,826.990,827.120,826.980,827.030,5
SQ:XPTUSD,2020-06-30T22:18:00+02:00,827.030,827.030,827.000,827.000,4
SQ:XPTUSD,2020-06-30T22:19:00+02:00,826.990,826.990,826.870,826.930,6
SQ:XPTUSD,2020-06-30T22:21:00+02:00,826.620,827.160,826.620,827.100,12
SQ:XPTUSD,2020-06-30T22:22:00+02:00,827.100,827.100,827.030,827.070,3
SQ:XPTUSD,2020-06-30T22:23:00+02:00,827.080,827.080,826.840,826.880,7
SQ:XPTUSD,2020-06-30T22:24:00+02:00,826.900,826.920,826.800,826.850,9
SQ:XPTUSD,2020-06-30T22:25:00+02:00,826.850,827.130,826.850,827.020,7
SQ:XPTUSD,2020-06-30T22:26:00+02:00,827.020,827.020,826.650,826.650,4
SQ:XPTUSD,2020-06-30T22:27:00+02:00,826.770,826.990,826.770,826.870,5
SQ:XPTUSD,2020-06-30T22:28:00+02:00,826.870,826.880,826.660,826.700,6
SQ:XPTUSD,2020-06-30T22:29:00+02:00,826.700,826.710,826.550,826.700,4
SQ:XPTUSD,2020-06-30T22:30:00+02:00,826.720,827.210,826.720,827.210,9
SQ:XPTUSD,2020-06-30T22:31:00+02:00,827.210,827.300,827.210,827.280,5
SQ:XPTUSD,2020-06-30T22:32:00+02:00,827.270,827.270,826.950,827.050,11
SQ:XPTUSD,2020-06-30T22:33:00+02:00,827.050,827.050,827.040,827.040,2
SQ:XPTUSD,2020-06-30T22:34:00+02:00,827.040,827.040,826.830,826.910,7
SQ:XPTUSD,2020-06-30T22:35:00+02:00,826.910,826.910,826.880,826.880,4
SQ:XPTUSD,2020-06-30T22:36:00+02:00,826.940,826.940,826.840,826.840,4
SQ:XPTUSD,2020-06-30T22:37:00+02:00,826.840,828.400,826.840,828.400,5
SQ:XPTUSD,2020-06-30T22:38:00+02:00,828.400,828.400,827.390,827.430,6
SQ:XPTUSD,2020-06-30T22:39:00+02:00,827.420,827.420,827.370,827.380,4
SQ:XPTUSD,2020-06-30T22:40:00+02:00,827.380,827.380,827.380,827.380,1
SQ:XPTUSD,2020-06-30T22:41:00+02:00,827.380,827.380,827.380,827.380,1
SQ:XPTUSD,2020-06-30T22:42:00+02:00,827.380,827.690,827.380,827.680,8
SQ:XPTUSD,2020-06-30T22:43:00+02:00,827.680,827.680,825.770,826.800,11
SQ:XPTUSD,2020-06-30T22:44:00+02:00,826.790,826.790,826.540,826.550,5
SQ:XPTUSD,2020-06-30T22:45:00+02:00,826.550,826.590,826.550,826.590,5
SQ:XPTUSD,2020-06-30T22:46:00+02:00,825.480,827.890,825.190,827.410,16
SQ:XPTUSD,2020-06-30T22:47:00+02:00,827.410,828.000,827.400,828.000,4
SQ:XPTUSD,2020-06-30T22:48:00+02:00,828.000,828.000,828.000,828.000,1
SQ:XPTUSD,2020-06-30T22:49:00+02:00,828.000,829.180,827.190,828.600,56
SQ:XPTUSD,2020-06-30T22:50:00+02:00,828.600,828.600,827.810,828.150,15
SQ:XPTUSD,2020-06-30T22:51:00+02:00,828.150,828.150,828.070,828.150,5
SQ:XPTUSD,2020-06-30T22:52:00+02:00,828.150,828.220,828.150,828.220,3
SQ:XPTUSD,2020-06-30T22:53:00+02:00,828.220,828.220,828.170,828.200,3
SQ:XPTUSD,2020-06-30T22:54:00+02:00,828.200,828.220,827.110,827.385,9
